~o
<STREAMINFO> 1 39
<VECSIZE> 39<NULLD><MFCC_E_D_A><DIAGC>
~h "aa"
<BEGINHMM>
<NUMSTATES> 5
<STATE> 2
<NUMMIXES> 16
<MIXTURE> 1 7.003281e-02
<MEAN> 39
 1.348787e+00 -1.669032e+01 -1.350398e+01 -2.058851e+01 -7.533458e+00 5.864977e+00 -6.399551e+00 2.614119e+00 -7.417545e+00 2.730441e+00 2.762417e-01 -4.882550e+00 9.267563e-01 1.215710e-01 -7.679733e-01 -5.355462e-01 5.178978e-02 5.010111e-01 6.542000e-01 2.277947e-02 4.869014e-01 -5.967304e-02 -2.818938e-01 2.084764e-01 -1.408846e-01 1.983122e-02 -3.202903e-01 5.441468e-01 3.494826e-02 6.154827e-01 2.753111e-01 -5.764706e-01 1.924551e-02 -2.202550e-01 3.709972e-01 -2.859063e-01 -1.467310e-01 1.415875e-01 -1.606653e-02
<VARIANCE> 39
 7.338000e+00 2.230558e+01 2.365769e+01 4.765856e+01 3.843018e+01 5.210763e+01 5.407113e+01 3.437535e+01 3.266962e+01 2.766996e+01 4.396339e+01 3.785025e+01 2.967823e-03 3.929844e-01 8.283119e-01 9.964231e-01 1.804467e+00 1.975135e+00 2.147364e+00 2.382859e+00 1.875129e+00 1.827354e+00 1.499212e+00 1.364405e+00 1.286715e+00 1.935258e-04 1.284036e-01 1.558752e-01 1.766032e-01 2.770584e-01 2.843025e-01 3.055092e-01 3.262635e-01 2.494480e-01 2.421061e-01 2.275250e-01 2.381749e-01 2.832426e-01 7.715878e-05
<GCONST> 7.581779e+01
<MIXTURE> 2 4.893810e-02
<MEAN> 39
 1.499525e+00 -1.000666e+01 -1.785090e+01 -1.515850e+01 -6.517020e+00 -3.518455e-02 3.383028e-01 -2.302923e+00 -3.788979e+00 -3.037379e+00 3.305418e+00 -2.759645e+00 7.992131e-01 2.769173e+00 -1.635676e+00 -1.858624e+00 -1.767076e+00 -9.224946e-01 -1.906547e-01 4.718532e-02 -8.502554e-02 2.826580e-01 -7.181674e-01 7.795513e-01 7.997807e-02 1.063821e-01 -1.224479e+00 -1.918340e-01 5.059596e-01 4.599951e-01 4.843993e-01 4.558844e-02 -4.135344e-01 1.886975e-01 4.445851e-01 2.038439e-01 -3.722471e-01 6.824932e-03 -2.866086e-02
<VARIANCE> 39
 1.079723e+01 2.051813e+01 2.180885e+01 4.692425e+01 4.368027e+01 5.050073e+01 4.880428e+01 6.955302e+01 4.545927e+01 2.997359e+01 3.100339e+01 3.070515e+01 1.118623e-02 2.524837e+00 1.905496e+00 2.061832e+00 3.078544e+00 3.120427e+00 3.590792e+00 5.415133e+00 5.211722e+00 4.212913e+00 3.285065e+00 3.326266e+00 2.901093e+00 2.285521e-03 3.455350e-01 2.978967e-01 3.401368e-01 5.052984e-01 4.458681e-01 4.146471e-01 4.630704e-01 5.098786e-01 4.674014e-01 3.890276e-01 3.564224e-01 3.314783e-01 3.149747e-04
<GCONST> 9.833904e+01
<MIXTURE> 3 6.168138e-02
<MEAN> 39
 -1.717140e+00 -1.566291e+01 -1.143815e+01 -1.245851e+01 -9.252700e+00 -1.818106e+00 -1.129231e+01 3.688710e+00 3.562134e+00 -1.849418e+00 -1.735049e+00 -9.965868e+00 8.704092e-01 4.309654e-01 -9.215149e-01 -1.932842e+00 -9.109684e-01 1.014420e+00 2.133670e+00 1.337005e+00 -5.847208e-01 3.960901e-01 -5.614066e-01 1.808722e-02 -6.406096e-01 3.039068e-02 -4.045404e-01 5.517673e-01 3.852316e-01 3.408251e-01 2.888759e-01 -2.453327e-01 6.727780e-01 -7.840010e-01 -6.516419e-01 2.423973e-02 -7.611805e-02 5.816643e-01 -1.665917e-02
<VARIANCE> 39
 7.887420e+00 2.123089e+01 2.590051e+01 2.686627e+01 3.652244e+01 6.974775e+01 3.977856e+01 4.980938e+01 3.672156e+01 4.505535e+01 4.162170e+01 2.722774e+01 6.301720e-03 4.398829e-01 7.282871e-01 1.504780e+00 1.851083e+00 2.363634e+00 2.796818e+00 3.030607e+00 2.988354e+00 2.950706e+00 2.249352e+00 2.584143e+00 2.592732e+00 2.256541e-04 1.707634e-01 1.357528e-01 2.421109e-01 2.712090e-01 4.789721e-01 5.470397e-01 3.812470e-01 6.324837e-01 4.025130e-01 5.159027e-01 3.590262e-01 3.642021e-01 5.469071e-05
<GCONST> 8.486169e+01
<MIXTURE> 4 6.184852e-02
<MEAN> 39
 -2.330669e+00 -1.641353e+01 -1.660983e+01 -1.769728e+01 -1.946985e+00 -4.044216e+00 -5.730885e+00 -2.009262e+00 -6.190801e+00 -8.510860e-01 -9.980317e+00 -3.734576e+00 8.464261e-01 9.141403e-01 -2.298384e+00 -6.873875e-01 -1.035415e+00 9.386263e-01 1.102713e+00 -2.425631e-01 9.072536e-01 -3.640067e-01 8.417181e-01 -1.618078e-01 3.797951e-02 5.696963e-02 -9.637684e-01 5.377588e-01 5.947434e-01 8.700113e-01 1.968890e-01 2.911582e-01 1.944484e-01 1.558361e-01 2.953524e-01 -9.204825e-02 6.125993e-01 1.589092e-01 -3.014955e-02
<VARIANCE> 39
 1.298418e+01 2.517359e+01 2.634584e+01 4.126525e+01 3.901537e+01 5.655994e+01 5.424765e+01 4.406835e+01 5.071716e+01 6.577925e+01 4.153756e+01 3.652107e+01 6.965754e-03 1.045316e+00 1.907726e+00 1.962662e+00 2.896707e+00 3.322067e+00 3.477059e+00 2.785791e+00 3.174823e+00 2.794436e+00 2.808539e+00 2.573309e+00 1.946388e+00 7.969592e-04 3.171208e-01 3.782939e-01 3.816294e-01 5.737892e-01 4.156457e-01 6.202869e-01 6.149514e-01 5.570450e-01 5.989671e-01 6.484300e-01 4.674895e-01 4.864526e-01 2.759886e-04
<GCONST> 9.731027e+01
<MIXTURE> 5 5.361503e-02
<MEAN> 39
 -1.237377e+00 -1.589628e+01 -1.379055e+01 -1.006532e+01 -9.769980e+00 -3.669908e+00 -5.489402e+00 1.669443e+00 4.425851e+00 -1.978436e+00 -3.027621e+00 -9.233299e+00 8.796251e-01 4.278993e-01 -4.319599e-01 -1.839967e+00 -8.481153e-01 1.692699e+00 2.193957e+00 1.408639e+00 -1.944377e+00 -1.989980e-01 3.972608e-02 9.326761e-03 -8.885659e-01 1.396839e-02 -1.351351e-01 2.554173e-01 6.980413e-01 -1.584941e-01 -2.013328e-01 -2.290758e-01 -6.792474e-02 -2.313228e-01 -5.436722e-01 1.551785e-02 3.481397e-01 5.272617e-01 -5.475066e-03
<VARIANCE> 39
 7.198260e+00 2.789823e+01 2.966393e+01 2.678518e+01 3.451743e+01 6.534318e+01 4.012468e+01 5.386868e+01 4.651181e+01 3.421464e+01 4.192848e+01 2.170364e+01 8.671840e-03 3.686846e-01 8.693279e-01 1.185528e+00 1.564891e+00 2.247884e+00 2.156541e+00 3.210332e+00 3.165209e+00 2.703380e+00 2.417102e+00 2.770864e+00 2.278440e+00 1.300455e-04 5.625590e-02 1.050750e-01 1.291333e-01 1.610752e-01 2.448987e-01 3.506688e-01 3.118141e-01 5.526717e-01 3.242577e-01 2.627377e-01 4.063384e-01 2.263038e-01 2.310317e-05
<GCONST> 7.790283e+01
<MIXTURE> 6 7.695349e-02
<MEAN> 39
 -1.395566e+00 -1.328811e+01 -1.776778e+01 -1.653330e+01 -3.901314e+00 -1.216103e+00 2.934161e+00 -1.126681e+01 3.616830e+00 -3.622491e+00 -1.629466e+00 -5.518298e+00 8.878998e-01 1.213633e-01 -9.327746e-01 -6.956193e-01 -5.810622e-01 5.877018e-01 4.608803e-01 8.803146e-01 -7.485718e-01 7.061409e-01 -6.715251e-02 -1.892027e-01 3.203328e-02 3.117387e-02 -5.102424e-01 3.630274e-01 5.389017e-01 4.840544e-01 1.383805e-01 3.275911e-02 -4.634776e-01 5.968865e-01 -4.092739e-01 1.054923e-01 -6.762230e-02 1.413119e-01 -2.231871e-02
<VARIANCE> 39
 1.019523e+01 2.041441e+01 1.922784e+01 4.905837e+01 4.900639e+01 6.183488e+01 5.891352e+01 3.552997e+01 4.355973e+01 3.868395e+01 4.030463e+01 3.255591e+01 6.114421e-03 5.174022e-01 8.421621e-01 1.121493e+00 1.599278e+00 1.705239e+00 1.653557e+00 2.276370e+00 1.872456e+00 1.780177e+00 1.706165e+00 1.402185e+00 1.599116e+00 3.161532e-04 1.795831e-01 1.745364e-01 1.784036e-01 3.117956e-01 3.485893e-01 3.261836e-01 4.087425e-01 3.547848e-01 3.654527e-01 3.258753e-01 2.725368e-01 3.036101e-01 1.092574e-04
<GCONST> 8.094003e+01
<MIXTURE> 7 4.099836e-02
<MEAN> 39
 -1.694183e+00 -1.240397e+01 -1.027628e+01 -1.193249e+01 -1.232866e+01 -3.736183e+00 -1.040496e+01 -3.524884e+00 5.557587e+00 1.322701e+00 3.828075e-01 -8.110995e+00 8.236707e-01 2.764797e+00 -2.573047e+00 -1.940341e+00 -1.494527e+00 -1.330507e+00 2.077530e+00 2.966506e-02 -7.026593e-01 1.557078e+00 -1.753619e-02 7.954713e-01 -1.658421e+00 7.750695e-02 -1.212362e+00 1.883471e-01 5.817458e-02 6.806707e-02 9.686125e-01 3.263457e-01 9.853007e-01 2.608234e-01 -6.496075e-01 -3.239959e-01 -2.042606e-01 5.283709e-01 -2.266500e-02
<VARIANCE> 39
 9.822248e+00 2.802174e+01 2.671045e+01 3.747197e+01 2.612023e+01 6.583868e+01 3.974551e+01 4.040462e+01 2.879869e+01 3.807872e+01 3.780276e+01 3.453255e+01 7.644281e-03 2.851076e+00 2.488096e+00 2.284232e+00 3.199611e+00 3.681774e+00 4.457563e+00 5.031094e+00 3.755687e+00 3.302185e+00 3.482887e+00 3.905173e+00 3.411452e+00 1.144769e-03 4.051226e-01 4.231270e-01 4.169700e-01 5.069138e-01 4.011448e-01 7.999441e-01 6.365840e-01 6.636400e-01 5.077273e-01 6.004447e-01 5.661901e-01 6.205987e-01 2.176639e-04
<GCONST> 1.002974e+02
<MIXTURE> 8 7.178107e-02
<MEAN> 39
 -7.389608e+00 -1.075272e+01 -1.393470e+01 -1.050492e+01 -9.053251e-01 1.545266e-01 -1.671978e+00 -1.557265e+00 -1.939357e-01 -2.016189e+00 -4.678773e+00 -4.561924e+00 5.373958e-01 2.567951e+00 -1.367195e+00 -1.351436e+00 -1.395125e+00 2.781101e-01 8.953983e-01 -2.408628e-01 -1.224636e+00 -4.219078e-01 -3.377851e-01 1.654849e-01 -7.521603e-01 9.380279e-02 3.298919e-02 -1.535741e-01 1.890975e-01 -2.147020e-01 -3.626148e-01 -2.009002e-01 -2.564056e-01 2.801325e-02 -6.160515e-02 1.240531e-01 2.629805e-01 1.204617e-01 1.009582e-02
<VARIANCE> 39
 1.964022e+01 2.553387e+01 2.737493e+01 3.055384e+01 3.208739e+01 5.377073e+01 5.520005e+01 5.037220e+01 3.174393e+01 3.361385e+01 3.803002e+01 2.737963e+01 3.220286e-02 3.313919e+00 3.298720e+00 2.732807e+00 4.027960e+00 3.394929e+00 5.286358e+00 5.493204e+00 5.081559e+00 3.544222e+00 4.054868e+00 3.222805e+00 3.334027e+00 5.197623e-03 3.709170e-01 5.637662e-01 4.201926e-01 5.638676e-01 4.556585e-01 5.384619e-01 7.363453e-01 7.311660e-01 5.378111e-01 5.183950e-01 5.178121e-01 4.466335e-01 4.454876e-04
<GCONST> 1.057927e+02
<MIXTURE> 9 6.868044e-02
<MEAN> 39
 -2.858002e+00 -2.006938e+01 -1.000399e+01 -1.951757e+01 -2.120745e+00 -3.787190e-01 -9.621264e+00 3.849485e+00 -4.396470e+00 1.972493e+00 -1.030827e+01 -4.645998e+00 8.880475e-01 1.360365e-01 -1.253173e+00 -2.976207e-01 -4.846044e-01 1.252127e+00 1.830906e+00 7.630043e-02 2.491013e-01 -3.117865e-01 -1.366955e-03 9.710307e-02 -6.186634e-02 2.525043e-02 -3.821414e-01 8.803469e-01 -3.406545e-02 7.694871e-01 -1.231482e-01 -3.197883e-01 2.878727e-01 -5.869066e-01 4.903752e-02 -3.854852e-01 5.028394e-01 1.363498e-01 -1.882970e-02
<VARIANCE> 39
 6.439534e+00 2.310732e+01 2.870382e+01 3.020820e+01 4.128996e+01 6.995701e+01 4.770718e+01 4.467344e+01 4.160140e+01 5.104571e+01 3.236589e+01 2.837430e+01 6.551111e-03 7.010005e-01 1.125812e+00 1.538692e+00 1.969006e+00 2.019257e+00 2.741579e+00 2.544911e+00 3.225257e+00 1.864696e+00 2.206583e+00 2.550535e+00 1.789276e+00 2.606091e-04 1.869447e-01 1.806659e-01 2.078678e-01 2.874459e-01 4.143677e-01 5.170058e-01 4.302599e-01 5.079870e-01 4.021929e-01 4.505323e-01 3.764933e-01 3.229323e-01 7.301883e-05
<GCONST> 8.529441e+01
<MIXTURE> 10 5.554576e-02
<MEAN> 39
 -6.330047e+00 -1.792414e+01 -1.078766e+01 -1.588260e+01 -5.348160e+00 -7.171905e+00 -1.467388e+00 2.287732e+00 -6.682115e+00 -7.824666e+00 -9.477048e+00 3.717162e-01 8.791962e-01 3.422585e-01 -1.181901e+00 -1.516242e+00 9.521052e-01 2.637934e+00 1.538414e+00 -8.069881e-01 -6.301036e-01 3.863640e-01 -5.010362e-01 1.043490e-02 2.110173e-01 1.475561e-02 -1.370708e-02 4.776205e-01 3.638887e-01 2.433790e-02 -2.127071e-01 -1.369927e-01 -4.068668e-01 -6.879963e-01 9.344569e-02 6.088468e-01 1.550315e-01 -2.041579e-01 -8.208569e-03
<VARIANCE> 39
 7.517613e+00 2.153283e+01 2.937861e+01 3.273717e+01 5.622222e+01 3.684089e+01 6.361711e+01 3.823452e+01 3.548548e+01 3.519069e+01 2.799554e+01 2.193646e+01 7.121663e-03 4.210618e-01 1.017394e+00 1.815562e+00 1.687650e+00 2.468172e+00 2.130061e+00 3.595658e+00 2.902238e+00 2.359897e+00 3.616292e+00 2.400665e+00 1.899453e+00 2.178376e-04 6.848366e-02 1.260091e-01 1.858914e-01 2.814538e-01 4.294308e-01 4.290902e-01 5.930457e-01 4.940037e-01 3.750823e-01 3.618724e-01 3.942250e-01 2.692704e-01 4.758342e-05
<GCONST> 8.236231e+01
<MIXTURE> 11 1.351833e-01
<MEAN> 39
 -4.866492e-01 -1.267943e+01 -1.643997e+01 -1.873541e+01 -5.334329e+00 4.964970e+00 -2.991929e+00 -4.292653e+00 -3.357765e+00 4.125496e-01 -1.350992e+00 -6.426702e+00 8.279070e-01 -5.049789e-03 -7.451495e-01 -5.819383e-02 2.635963e-02 4.778077e-01 5.810140e-01 2.356334e-01 -4.060464e-01 1.377507e-01 -2.414707e-02 -1.687073e-01 -1.511934e-01 1.485834e-02 -2.889239e-02 1.261865e-01 1.570208e-01 2.481821e-01 -1.245131e-01 -3.971668e-01 -2.148452e-01 2.178862e-01 9.307006e-02 -2.081079e-01 5.858200e-03 1.112163e-01 -4.476613e-03
<VARIANCE> 39
 7.827056e+00 2.827090e+01 2.884447e+01 5.653814e+01 3.879418e+01 5.645868e+01 5.203799e+01 3.892321e+01 3.835040e+01 4.877679e+01 4.626789e+01 3.239848e+01 1.355229e-02 4.798812e-01 1.248783e+00 9.118357e-01 2.660949e+00 1.569839e+00 1.909205e+00 2.007993e+00 2.015125e+00 2.330180e+00 1.971989e+00 1.777792e+00 1.892999e+00 4.144814e-04 6.741112e-02 1.530763e-01 1.818101e-01 1.981435e-01 2.336986e-01 2.267046e-01 2.962885e-01 3.138330e-01 2.672446e-01 2.942479e-01 2.623335e-01 2.597760e-01 6.456343e-05
<GCONST> 8.005670e+01
<MIXTURE> 12 6.195248e-02
<MEAN> 39
 1.143460e+00 -1.589643e+01 -1.415667e+01 -1.762770e+01 -1.152171e+01 8.816193e+00 -5.759325e+00 -3.686669e+00 1.157312e+00 -3.227844e+00 4.393327e+00 -8.358389e+00 9.026548e-01 2.487330e-01 -1.588791e+00 -3.908593e-01 -7.759629e-01 -1.684059e-01 1.310935e+00 -1.660912e-01 -8.535103e-02 6.938173e-01 -6.743899e-01 3.976053e-01 -7.560325e-01 3.770764e-02 -8.550484e-01 6.396720e-01 3.042769e-01 6.905574e-01 8.478509e-01 -7.412260e-01 2.525542e-01 1.416123e-01 -1.648224e-01 1.464039e-01 -5.746522e-01 4.701869e-01 -2.883862e-02
<VARIANCE> 39
 7.871967e+00 2.730585e+01 2.103932e+01 4.207768e+01 3.053082e+01 3.774419e+01 3.665567e+01 3.726829e+01 4.843438e+01 4.076903e+01 4.511692e+01 3.824565e+01 4.593513e-03 6.243680e-01 1.175836e+00 1.195940e+00 1.704629e+00 2.136867e+00 2.227093e+00 2.381937e+00 1.963501e+00 1.610483e+00 1.875043e+00 2.393394e+00 1.967353e+00 3.918367e-04 2.645747e-01 2.046563e-01 1.995557e-01 3.759790e-01 2.930285e-01 3.401144e-01 2.945571e-01 3.260184e-01 4.753539e-01 4.341249e-01 3.687508e-01 3.581873e-01 1.292833e-04
<GCONST> 8.336600e+01
<MIXTURE> 13 5.540406e-02
<MEAN> 39
 -1.199030e+00 -1.227131e+01 -1.407461e+01 -1.428297e+01 -3.748387e+00 3.462728e+00 -3.713655e+00 -2.860083e+00 -1.744466e+00 9.273452e-02 -1.966083e+00 -7.505511e+00 7.661802e-01 2.450262e+00 -1.786210e+00 -9.046544e-01 -2.142192e+00 -1.564324e+00 1.366004e+00 -7.499027e-01 -8.443108e-01 -4.607241e-03 -1.822629e-01 8.799903e-01 -1.272169e+00 1.020672e-01 -8.845656e-01 -1.267446e-01 2.722161e-01 2.468669e-01 8.261864e-02 -1.968549e-01 1.420139e-02 2.414698e-01 2.162683e-01 -6.770276e-02 1.923630e-02 3.590153e-01 -1.961550e-02
<VARIANCE> 39
 6.897404e+00 2.295985e+01 1.601846e+01 3.365824e+01 2.249402e+01 3.831421e+01 2.759523e+01 3.052743e+01 3.037762e+01 2.300344e+01 2.846202e+01 1.927443e+01 1.394108e-02 1.694845e+00 2.149291e+00 2.077923e+00 2.653784e+00 2.306348e+00 3.110779e+00 2.476526e+00 3.731157e+00 2.794812e+00 2.634241e+00 2.311662e+00 2.953328e+00 1.598590e-03 1.653299e-01 2.986020e-01 2.674998e-01 4.266600e-01 3.008386e-01 3.741820e-01 3.301629e-01 3.607726e-01 3.408641e-01 3.030886e-01 3.365133e-01 2.681429e-01 2.199074e-04
<GCONST> 8.719565e+01
<MIXTURE> 14 3.564978e-02
<MEAN> 39
 -1.969937e+00 -1.641087e+01 -5.828955e+00 -1.601986e+01 -9.789076e+00 -5.892445e+00 -1.559719e+01 9.452903e+00 -2.418605e+00 3.358146e+00 -3.558072e+00 -6.181959e+00 8.365576e-01 1.908359e+00 -2.491704e+00 -1.537208e+00 -2.033973e+00 -1.111236e-01 2.460123e+00 -9.781250e-01 1.813172e+00 4.206052e-02 6.480393e-01 -4.952407e-01 -1.534975e+00 6.503375e-02 -1.071669e+00 4.816354e-01 -2.761031e-01 5.888234e-01 6.821244e-01 5.772172e-01 1.217229e+00 -9.355971e-01 -3.349771e-02 -4.859460e-01 6.602832e-02 2.482459e-01 -2.391676e-02
<VARIANCE> 39
 8.809906e+00 1.667795e+01 3.266974e+01 3.006530e+01 2.892914e+01 7.536672e+01 4.150947e+01 4.003538e+01 3.947118e+01 4.485044e+01 4.875713e+01 2.411112e+01 6.474198e-03 1.549336e+00 2.011212e+00 2.136528e+00 2.158592e+00 3.442009e+00 3.898977e+00 4.927771e+00 2.771167e+00 2.936291e+00 3.220708e+00 3.191058e+00 2.226330e+00 7.493704e-04 3.323511e-01 3.962519e-01 4.842022e-01 3.531803e-01 5.692213e-01 8.701776e-01 6.359429e-01 6.586080e-01 5.254073e-01 5.616834e-01 7.541344e-01 4.736552e-01 1.665214e-04
<GCONST> 9.673935e+01
<MIXTURE> 15 4.578663e-02
<MEAN> 39
 -4.915747e+00 -1.208769e+01 -1.480735e+01 -1.442546e+01 -4.463274e+00 -7.579191e+00 -8.481006e+00 -5.878900e+00 -5.701150e+00 -7.922093e+00 -1.270464e+01 -4.949086e+00 7.325256e-01 3.067727e+00 -2.104914e+00 -2.080621e+00 -2.400775e+00 -2.213906e-01 1.018877e-01 -1.352479e+00 -1.217813e-01 -3.413520e-01 -1.922658e-02 -1.302110e+00 -8.095345e-01 9.395490e-02 -9.160741e-01 -1.942724e-01 2.868275e-01 4.380392e-01 5.131921e-01 7.366676e-01 7.008774e-01 7.393026e-01 3.928366e-01 7.525906e-01 1.008445e+00 4.402826e-01 -1.180957e-02
<VARIANCE> 39
 9.750902e+00 1.896696e+01 2.453425e+01 2.595848e+01 4.669573e+01 4.373824e+01 3.684723e+01 4.324912e+01 5.339581e+01 4.399812e+01 2.561813e+01 2.596604e+01 9.659360e-03 2.078551e+00 3.260152e+00 2.799647e+00 3.367682e+00 3.700868e+00 3.940414e+00 4.844287e+00 3.979407e+00 4.385448e+00 3.703698e+00 3.704816e+00 2.729733e+00 1.719620e-03 2.852024e-01 3.478546e-01 3.731846e-01 5.649523e-01 5.748095e-01 5.601398e-01 4.179213e-01 7.354820e-01 6.800908e-01 4.795653e-01 3.726059e-01 4.071530e-01 3.273781e-04
<GCONST> 9.929257e+01
<MIXTURE> 16 5.593367e-02
<MEAN> 39
 -3.317662e+00 -1.707970e+01 -9.754583e+00 -1.497634e+01 -6.325481e+00 -2.727395e+00 -6.554971e+00 1.667225e+00 4.380421e+00 -2.147657e+00 -6.453107e+00 -7.814889e+00 8.790136e-01 5.102484e-02 -1.551307e-01 -1.249555e+00 -5.815324e-01 1.451491e+00 1.493678e+00 8.156534e-01 -1.764188e+00 6.655198e-02 -1.534274e-01 6.085019e-02 -6.919758e-01 8.270296e-03 3.775818e-02 2.129784e-01 2.214099e-01 1.750574e-01 -2.807539e-01 -2.319632e-01 -1.332855e-01 -5.198974e-02 -3.581484e-01 3.715706e-02 3.796101e-01 1.663041e-01 -4.886764e-03
<VARIANCE> 39
 5.362284e+00 2.515455e+01 2.417523e+01 2.972199e+01 3.424771e+01 5.530507e+01 3.938438e+01 5.525031e+01 3.824143e+01 4.661143e+01 2.964115e+01 4.089493e+01 9.533487e-03 3.109681e-01 6.482856e-01 8.004068e-01 7.305908e-01 9.939566e-01 1.809343e+00 2.994351e+00 1.682556e+00 1.900289e+00 1.363090e+00 1.545362e+00 1.417321e+00 1.334731e-04 5.196329e-02 1.267542e-01 1.302811e-01 1.647621e-01 2.300023e-01 3.163797e-01 3.514249e-01 3.592752e-01 2.761027e-01 2.133067e-01 2.286129e-01 2.581793e-01 3.906644e-05
<GCONST> 7.183763e+01
<STATE> 3
<NUMMIXES> 16
<MIXTURE> 1 3.346135e-02
<MEAN> 39
 2.685691e+00 -1.558298e+01 -1.839527e+01 -1.395682e+01 -1.136138e+01 3.531374e+00 -2.310704e+00 4.756117e-01 -3.620285e+00 -4.906724e+00 8.112427e+00 -5.289533e+00 9.260138e-01 4.067572e-01 -4.841548e-01 -1.149999e+00 1.504585e+00 1.138254e+00 -1.434871e+00 -1.548637e+00 1.465529e+00 9.238381e-01 -1.039692e+00 2.541203e-01 4.336188e-01 3.661549e-03 -3.212430e-02 2.227974e-01 3.754362e-02 1.677408e-02 3.704221e-01 -3.928641e-01 -5.922903e-01 1.092321e-01 4.587458e-01 1.233393e-01 -5.366372e-01 1.437737e-01 -5.605847e-03
<VARIANCE> 39
 5.857900e+00 2.306078e+01 2.158534e+01 3.250328e+01 2.862868e+01 3.076795e+01 4.981202e+01 3.751554e+01 4.689298e+01 3.639933e+01 3.575690e+01 3.670652e+01 5.768743e-03 3.014507e-01 5.572252e-01 5.257919e-01 1.266349e+00 1.440560e+00 1.678862e+00 2.395323e+00 1.861078e+00 2.239363e+00 1.499935e+00 1.773518e+00 1.342724e+00 1.237879e-04 4.230885e-02 9.734148e-02 1.100889e-01 1.462465e-01 1.680779e-01 2.013088e-01 2.718255e-01 1.996241e-01 2.817292e-01 2.863986e-01 2.375696e-01 2.217657e-01 2.156208e-05
<GCONST> 6.806013e+01
<MIXTURE> 2 5.010966e-02
<MEAN> 39
 1.780361e+00 -1.422296e+01 -1.669708e+01 -1.837841e+01 -6.160871e+00 4.504927e+00 -5.661011e+00 -2.256717e+00 1.351461e+00 -5.988322e+00 2.585489e+00 -3.356033e+00 9.301304e-01 1.064479e-01 4.213402e-02 -1.962023e-01 1.966230e-01 2.752568e-01 -2.094250e-01 -3.293138e-01 2.560485e-01 1.274660e-01 -1.597246e-01 5.131207e-02 2.420176e-02 -1.364899e-03 -1.819434e-02 5.159165e-03 3.398097e-02 4.110970e-02 4.650493e-03 -1.857387e-01 -4.362645e-02 -2.539979e-02 7.199814e-03 1.122160e-01 -4.441401e-02 -7.817288e-02 -1.305047e-03
<VARIANCE> 39
 4.989683e+00 2.223262e+01 3.638197e+01 6.268639e+01 7.639223e+01 1.165530e+02 1.191302e+02 8.625581e+01 7.098956e+01 4.264698e+01 4.741889e+01 4.305155e+01 3.419557e-03 7.766744e-02 1.795101e-01 2.468053e-01 4.069690e-01 5.166576e-01 5.208300e-01 6.121435e-01 6.891589e-01 5.837255e-01 6.158324e-01 5.318006e-01 5.471053e-01 3.438065e-05 1.193215e-02 2.399188e-02 3.622746e-02 4.970241e-02 5.963368e-02 8.203374e-02 7.474349e-02 8.962221e-02 8.743799e-02 9.799436e-02 7.785147e-02 7.666443e-02 4.827070e-06
<GCONST> 4.419986e+01
<MIXTURE> 3 9.233519e-02
<MEAN> 39
 7.398469e-01 -1.804742e+01 -1.164137e+01 -2.081012e+01 -9.865983e+00 1.266463e+01 -6.442359e+00 -4.063451e+00 1.184514e+00 -1.500985e+00 5.746143e-01 -7.184617e+00 9.316682e-01 -1.000956e-02 -2.310417e-01 -9.396960e-02 5.365871e-02 2.104193e-01 1.235394e-01 8.477458e-02 -8.821338e-02 1.369239e-01 -2.239571e-01 -7.039858e-02 -1.505318e-01 4.518102e-03 -6.394318e-02 3.282162e-01 -2.022224e-02 2.622352e-01 9.574402e-02 -6.864323e-01 -3.095196e-02 2.061453e-01 -1.083915e-01 1.709591e-01 -9.188190e-02 8.451386e-02 -7.265756e-03
<VARIANCE> 39
 5.292462e+00 2.291685e+01 1.790868e+01 4.713817e+01 3.149518e+01 3.330122e+01 4.772026e+01 3.221079e+01 3.465865e+01 3.382558e+01 3.813419e+01 3.815806e+01 3.771897e-03 2.691269e-01 7.234015e-01 6.191438e-01 1.351446e+00 9.917222e-01 1.573398e+00 1.317245e+00 1.158233e+00 1.092081e+00 1.142757e+00 1.127724e+00 1.310168e+00 1.346821e-04 5.128025e-02 1.134696e-01 1.032996e-01 1.506608e-01 1.723343e-01 2.046393e-01 2.532065e-01 2.116352e-01 1.734752e-01 1.901801e-01 1.990008e-01 2.080201e-01 2.872070e-05
<GCONST> 6.439357e+01
<MIXTURE> 4 6.486265e-02
<MEAN> 39
 -3.321528e+00 -2.147600e+01 -1.183431e+01 -1.965891e+01 2.191221e+00 6.608718e-02 -8.704798e+00 2.287893e+00 -5.021657e+00 -5.843927e-01 -8.334558e+00 -5.040268e+00 9.409783e-01 2.014918e-01 1.017517e-02 -2.636700e-01 -8.718815e-02 4.792961e-01 5.795728e-01 4.848094e-02 -3.726706e-01 -1.378761e-01 1.419825e-01 3.467370e-01 -8.249401e-02 3.170899e-03 4.094649e-02 2.642224e-01 6.533970e-02 1.507614e-01 -4.405189e-01 -3.347912e-01 9.377534e-02 7.844118e-02 1.275453e-01 -6.301798e-02 -1.813780e-02 1.121083e-01 -5.436445e-03
<VARIANCE> 39
 9.143882e+00 2.295070e+01 2.954639e+01 2.581931e+01 4.221099e+01 6.103137e+01 5.561973e+01 5.750285e+01 3.617086e+01 4.311979e+01 2.868951e+01 3.064266e+01 2.780130e-03 2.566575e-01 4.179116e-01 5.814098e-01 9.627584e-01 1.111052e+00 1.766582e+00 1.208011e+00 2.025374e+00 1.203638e+00 1.311902e+00 1.109668e+00 9.132220e-01 8.569292e-05 6.092900e-02 7.077938e-02 1.033546e-01 1.417453e-01 1.878085e-01 2.251731e-01 2.867093e-01 2.995961e-01 1.874627e-01 2.056693e-01 2.184049e-01 1.887313e-01 1.703193e-05
<GCONST> 6.498048e+01
<MIXTURE> 5 5.010426e-02
<MEAN> 39
 -2.163907e+00 -1.509410e+01 -1.506546e+01 -1.795783e+01 6.392581e-01 -1.258064e-01 -8.764050e+00 -2.266060e+00 -2.437217e+00 -4.377930e+00 -5.647106e+00 -5.671824e+00 8.414256e-01 6.461716e-02 1.702339e-01 2.596323e-02 2.533726e-01 -3.666019e-03 -1.016074e-01 1.184302e-01 2.207668e-01 1.256971e-03 4.861179e-02 8.981892e-02 1.773463e-01 -5.107131e-03 2.880850e-02 7.728875e-02 8.581714e-03 2.965881e-02 -8.733929e-02 -2.610501e-02 1.633462e-01 -1.937745e-02 5.977309e-02 7.320603e-02 2.581491e-02 4.224253e-02 -7.769823e-04
<VARIANCE> 39
 7.831816e+00 3.926968e+01 1.741664e+01 3.420446e+01 3.297937e+01 7.154005e+01 6.515354e+01 5.052197e+01 7.346908e+01 6.082291e+01 6.747499e+01 3.173538e+01 1.037529e-02 8.710351e-02 1.931701e-01 2.348701e-01 3.780451e-01 4.226492e-01 5.230014e-01 5.880985e-01 7.195248e-01 4.974589e-01 4.796801e-01 4.652009e-01 3.929583e-01 5.569318e-05 1.513721e-02 3.377464e-02 3.170963e-02 4.620195e-02 8.060750e-02 8.282109e-02 1.019628e-01 1.119941e-01 8.904029e-02 6.001228e-02 8.681012e-02 6.919573e-02 6.647900e-06
<GCONST> 4.350891e+01
<MIXTURE> 6 4.422890e-02
<MEAN> 39
 -3.608463e-01 -1.585474e+01 -1.821759e+01 -1.429177e+01 -3.684647e+00 -9.514942e-01 -5.306514e+00 -5.779883e-01 -2.125819e+00 -4.295800e+00 -1.124433e+00 -4.755262e+00 8.753716e-01 8.534764e-02 -1.106145e-01 -3.697595e-01 3.465341e-01 6.055225e-01 -6.761702e-01 -3.866249e-01 4.089015e-01 4.924871e-01 -1.924660e-02 8.426918e-02 1.044358e-01 4.176950e-03 -2.524608e-01 4.955695e-01 4.062026e-01 2.338973e-01 -4.458534e-02 -3.137421e-01 -6.605769e-02 7.068496e-02 6.047290e-02 1.593239e-01 -1.927489e-01 1.125630e-01 -1.561905e-02
<VARIANCE> 39
 1.396616e+01 3.182101e+01 3.508002e+01 3.961083e+01 4.532241e+01 7.836359e+01 8.743903e+01 8.377147e+01 6.871937e+01 5.206547e+01 6.810294e+01 4.851443e+01 1.052273e-02 7.540478e-01 1.314919e+00 1.627345e+00 2.052865e+00 2.126286e+00 2.806544e+00 3.430913e+00 3.357223e+00 3.086943e+00 2.093908e+00 2.467838e+00 1.817974e+00 3.912179e-04 1.993409e-01 2.946865e-01 3.685748e-01 3.382603e-01 4.446405e-01 5.218337e-01 7.376910e-01 6.132059e-01 5.527748e-01 5.207710e-01 4.635859e-01 4.391421e-01 1.179271e-04
<GCONST> 9.571188e+01
<MIXTURE> 7 4.043719e-02
<MEAN> 39
 1.825935e+00 -1.701360e+01 -1.798326e+01 -1.271583e+01 -9.079798e+00 3.296667e+00 -6.109997e+00 2.373659e+00 -5.136572e+00 -4.355773e-01 9.833865e-01 -7.733667e+00 9.233906e-01 2.664323e-01 1.841901e-01 -8.252509e-01 7.350045e-01 4.135740e-01 -5.131393e-01 2.705801e-01 3.965293e-01 -1.305941e-01 -4.300122e-01 3.052271e-01 2.520580e-01 -8.467941e-04 -6.222480e-02 7.414067e-02 1.692207e-01 -1.549450e-02 8.397649e-02 -3.475932e-01 -2.816848e-01 7.411823e-02 2.885514e-01 -9.642115e-02 -1.136750e-01 9.126602e-02 -2.917778e-03
<VARIANCE> 39
 6.331187e+00 2.401774e+01 2.495685e+01 4.674787e+01 2.813232e+01 3.959407e+01 5.089219e+01 5.669772e+01 6.822757e+01 2.732677e+01 3.860947e+01 3.497393e+01 3.414503e-03 1.459156e-01 5.948390e-01 7.466441e-01 1.019197e+00 7.682810e-01 1.709773e+00 1.179435e+00 1.728161e+00 1.341028e+00 9.842390e-01 1.003973e+00 1.071432e+00 9.216325e-05 3.054077e-02 6.967443e-02 1.123843e-01 1.360666e-01 1.070965e-01 1.853501e-01 2.018688e-01 1.849371e-01 1.776942e-01 1.363205e-01 1.370933e-01 1.072579e-01 1.133882e-05
<GCONST> 6.026384e+01
<MIXTURE> 8 7.253642e-02
<MEAN> 39
 -3.861507e+00 -1.888731e+01 -1.548876e+01 -1.458577e+01 1.336602e+00 1.583330e+00 -9.642504e+00 -1.640245e+00 -3.986028e+00 -3.598899e+00 -1.057285e+01 -8.009315e-01 9.034943e-01 -1.050011e-01 -1.259696e-01 -8.990433e-03 2.389738e-01 -3.880052e-01 -5.810515e-01 2.615647e-01 -6.000663e-02 -6.217073e-02 -4.057167e-01 -3.169401e-01 1.478107e-01 -2.735382e-03 1.145809e-03 2.390986e-01 8.629013e-02 -2.244382e-01 -3.893406e-01 -4.370500e-01 2.321978e-01 5.599745e-02 -2.130803e-01 -1.407870e-01 -4.022423e-02 -1.351288e-01 -5.431990e-03
<VARIANCE> 39
 8.573333e+00 1.979131e+01 2.310641e+01 3.457767e+01 3.813852e+01 4.905434e+01 5.077924e+01 3.247588e+01 2.366601e+01 3.787355e+01 2.480801e+01 2.090519e+01 6.442158e-03 2.773683e-01 7.809705e-01 8.055572e-01 1.156798e+00 1.243604e+00 1.663510e+00 2.151354e+00 1.819582e+00 1.484343e+00 1.468094e+00 1.234154e+00 1.379458e+00 1.288425e-04 4.417679e-02 9.964214e-02 1.097835e-01 1.305277e-01 1.512902e-01 1.898149e-01 2.099922e-01 2.255059e-01 1.857457e-01 2.206783e-01 1.703717e-01 1.642092e-01 2.108858e-05
<GCONST> 6.547761e+01
<MIXTURE> 9 7.839333e-02
<MEAN> 39
 -2.861234e+00 -1.565518e+01 -1.893635e+01 -1.130823e+01 -2.383916e+00 6.277792e-01 -6.385985e+00 -6.629509e+00 -6.654642e-02 -5.721755e+00 -6.488281e+00 -5.289776e+00 8.586459e-01 -2.670178e-02 7.480185e-02 -1.162125e-01 4.348525e-02 -3.792140e-02 -5.420863e-02 -2.238688e-02 -2.761795e-03 -1.761953e-03 -1.423626e-01 -2.246721e-03 -7.350701e-02 -1.496817e-03 1.775287e-02 3.762422e-02 1.301664e-01 -1.530428e-01 -1.930237e-01 -1.106605e-01 -3.188283e-02 2.187805e-01 -1.645777e-01 2.904065e-02 -7.561924e-02 -3.146072e-02 -2.137838e-03
<VARIANCE> 39
 1.110055e+01 1.561778e+01 2.030449e+01 2.851330e+01 3.302198e+01 5.509089e+01 4.921025e+01 3.018661e+01 3.861540e+01 4.658608e+01 3.126031e+01 2.662851e+01 9.371069e-03 1.156845e-01 2.846607e-01 3.232664e-01 4.726915e-01 6.219714e-01 6.181737e-01 6.586215e-01 8.891888e-01 6.687877e-01 6.804668e-01 6.362520e-01 5.599760e-01 7.543406e-05 2.888212e-02 5.028887e-02 6.340241e-02 8.377885e-02 1.185548e-01 1.135237e-01 1.203659e-01 1.554212e-01 1.099429e-01 1.170106e-01 1.347198e-01 1.018066e-01 1.567403e-05
<GCONST> 4.969295e+01
<MIXTURE> 10 8.601058e-02
<MEAN> 39
 -1.979378e+00 -1.369624e+01 -1.576143e+01 -1.943151e+01 -4.167148e+00 3.788623e+00 1.760519e+00 -1.175181e+01 6.282146e+00 -5.038024e+00 1.171618e+00 -8.071114e+00 9.261943e-01 -1.147515e-01 -1.355896e-01 -7.260749e-02 2.714447e-01 2.040563e-01 -2.910205e-01 -7.587533e-02 1.794181e-01 -9.223835e-03 5.481044e-02 -1.906561e-01 -2.760975e-01 3.633770e-04 3.897594e-02 5.723770e-02 4.318847e-02 1.262548e-01 -1.831806e-01 -1.602772e-01 -2.097057e-01 2.774021e-01 -8.687463e-02 7.013009e-02 -1.326693e-02 1.806007e-02 -2.904435e-03
<VARIANCE> 39
 9.563663e+00 2.113869e+01 1.370541e+01 4.292310e+01 3.926263e+01 5.172415e+01 4.913098e+01 3.859908e+01 3.718480e+01 3.279778e+01 3.223471e+01 4.200547e+01 3.762471e-03 9.908890e-02 3.220149e-01 2.634766e-01 6.142560e-01 4.907539e-01 7.340524e-01 5.983263e-01 6.805816e-01 6.485316e-01 6.262584e-01 6.177722e-01 6.779066e-01 6.649551e-05 1.811488e-02 3.581888e-02 4.499195e-02 7.333863e-02 7.973119e-02 1.057456e-01 1.064231e-01 1.036210e-01 1.038919e-01 1.060171e-01 1.136919e-01 1.242172e-01 1.009543e-05
<GCONST> 4.607721e+01
<MIXTURE> 11 7.178048e-02
<MEAN> 39
 -1.579118e+00 -1.652829e+01 -1.365169e+01 -2.062678e+01 -2.218077e-01 2.712299e+00 -5.245713e+00 -4.385561e-01 -6.778018e+00 4.471839e+00 -8.407776e+00 -4.497155e+00 8.782292e-01 -9.834973e-03 -4.724981e-02 -1.104404e-01 3.296312e-01 9.651698e-02 -2.642981e-01 -5.893704e-02 1.236734e-01 1.269281e-01 -1.424007e-01 -8.264645e-02 -8.584806e-02 -1.950397e-03 3.838961e-03 2.868445e-01 -6.297552e-02 3.778991e-01 -3.449309e-01 -2.982050e-01 1.948516e-02 -9.927808e-02 2.398437e-01 -2.773530e-01 2.319985e-01 -9.088666e-02 -7.188658e-03
<VARIANCE> 39
 6.029046e+00 2.722148e+01 2.577715e+01 3.480224e+01 2.534024e+01 5.171559e+01 4.615427e+01 2.826593e+01 3.547417e+01 3.690963e+01 3.823453e+01 2.916610e+01 1.134365e-02 2.628025e-01 5.561746e-01 5.282576e-01 1.242062e+00 1.065207e+00 1.353435e+00 1.045356e+00 1.259569e+00 1.074986e+00 8.920367e-01 9.321853e-01 9.060693e-01 1.974485e-04 5.410289e-02 1.378505e-01 1.133921e-01 1.598059e-01 1.717044e-01 1.737693e-01 1.778525e-01 1.899896e-01 1.719716e-01 1.834080e-01 1.824644e-01 1.652364e-01 4.251951e-05
<GCONST> 6.436705e+01
<MIXTURE> 12 1.027440e-01
<MEAN> 39
 -2.248629e+00 -1.382556e+01 -1.796555e+01 -1.679954e+01 -1.225540e+00 -1.222540e+00 2.248207e+00 -1.076980e+01 4.325833e+00 -5.080174e+00 -1.694517e+00 -7.833982e+00 9.151258e-01 1.149901e-02 2.671782e-02 -2.582574e-01 -2.849773e-02 3.180767e-01 1.094498e-01 2.947666e-01 -4.273683e-01 1.920155e-01 -1.704891e-01 1.086194e-01 1.022956e-01 2.120230e-03 4.438090e-02 1.375888e-01 1.963106e-01 1.716347e-01 -3.645163e-01 -7.273837e-02 -4.003461e-01 4.827690e-01 -1.872238e-01 1.169828e-01 1.282546e-02 6.030287e-02 -6.069797e-03
<VARIANCE> 39
 7.701166e+00 2.338875e+01 2.157264e+01 4.497298e+01 4.110112e+01 5.603027e+01 5.789515e+01 3.662547e+01 3.721875e+01 3.774066e+01 3.540097e+01 3.538902e+01 5.114459e-03 2.148388e-01 5.768695e-01 5.598709e-01 1.096559e+00 1.239363e+00 1.287264e+00 1.511431e+00 1.561504e+00 1.188653e+00 1.048820e+00 1.182945e+00 9.386318e-01 1.282485e-04 4.630287e-02 1.098077e-01 1.342690e-01 2.043940e-01 2.002063e-01 2.190535e-01 2.810251e-01 2.203824e-01 2.110835e-01 2.059092e-01 2.113227e-01 2.147178e-01 3.248890e-05
<GCONST> 6.701924e+01
<MIXTURE> 13 6.120776e-02
<MEAN> 39
 -1.226178e+00 -1.316735e+01 -1.731125e+01 -1.607469e+01 -5.717729e+00 6.625250e+00 -3.691349e+00 -8.839624e+00 5.757215e+00 -7.156850e+00 2.775253e+00 -9.022823e+00 8.600789e-01 -1.340625e-01 -2.720952e-01 2.919841e-01 5.877413e-01 3.176974e-03 -6.755565e-01 -6.165606e-01 7.674457e-01 1.712405e-02 3.980640e-01 -4.945086e-01 -4.930595e-01 -7.100109e-03 1.703214e-02 1.189707e-01 2.752065e-01 5.731426e-02 -1.107264e-01 -4.402348e-01 -1.537962e-01 4.956430e-01 -3.610127e-01 3.380531e-01 -2.510016e-01 1.586731e-01 -6.629532e-03
<VARIANCE> 39
 8.302872e+00 2.710154e+01 2.190031e+01 2.741776e+01 3.051840e+01 3.752314e+01 5.864552e+01 4.563867e+01 4.867962e+01 3.809050e+01 4.294858e+01 5.051981e+01 1.215565e-02 2.466460e-01 5.590448e-01 6.895981e-01 1.492958e+00 1.023242e+00 1.622550e+00 1.466406e+00 1.721841e+00 1.515824e+00 1.345137e+00 1.236762e+00 1.534945e+00 1.989686e-04 5.259220e-02 9.510037e-02 1.226398e-01 1.996480e-01 1.705388e-01 1.744881e-01 2.794546e-01 2.520372e-01 2.072427e-01 2.225109e-01 2.060455e-01 2.809187e-01 4.286322e-05
<GCONST> 7.037733e+01
<MIXTURE> 14 6.637544e-02
<MEAN> 39
 -1.233077e+00 -1.788786e+01 -1.245652e+01 -2.122727e+01 -2.727753e+00 6.833321e+00 -4.847176e+00 -1.901486e+00 -3.826621e+00 3.949878e+00 -5.023628e+00 -7.905988e+00 9.016994e-01 -4.237792e-02 1.587447e-02 -8.729261e-02 1.130564e-01 1.175671e-01 -9.660722e-02 5.679789e-02 1.705422e-02 -3.227752e-02 -7.783283e-02 -5.960017e-02 -4.681453e-03 -1.252254e-03 1.703130e-02 1.245137e-01 -1.038783e-02 1.080817e-01 -1.530362e-01 -2.461825e-01 -5.468651e-02 1.053044e-01 5.637078e-02 -1.074970e-02 6.114640e-03 -3.541862e-03 -3.291021e-03
<VARIANCE> 39
 6.493451e+00 3.296466e+01 2.338386e+01 3.369538e+01 2.441884e+01 3.205174e+01 3.724387e+01 2.035099e+01 2.769907e+01 2.615798e+01 2.102791e+01 2.268534e+01 8.223732e-03 1.244791e-01 3.782824e-01 2.630483e-01 5.169224e-01 4.687016e-01 6.537613e-01 5.079566e-01 5.019453e-01 3.879610e-01 3.807178e-01 5.302254e-01 3.858761e-01 1.062308e-04 2.425309e-02 5.344423e-02 5.187568e-02 6.952374e-02 6.901558e-02 9.881260e-02 8.386251e-02 9.350774e-02 7.072903e-02 7.757594e-02 8.025488e-02 6.789716e-02 1.444875e-05
<GCONST> 4.103682e+01
<MIXTURE> 15 4.967861e-02
<MEAN> 39
 9.433974e-03 -1.895184e+01 -1.685061e+01 -1.384407e+01 -6.005703e+00 4.359451e+00 -8.801667e+00 2.586082e-01 -7.431908e+00 1.838880e+00 -6.020592e+00 -8.931363e+00 8.939762e-01 -9.938024e-03 -3.836892e-01 -1.221440e-02 8.832666e-01 -1.881605e-01 -1.137863e+00 -2.241513e-01 8.992671e-01 -1.023670e-01 -4.499719e-01 -2.284100e-01 -2.351838e-01 -3.543956e-03 -3.440789e-02 1.913866e-01 1.149741e-01 -8.333272e-02 -3.232690e-02 -4.320650e-01 6.183808e-02 1.929703e-01 1.554951e-01 -1.907445e-01 -4.358864e-02 2.500997e-01 -3.170556e-03
<VARIANCE> 39
 5.134995e+00 1.426251e+01 2.202841e+01 3.227364e+01 2.938787e+01 7.063482e+01 3.507250e+01 3.373170e+01 4.656539e+01 3.858180e+01 3.360285e+01 2.134647e+01 7.571653e-03 1.535863e-01 4.615382e-01 5.473070e-01 1.278332e+00 7.280749e-01 2.076135e+00 1.118155e+00 1.924105e+00 1.663930e+00 1.167307e+00 1.485659e+00 1.166279e+00 7.041547e-05 2.297197e-02 5.430473e-02 6.945142e-02 9.366659e-02 1.177449e-01 1.788420e-01 1.613549e-01 1.593006e-01 2.050575e-01 1.682573e-01 1.661799e-01 1.849002e-01 9.988139e-06
<GCONST> 5.865830e+01
<MIXTURE> 16 3.570316e-02
<MEAN> 39
 2.537382e+00 -1.652588e+01 -2.027983e+01 -1.238098e+01 -3.363985e+00 -3.405324e+00 -7.168268e+00 8.372168e+00 -7.962595e+00 -2.151621e+00 3.470556e+00 -4.871583e+00 8.982067e-01 3.255303e-01 -3.848996e-02 -8.262572e-01 8.658296e-01 1.121199e+00 -1.454008e+00 -1.700473e+00 1.549442e+00 1.110170e+00 -7.545756e-01 -7.017955e-01 7.772210e-01 -1.788123e-03 -5.161197e-02 1.607746e-01 2.285928e-01 -1.371623e-01 -1.038984e-01 -3.751219e-02 -2.654168e-01 -2.838504e-01 3.709196e-01 2.550029e-01 -4.764906e-01 1.746529e-02 -4.029504e-03
<VARIANCE> 39
 6.238403e+00 2.045196e+01 3.010852e+01 4.102625e+01 2.817827e+01 4.175734e+01 4.763732e+01 3.752601e+01 5.426779e+01 3.713412e+01 3.655825e+01 2.386947e+01 7.263678e-03 1.787381e-01 4.822497e-01 4.979128e-01 7.981454e-01 1.015380e+00 1.403910e+00 1.918816e+00 1.113590e+00 1.596410e+00 1.066166e+00 1.270940e+00 1.001214e+00 1.051314e-04 2.950726e-02 7.213267e-02 9.673981e-02 1.533486e-01 1.345122e-01 1.743362e-01 1.977823e-01 1.988456e-01 2.294891e-01 2.068621e-01 1.671856e-01 1.521472e-01 1.624267e-05
<GCONST> 6.191277e+01
<STATE> 4
<NUMMIXES> 16
<MIXTURE> 1 6.151622e-02
<MEAN> 39
 3.231781e-01 -1.676685e+01 -1.353481e+01 -1.587458e+01 -9.344350e+00 4.039109e+00 -7.561733e+00 -1.944705e+00 1.642954e+00 -1.197392e+00 -4.045052e-01 -1.031271e+01 8.426436e-01 -3.064614e-01 2.649851e+00 1.028154e+00 1.450591e+00 -4.662133e-02 -2.113754e+00 -3.381085e-01 4.210480e-01 -7.951555e-01 9.656019e-01 -1.010777e-03 9.243535e-01 -7.512371e-02 -9.348862e-01 9.888021e-01 5.527049e-01 8.306915e-01 7.244343e-01 -3.061349e-01 3.877319e-01 -2.865659e-01 -3.999534e-01 -1.053163e-01 -2.245529e-01 5.836875e-01 -3.908580e-02
<VARIANCE> 39
 6.914089e+00 2.695834e+01 2.947481e+01 4.859957e+01 3.924297e+01 5.828163e+01 3.458147e+01 4.456911e+01 6.080750e+01 3.565347e+01 4.734150e+01 3.292472e+01 7.182086e-03 1.031996e+00 2.055838e+00 2.257114e+00 2.557307e+00 2.916441e+00 2.837598e+00 4.688564e+00 3.903564e+00 3.588134e+00 3.060002e+00 3.629278e+00 3.152238e+00 1.029731e-03 2.604274e-01 2.906511e-01 3.337172e-01 6.117911e-01 4.092343e-01 6.000152e-01 4.898403e-01 5.979091e-01 7.119138e-01 5.167891e-01 5.280225e-01 4.514676e-01 3.041915e-04
<GCONST> 9.749114e+01
<MIXTURE> 2 8.196769e-02
<MEAN> 39
 4.024449e+00 -1.550453e+01 -2.207295e+01 -9.823182e+00 -3.176930e+00 -5.316659e+00 -1.043218e+01 5.602745e+00 2.104315e+00 -4.449064e+00 3.386544e-01 -4.360535e-01 9.022580e-01 1.670521e-01 2.004106e-01 -2.872068e-01 6.041910e-01 7.616822e-01 -1.099036e+00 -1.740840e+00 3.851398e-01 1.308561e+00 3.819234e-01 -1.131123e+00 1.335308e-01 -7.053241e-03 -6.296033e-02 6.670883e-02 2.840637e-01 -7.268670e-03 -2.716440e-01 7.116439e-02 -2.512538e-02 -1.693022e-01 -1.333580e-01 1.489222e-01 9.387314e-02 -1.428047e-01 -2.932233e-03
<VARIANCE> 39
 5.340431e+00 1.887470e+01 2.465154e+01 2.875835e+01 4.324223e+01 4.661710e+01 4.489126e+01 5.090463e+01 5.830731e+01 3.445490e+01 3.813286e+01 2.876279e+01 6.882307e-03 1.461376e-01 3.279173e-01 5.261281e-01 5.680152e-01 8.710740e-01 1.016469e+00 1.329867e+00 1.026309e+00 9.572512e-01 9.948362e-01 9.044293e-01 9.597600e-01 6.989494e-05 2.241028e-02 4.872623e-02 8.938455e-02 9.769651e-02 1.170448e-01 1.603693e-01 1.559463e-01 1.730239e-01 1.801830e-01 1.751610e-01 1.460542e-01 1.184923e-01 1.031048e-05
<GCONST> 5.586489e+01
<MIXTURE> 3 5.616314e-02
<MEAN> 39
 -4.583031e-01 -8.211579e+00 -1.523203e+01 -1.512923e+01 -5.346874e+00 -8.180131e-01 -1.034812e+00 -4.711905e+00 -2.144532e+00 1.448018e+00 -1.650105e+00 -5.819114e+00 7.080420e-01 -2.764094e+00 3.857707e+00 2.799893e+00 3.332547e+00 7.484686e-01 -8.840785e-01 -3.452064e-01 6.355156e-01 -4.627467e-01 -1.732370e-01 1.193786e-01 1.134768e+00 -1.596281e-01 -1.373820e+00 -1.474608e-01 5.772595e-01 6.170915e-01 5.259660e-01 2.001013e-01 -1.321781e-01 1.697764e-01 7.183982e-02 -2.792521e-01 -9.162319e-02 2.118361e-01 -2.857205e-02
<VARIANCE> 39
 1.081641e+01 1.936908e+01 2.083687e+01 3.435909e+01 3.165967e+01 4.615672e+01 3.954643e+01 2.642794e+01 3.544847e+01 4.278530e+01 5.516337e+01 3.533177e+01 1.262924e-02 2.940998e+00 3.228293e+00 3.127763e+00 4.004047e+00 3.524492e+00 4.969911e+00 4.648112e+00 5.379604e+00 4.117146e+00 4.396749e+00 4.028825e+00 3.497809e+00 3.844042e-03 2.825367e-01 3.164398e-01 3.582481e-01 5.499833e-01 4.033807e-01 5.453323e-01 4.432950e-01 4.506776e-01 4.847229e-01 6.137953e-01 7.141526e-01 5.991736e-01 5.346092e-04
<GCONST> 1.024442e+02
<MIXTURE> 4 5.166887e-02
<MEAN> 39
 -2.305949e+00 -1.271888e+01 -1.799925e+01 -1.566392e+01 -2.067408e+00 -5.445382e+00 5.078418e+00 -9.760729e+00 3.401229e+00 -8.527641e-01 -3.767512e+00 -7.408274e+00 8.661559e-01 1.374077e-01 1.343384e+00 8.496528e-01 1.005404e+00 -1.016239e+00 -6.052614e-01 -1.271008e+00 1.096842e+00 -1.701159e-01 2.169556e-01 4.113096e-01 3.203513e-01 -4.754970e-02 -4.292331e-01 6.171983e-01 7.143224e-01 5.992891e-01 2.266413e-02 2.932489e-01 -6.328079e-01 5.025145e-01 -4.480513e-01 -1.141277e-02 1.410920e-01 2.862237e-01 -2.872147e-02
<VARIANCE> 39
 1.077872e+01 2.362947e+01 2.311862e+01 3.515953e+01 3.234784e+01 5.654842e+01 4.020768e+01 3.279880e+01 4.813817e+01 3.451029e+01 4.071289e+01 2.671736e+01 7.245983e-03 6.221536e-01 1.398886e+00 1.743030e+00 2.047100e+00 1.991883e+00 2.655760e+00 3.301805e+00 3.168677e+00 2.159576e+00 2.331455e+00 2.200037e+00 2.129482e+00 4.824193e-04 2.597634e-01 2.338518e-01 2.527765e-01 3.740012e-01 3.706204e-01 4.680134e-01 3.387801e-01 4.845983e-01 4.007608e-01 3.564051e-01 3.764678e-01 3.488905e-01 2.228713e-04
<GCONST> 8.766124e+01
<MIXTURE> 5 4.812077e-02
<MEAN> 39
 -3.958413e-01 -1.857357e+01 -1.257079e+01 -2.176631e+01 -5.552641e+00 9.389109e+00 -6.648002e+00 -2.333387e+00 -2.129581e+00 7.595534e-01 -3.345491e+00 -7.079130e+00 9.361263e-01 4.276040e-01 1.014298e+00 9.447056e-02 -1.218822e-01 -7.151747e-01 -8.652213e-01 -6.961463e-02 1.740256e-01 -2.874832e-01 4.811627e-01 3.731930e-01 5.219999e-02 -2.366313e-02 -1.235708e-01 7.743604e-01 1.514741e-01 5.719960e-01 1.454101e-03 -6.565173e-01 1.312340e-01 -7.640266e-02 -8.943427e-02 -2.462842e-02 1.721620e-01 1.846458e-01 -2.027423e-02
<VARIANCE> 39
 8.563406e+00 2.745912e+01 2.688109e+01 5.013225e+01 4.250983e+01 3.840499e+01 3.635500e+01 2.470288e+01 3.158415e+01 3.212739e+01 4.073645e+01 2.956721e+01 2.709240e-03 3.043144e-01 7.453907e-01 8.031433e-01 1.740625e+00 1.418189e+00 1.700490e+00 1.661578e+00 1.618509e+00 1.177707e+00 1.150894e+00 1.509516e+00 1.362158e+00 2.038306e-04 1.060200e-01 2.198769e-01 1.880690e-01 3.155353e-01 2.617616e-01 2.065030e-01 2.343908e-01 2.331139e-01 2.462127e-01 2.808425e-01 2.728164e-01 2.266891e-01 1.274476e-04
<GCONST> 7.306405e+01
<MIXTURE> 6 6.134772e-02
<MEAN> 39
 -6.092847e+00 -5.715257e+00 -9.130228e+00 -5.896736e+00 -3.590718e+00 -6.876402e+00 -5.985247e+00 6.459265e-01 -1.073270e+00 -1.412357e+00 -5.299660e+00 -4.242396e+00 4.494112e-01 -3.361676e+00 2.717734e+00 2.364461e+00 2.899600e+00 9.558693e-01 4.279354e-01 1.692345e-01 -2.625912e-01 -3.692758e-01 -2.372397e-01 6.312668e-01 1.139891e+00 -1.593360e-01 -5.298666e-01 -7.262775e-01 -2.161855e-01 -6.143668e-01 1.129713e-01 6.095446e-01 3.894340e-01 -2.859073e-01 -4.385934e-02 8.904532e-02 2.970793e-01 5.031014e-02 8.842376e-03
<VARIANCE> 39
 1.498657e+01 2.356084e+01 2.726746e+01 3.371106e+01 4.881522e+01 5.960397e+01 5.962029e+01 6.259055e+01 5.370573e+01 4.589045e+01 3.743806e+01 2.750908e+01 2.453274e-02 3.344813e+00 3.956943e+00 2.892597e+00 4.202160e+00 4.854109e+00 6.066216e+00 5.505525e+00 6.911088e+00 5.897581e+00 5.500504e+00 4.957819e+00 3.649662e+00 4.000194e-03 3.925273e-01 4.922823e-01 4.741765e-01 6.057467e-01 9.322805e-01 1.022515e+00 1.165602e+00 1.176770e+00 9.916634e-01 8.836406e-01 6.700001e-01 5.126555e-01 4.243440e-04
<GCONST> 1.129739e+02
<MIXTURE> 7 6.473427e-02
<MEAN> 39
 -4.548300e+00 -1.994310e+01 -1.329508e+01 -1.616592e+01 -1.856000e+00 -4.468241e+00 -5.989338e+00 1.313684e+00 -6.185816e+00 -4.183813e+00 -1.329978e+01 -6.260228e-01 8.834509e-01 8.468819e-02 1.296934e+00 6.740937e-01 -1.206271e-01 -1.896287e+00 -1.651103e+00 6.407712e-01 4.425451e-01 -1.386140e-02 -3.554607e-01 -2.857937e-01 1.672586e-01 -3.253503e-02 -4.954452e-02 8.830029e-01 3.587344e-01 4.340481e-01 -2.758162e-01 -9.049632e-02 -1.519615e-01 -3.705800e-01 1.298579e-01 1.263844e-01 4.743765e-01 -1.962350e-01 -2.041078e-02
<VARIANCE> 39
 9.379644e+00 1.994035e+01 2.695913e+01 3.195799e+01 4.211545e+01 4.608890e+01 4.423345e+01 4.024361e+01 3.593411e+01 5.718894e+01 2.703152e+01 3.206256e+01 6.804746e-03 5.274675e-01 1.248510e+00 1.585015e+00 1.404923e+00 2.253504e+00 2.357274e+00 2.676139e+00 2.819532e+00 3.125227e+00 2.380879e+00 1.943929e+00 1.925764e+00 3.279413e-04 1.287194e-01 2.073913e-01 2.481535e-01 3.141981e-01 3.830648e-01 3.306530e-01 4.460869e-01 5.298852e-01 4.436076e-01 4.752282e-01 3.534204e-01 2.937157e-01 1.194323e-04
<GCONST> 8.496534e+01
<MIXTURE> 8 4.912861e-02
<MEAN> 39
 -1.185527e+00 -1.640499e+01 -8.984640e+00 -1.804304e+01 -5.233398e+00 -5.165256e+00 -1.026836e+01 5.525323e+00 -2.612605e+00 5.865222e+00 -7.159124e+00 -7.207664e+00 8.197222e-01 -5.367603e-01 2.916467e+00 1.246602e+00 2.522192e+00 -3.632353e-01 -2.173725e+00 -5.877764e-01 -6.411120e-01 1.377939e-01 -6.078932e-01 6.792625e-01 1.099993e+00 -8.496444e-02 -7.915001e-01 9.791359e-01 2.387744e-01 9.982633e-01 3.267984e-01 6.373537e-01 5.201097e-01 -9.225878e-01 -1.069917e-01 -8.496146e-01 3.668970e-01 1.903146e-01 -3.582948e-02
<VARIANCE> 39
 9.193150e+00 1.813122e+01 3.188818e+01 3.709760e+01 3.433930e+01 6.659740e+01 5.286520e+01 4.075497e+01 4.242789e+01 3.284066e+01 4.174609e+01 2.711950e+01 7.423631e-03 1.068869e+00 2.246115e+00 1.925670e+00 2.797432e+00 2.647826e+00 3.320022e+00 4.800906e+00 4.396809e+00 3.695609e+00 3.583367e+00 3.619497e+00 2.983660e+00 1.279353e-03 3.121583e-01 2.497755e-01 3.356746e-01 4.469685e-01 4.632558e-01 7.147719e-01 6.863117e-01 6.207359e-01 5.613282e-01 4.929026e-01 5.367356e-01 4.843020e-01 2.097399e-04
<GCONST> 9.722363e+01
<MIXTURE> 9 1.082623e-01
<MEAN> 39
 -1.864693e+00 -1.530262e+01 -1.678457e+01 -1.468172e+01 -2.492586e+00 -4.271152e+00 3.886162e-01 -4.362240e+00 -5.789397e-02 -1.675214e+00 -5.508508e+00 -6.793134e+00 8.897559e-01 2.202204e-02 4.151603e-01 3.278668e-01 2.722080e-01 -7.055146e-01 -1.026501e+00 -5.279409e-01 1.076283e+00 1.661674e-01 -1.804785e-01 -1.455117e-01 8.881722e-02 -1.300718e-02 3.314624e-02 2.753108e-01 3.431193e-01 1.960208e-02 -3.670724e-01 -5.845847e-03 -4.165817e-01 1.314531e-01 -2.374262e-02 5.792557e-03 1.680145e-01 1.787850e-01 -8.588177e-03
<VARIANCE> 39
 1.022462e+01 2.687866e+01 2.656032e+01 5.062856e+01 4.463870e+01 6.687565e+01 5.215875e+01 5.423090e+01 6.241832e+01 4.128627e+01 3.313454e+01 3.688567e+01 7.449817e-03 2.046535e-01 5.769289e-01 8.103671e-01 1.741484e+00 1.528734e+00 2.017686e+00 1.858066e+00 2.118903e+00 1.395847e+00 1.330501e+00 1.346887e+00 1.332085e+00 1.307841e-04 4.511900e-02 7.709096e-02 1.143114e-01 1.718311e-01 1.951331e-01 1.975834e-01 2.682204e-01 3.145563e-01 2.519078e-01 2.437335e-01 2.101573e-01 2.293715e-01 2.702147e-05
<GCONST> 7.181488e+01
<MIXTURE> 10 7.603895e-02
<MEAN> 39
 -1.717466e+00 -1.346988e+01 -1.631087e+01 -1.516189e+01 -3.636481e+00 3.159515e+00 -9.522108e+00 -3.643230e+00 2.375482e+00 -8.159495e+00 -1.199718e+00 -7.710352e+00 8.260167e-01 6.218594e-02 9.525583e-01 7.202250e-01 3.555336e-01 -1.203486e+00 -1.131209e+00 4.057453e-01 2.209834e-01 -8.963464e-01 7.881634e-01 -2.965531e-01 9.225697e-03 -3.147104e-02 -1.671669e-01 4.035009e-01 5.334789e-01 4.873928e-01 -2.450655e-01 -5.355726e-01 3.387463e-01 -3.421250e-01 -5.030845e-01 5.127141e-01 -2.610891e-01 1.700083e-01 -1.540916e-02
<VARIANCE> 39
 7.280798e+00 1.954684e+01 1.942390e+01 3.548698e+01 5.307940e+01 6.341412e+01 4.965137e+01 4.307480e+01 6.479611e+01 4.174677e+01 4.896048e+01 3.825685e+01 1.140648e-02 3.357178e-01 7.937511e-01 1.231711e+00 1.790776e+00 1.685644e+00 2.131010e+00 2.459248e+00 2.688473e+00 1.948289e+00 2.036385e+00 2.618090e+00 1.948759e+00 3.227248e-04 7.346009e-02 1.194719e-01 2.161466e-01 3.382500e-01 3.194382e-01 3.400201e-01 3.354007e-01 4.938312e-01 4.250690e-01 2.501353e-01 3.367451e-01 3.412953e-01 5.545950e-05
<GCONST> 8.195629e+01
<MIXTURE> 11 5.527164e-02
<MEAN> 39
 -1.794855e+00 -1.113334e+01 -7.500363e+00 -1.121086e+01 -8.248066e+00 -7.464656e+00 -1.198877e+01 2.121753e+00 1.971296e+00 1.228225e+00 -2.335784e+00 -6.222793e+00 6.673310e-01 -2.197923e+00 3.921490e+00 1.981686e+00 3.645611e+00 1.268437e+00 -5.555279e-01 -1.468379e-01 -1.273067e+00 -1.427652e+00 -8.134158e-01 -4.463470e-02 1.329392e+00 -1.547219e-01 -9.552487e-01 9.763016e-02 -8.419750e-02 1.148261e-01 5.872335e-01 9.288037e-01 1.038623e+00 -5.581733e-01 -3.578644e-01 -3.523037e-01 -1.254161e-01 4.955048e-02 -1.869177e-02
<VARIANCE> 39
 9.207208e+00 2.205162e+01 3.739479e+01 3.825264e+01 4.364395e+01 6.831971e+01 4.061269e+01 5.695658e+01 5.213232e+01 4.247079e+01 4.599747e+01 3.397261e+01 1.265479e-02 2.389587e+00 3.071405e+00 2.503809e+00 3.604266e+00 3.564871e+00 5.479210e+00 5.666440e+00 6.382406e+00 5.303732e+00 5.135423e+00 3.795431e+00 3.263221e+00 2.480751e-03 3.405176e-01 4.154734e-01 3.976790e-01 5.704513e-01 6.836972e-01 8.532048e-01 6.333471e-01 8.502312e-01 7.417472e-01 7.738400e-01 6.959783e-01 6.714878e-01 3.488147e-04
<GCONST> 1.073914e+02
<MIXTURE> 12 5.201721e-02
<MEAN> 39
 -1.308317e+01 -5.762158e-01 -4.401068e+00 -2.159955e+00 -3.061833e+00 -3.641587e+00 -5.328976e+00 -3.179086e+00 -2.122952e+00 -6.956644e-01 -2.334929e+00 -2.771202e+00 6.870051e-02 -2.614906e+00 1.107360e+00 1.403748e+00 1.693645e+00 6.117483e-01 2.257768e-01 4.965238e-01 -7.128258e-01 -8.878675e-01 -6.816612e-01 2.977150e-01 1.200210e+00 -1.028133e-01 6.357859e-01 -1.159820e+00 -8.894247e-01 -1.241747e+00 -2.308005e-01 -2.492717e-02 1.586786e-01 2.336791e-01 1.820595e-01 4.685592e-02 -1.489351e-01 -2.476090e-01 5.809302e-02
<VARIANCE> 39
 3.613279e+01 2.238940e+01 1.901562e+01 2.012632e+01 2.647712e+01 2.709857e+01 3.241459e+01 4.171614e+01 4.168660e+01 2.627052e+01 2.341145e+01 2.455774e+01 3.105263e-02 5.208306e+00 3.806529e+00 3.631856e+00 5.710837e+00 4.425961e+00 5.015811e+00 4.376620e+00 5.094270e+00 5.217230e+00 4.355120e+00 4.566108e+00 3.679294e+00 9.164923e-03 6.398063e-01 6.223955e-01 4.932081e-01 6.640029e-01 7.293687e-01 8.132623e-01 7.918938e-01 1.108236e+00 1.125858e+00 8.342866e-01 6.753308e-01 6.908498e-01 6.935445e-04
<GCONST> 1.106736e+02
<MIXTURE> 13 5.546369e-02
<MEAN> 39
 -2.977383e+00 -1.104240e+01 -1.692842e+01 -1.116818e+01 -5.213918e+00 -3.755394e+00 -2.950295e+00 -3.028902e+00 1.055945e+00 -3.162731e+00 -3.957569e+00 -5.823794e+00 7.464070e-01 -2.727441e-01 1.095810e+00 1.089060e+00 1.152707e+00 -7.630347e-01 -1.442974e+00 -6.768581e-01 6.124521e-01 -3.746354e-01 3.077311e-01 -2.389062e-01 5.128677e-01 -4.788601e-02 -1.371990e-01 4.771715e-02 6.151356e-01 7.767098e-02 9.110569e-02 1.793792e-01 -2.460135e-01 -1.056475e-01 -1.877752e-01 9.077377e-02 7.761888e-02 1.090866e-01 -1.090009e-02
<VARIANCE> 39
 1.616779e+01 2.194273e+01 3.044945e+01 3.213223e+01 4.349794e+01 6.692249e+01 4.664229e+01 3.815374e+01 5.444575e+01 4.794175e+01 5.115171e+01 3.619468e+01 1.741792e-02 1.077106e+00 1.586476e+00 2.731405e+00 2.877754e+00 3.268716e+00 3.586996e+00 4.546456e+00 4.233730e+00 3.419802e+00 3.168937e+00 3.095873e+00 2.049552e+00 8.837035e-04 3.244989e-01 2.713240e-01 3.584821e-01 3.737047e-01 5.477179e-01 4.970897e-01 5.208339e-01 5.811949e-01 5.334510e-01 5.213398e-01 5.486630e-01 3.303556e-01 1.817383e-04
<GCONST> 9.791507e+01
<MIXTURE> 14 4.600806e-02
<MEAN> 39
 -4.523701e+00 -1.430772e+01 -1.258175e+01 -1.463737e+01 -7.085253e+00 -1.008930e+01 -3.000990e+00 8.525973e-01 -3.869827e+00 -6.801276e+00 -1.146334e+01 -7.904280e-01 7.528725e-01 -7.970797e-01 3.464468e+00 2.110268e+00 1.934867e+00 -1.379649e+00 -1.195088e+00 -3.590074e-01 -4.473400e-02 5.814863e-02 2.950907e-01 6.778159e-01 8.443155e-02 -1.030586e-01 -8.322478e-01 5.661456e-01 4.327948e-01 7.842745e-01 7.172820e-01 8.830712e-01 -2.118972e-01 -5.960213e-01 -6.668719e-03 4.649768e-01 6.612639e-01 -2.154589e-01 -3.170807e-02
<VARIANCE> 39
 8.349589e+00 2.344071e+01 3.763404e+01 4.047633e+01 6.105742e+01 5.988531e+01 4.747788e+01 5.679218e+01 6.104124e+01 4.473744e+01 2.998883e+01 3.531413e+01 1.255841e-02 1.554057e+00 2.757297e+00 2.435135e+00 3.396515e+00 3.611391e+00 4.076717e+00 5.472144e+00 6.317195e+00 4.167054e+00 4.671335e+00 3.598052e+00 3.727318e+00 2.096837e-03 3.560371e-01 3.836366e-01 4.584511e-01 4.931127e-01 8.232499e-01 1.015918e+00 8.595232e-01 1.077068e+00 9.691099e-01 7.155713e-01 5.400737e-01 5.965830e-01 4.223676e-04
<GCONST> 1.070823e+02
<MIXTURE> 15 6.649064e-02
<MEAN> 39
 2.713032e+00 -1.760556e+01 -1.785501e+01 -1.032806e+01 -3.765890e+00 -5.603045e+00 -1.642403e+01 1.094520e+01 1.360100e+00 -3.140076e+00 -7.590792e-02 -4.539122e+00 9.130772e-01 -3.518714e-02 2.143393e-01 6.485168e-01 7.219188e-01 -2.686085e-01 -1.311696e+00 -1.525342e+00 5.023788e-01 8.016151e-01 -6.216165e-03 -5.336770e-01 3.440599e-01 -1.337098e-02 -6.172510e-02 1.714942e-01 3.957234e-01 1.122622e-01 -3.261286e-01 -9.846179e-02 2.781467e-01 -4.738007e-01 -2.544601e-01 -5.849712e-03 -2.517841e-03 2.244189e-01 -7.437619e-03
<VARIANCE> 39
 6.868560e+00 2.140058e+01 3.319391e+01 3.501117e+01 4.919941e+01 5.678588e+01 5.577421e+01 4.782911e+01 6.070820e+01 3.046717e+01 3.729336e+01 3.146137e+01 3.993889e-03 1.710119e-01 4.705189e-01 9.462094e-01 8.321086e-01 1.128860e+00 1.346474e+00 1.917400e+00 1.434242e+00 1.413098e+00 1.036376e+00 1.231467e+00 1.002594e+00 7.953498e-05 3.170713e-02 9.126322e-02 1.318506e-01 1.444060e-01 1.888306e-01 2.334381e-01 2.340675e-01 2.509484e-01 2.201552e-01 2.642579e-01 2.241894e-01 1.519027e-01 2.157130e-05
<GCONST> 6.571031e+01
<MIXTURE> 16 6.578197e-02
<MEAN> 39
 -9.235142e-01 -1.816194e+01 -1.052177e+01 -1.676862e+01 -6.888796e+00 1.247807e+00 -9.013584e+00 2.978468e+00 1.016702e+00 2.354296e+00 -3.186010e+00 -1.143297e+01 8.677230e-01 -1.976155e-01 5.786971e-01 9.349123e-01 1.123655e+00 -4.066253e-01 -2.587260e+00 -1.187001e+00 1.363636e+00 1.320530e-01 3.792509e-01 -5.347780e-01 5.583059e-01 -3.096760e-02 -1.569122e-01 6.927587e-01 2.052753e-01 4.053426e-01 1.402869e-02 -2.580482e-01 1.002691e-01 -3.899945e-01 -1.789914e-01 -1.881282e-01 7.552945e-02 6.467354e-01 -1.708498e-02
<VARIANCE> 39
 6.893069e+00 2.257169e+01 2.328064e+01 3.122480e+01 2.543289e+01 4.707042e+01 4.131914e+01 4.125023e+01 4.676454e+01 3.634961e+01 3.898219e+01 2.330225e+01 9.409589e-03 3.805120e-01 9.753997e-01 1.286400e+00 1.564159e+00 1.655638e+00 2.102036e+00 2.668143e+00 2.718146e+00 2.289657e+00 2.225446e+00 2.032959e+00 2.283652e+00 2.891560e-04 9.091955e-02 1.786813e-01 1.837273e-01 2.149780e-01 2.331104e-01 3.593507e-01 4.018846e-01 4.159401e-01 3.404708e-01 3.167744e-01 3.295195e-01 2.906261e-01 8.715774e-05
<GCONST> 7.983685e+01
<TRANSP> 5
 0.000000e+00 1.000000e+00 0.000000e+00 0.000000e+00 0.000000e+00
 0.000000e+00 6.968284e-01 3.031715e-01 0.000000e+00 0.000000e+00
 0.000000e+00 0.000000e+00 8.101850e-01 1.898150e-01 0.000000e+00
 0.000000e+00 0.000000e+00 0.000000e+00 7.398129e-01 2.601871e-01
 0.000000e+00 0.000000e+00 0.000000e+00 0.000000e+00 0.000000e+00
<ENDHMM>
