~o
<STREAMINFO> 1 39
<VECSIZE> 39<NULLD><MFCC_E_D_A><DIAGC>
~h "ae"
<BEGINHMM>
<NUMSTATES> 5
<STATE> 2
<NUMMIXES> 16
<MIXTURE> 1 5.871803e-02
<MEAN> 39
 -5.002662e+00 -1.491447e+01 -2.793095e+00 -7.925579e+00 -2.005432e+01 -1.052173e+01 -2.676279e+00 3.706032e+00 3.961208e+00 -5.980178e+00 1.945499e+00 -3.903703e+00 8.505893e-01 1.027595e-01 -8.348385e-01 -7.171223e-01 -4.196450e-01 4.635587e-02 3.593947e-01 7.379091e-01 5.312723e-01 8.936435e-01 -2.929593e-01 -4.712462e-01 -5.124063e-01 2.161964e-02 -1.505395e-01 4.072626e-01 3.806706e-03 6.220953e-03 6.199808e-01 1.589348e-01 4.261825e-02 -1.194500e-01 -3.896678e-01 1.723253e-01 -3.594352e-01 3.885817e-02 -1.184009e-02
<VARIANCE> 39
 9.497062e+00 2.035361e+01 2.746512e+01 1.666744e+01 2.815524e+01 3.771253e+01 4.630463e+01 3.649025e+01 3.235146e+01 2.473937e+01 3.040378e+01 2.573117e+01 7.136284e-03 3.025967e-01 6.547103e-01 1.167835e+00 7.427953e-01 1.531930e+00 9.532942e-01 1.727073e+00 1.290481e+00 1.284107e+00 1.054321e+00 1.206887e+00 1.092749e+00 1.778727e-04 8.709808e-02 1.300605e-01 1.333638e-01 1.215295e-01 1.786385e-01 1.862181e-01 1.965682e-01 1.721726e-01 1.969077e-01 1.665975e-01 1.721541e-01 1.463311e-01 5.331279e-05
<GCONST> 6.490714e+01
<MIXTURE> 2 4.724793e-02
<MEAN> 39
 -4.438851e+00 -1.461147e+01 2.280957e+00 -1.285743e+01 -1.671111e+01 -1.099155e+01 -1.051477e+01 8.585558e+00 -5.659580e+00 1.996637e+00 -2.676247e+00 -1.175354e+00 7.955113e-01 1.730901e+00 -3.081913e+00 4.511778e-01 -1.862077e+00 -1.783944e+00 1.960748e-01 -1.163279e+00 2.898346e+00 -1.165013e-01 7.120241e-01 -3.960187e-01 -4.675544e-01 7.301231e-02 -1.001073e+00 4.412896e-01 -5.743834e-01 2.948376e-01 8.809046e-01 7.533751e-01 9.215917e-01 -4.726790e-01 3.186865e-01 -3.438378e-01 -1.994044e-01 -1.748434e-01 -2.472336e-02
<VARIANCE> 39
 8.961920e+00 2.179345e+01 3.689755e+01 2.234123e+01 3.731433e+01 3.256106e+01 4.216385e+01 2.086279e+01 3.513474e+01 1.994933e+01 2.560189e+01 2.111418e+01 1.107565e-02 1.561015e+00 1.984138e+00 2.167219e+00 1.804359e+00 2.664232e+00 2.917950e+00 4.016646e+00 1.870681e+00 2.783516e+00 1.980612e+00 2.440322e+00 1.513661e+00 1.205434e-03 2.916154e-01 3.912989e-01 3.686159e-01 3.473879e-01 4.661099e-01 4.877755e-01 4.422843e-01 3.282117e-01 4.240398e-01 2.950163e-01 3.617593e-01 3.336387e-01 2.581248e-04
<GCONST> 8.865271e+01
<MIXTURE> 3 7.600851e-02
<MEAN> 39
 -3.589503e+00 -1.519197e+01 -1.259667e+01 -9.466010e+00 -1.138348e+01 -9.523970e+00 1.708257e+00 -1.294948e+00 7.234599e+00 -6.565480e+00 -5.716077e+00 -6.246638e+00 8.810762e-01 -3.258779e-01 -7.961923e-01 2.448543e-02 -4.672872e-02 3.802231e-02 8.344512e-02 1.274354e+00 3.368559e-01 1.045611e-01 -9.409650e-01 -6.091973e-01 2.935095e-01 1.694176e-02 -1.561600e-01 3.975544e-01 3.073596e-01 4.805554e-02 2.078915e-01 1.931083e-01 -3.248602e-01 -8.722475e-02 -5.517329e-01 2.522928e-01 2.389311e-01 1.635451e-01 -1.332956e-02
<VARIANCE> 39
 9.733158e+00 1.893413e+01 2.400769e+01 2.948404e+01 3.689652e+01 5.185814e+01 4.650935e+01 3.431012e+01 5.037382e+01 3.194805e+01 2.568114e+01 3.309396e+01 7.771262e-03 4.035565e-01 8.695558e-01 1.338524e+00 1.274308e+00 1.633797e+00 1.690356e+00 2.261341e+00 1.981800e+00 1.910064e+00 1.966462e+00 1.451896e+00 1.480850e+00 3.242828e-04 1.374996e-01 1.526508e-01 2.158465e-01 2.433838e-01 2.618995e-01 3.184494e-01 2.917571e-01 2.968607e-01 2.977462e-01 2.814521e-01 2.615647e-01 2.590758e-01 1.092557e-04
<GCONST> 7.768326e+01
<MIXTURE> 4 4.935979e-02
<MEAN> 39
 -8.813863e+00 -6.997384e+00 -3.107524e+00 -1.296296e+01 -1.883042e+01 -8.928645e+00 2.312585e-02 -1.139647e+00 -3.835086e+00 -2.136676e+00 -3.888907e+00 -2.835247e+00 6.250272e-01 5.066308e-01 -1.114435e+00 -2.974975e-01 -4.837706e-01 -1.584042e-01 3.764933e-01 9.374596e-01 9.579707e-01 1.406736e-01 -2.083839e-01 -9.658556e-02 -2.178333e-01 3.632022e-02 -3.235858e-01 -2.667662e-01 1.035456e-01 1.947595e-01 7.491533e-01 4.306853e-01 -2.981269e-02 1.349733e-01 -5.942138e-02 -7.865912e-02 4.053675e-02 8.649830e-02 -6.652399e-03
<VARIANCE> 39
 1.113268e+01 1.832722e+01 5.272184e+01 6.526365e+01 4.399160e+01 7.106882e+01 6.059142e+01 5.392035e+01 5.338887e+01 4.829070e+01 4.479656e+01 3.938922e+01 3.533627e-02 7.164226e-01 1.570361e+00 1.859992e+00 1.929749e+00 2.753530e+00 3.105206e+00 2.988877e+00 2.210544e+00 2.861122e+00 2.160606e+00 1.924634e+00 1.577931e+00 1.143922e-03 3.397329e-01 2.927064e-01 2.914493e-01 4.500068e-01 6.439988e-01 6.420994e-01 6.641719e-01 5.037188e-01 5.295382e-01 5.811371e-01 4.289850e-01 4.143327e-01 3.308590e-04
<GCONST> 9.761756e+01
<MIXTURE> 5 1.043927e-01
<MEAN> 39
 -7.769132e+00 -1.555020e+01 -4.479902e+00 -2.018892e+01 -1.313445e+01 -6.123689e+00 4.044195e+00 3.421491e-01 -8.737295e+00 -4.064566e+00 -1.000643e+01 -1.649647e+00 8.440299e-01 -4.737898e-02 -1.238118e+00 -3.718514e-01 2.357237e-01 1.082763e+00 1.001444e+00 7.959402e-01 3.365268e-01 -3.566769e-01 -3.111213e-01 1.641797e-01 4.411017e-01 2.322527e-02 -1.790864e-01 4.990425e-01 -5.224964e-02 6.396195e-01 2.228422e-01 -3.472639e-02 -4.315010e-01 -3.532781e-01 1.324169e-01 -4.562033e-02 2.895038e-01 8.086658e-02 -1.517041e-02
<VARIANCE> 39
 9.115881e+00 2.522244e+01 3.555253e+01 3.557640e+01 4.292484e+01 4.134955e+01 3.447526e+01 4.817009e+01 3.225052e+01 3.240131e+01 2.204843e+01 2.058662e+01 1.021324e-02 5.200835e-01 1.124830e+00 1.313969e+00 1.509016e+00 1.714806e+00 2.096767e+00 2.071798e+00 2.203269e+00 1.887345e+00 2.440879e+00 1.358266e+00 1.579520e+00 3.780459e-04 1.364317e-01 2.199570e-01 2.202835e-01 2.543359e-01 3.676938e-01 3.394151e-01 3.329103e-01 3.647914e-01 2.717667e-01 2.909858e-01 2.763399e-01 2.648583e-01 1.088899e-04
<GCONST> 8.014180e+01
<MIXTURE> 6 6.891435e-02
<MEAN> 39
 -3.077547e+00 -2.026200e+01 -2.060285e+00 -1.338077e+01 -1.497250e+01 -5.012165e+00 -8.422933e+00 1.234610e+01 -1.210106e+00 -7.907988e-01 -6.295453e+00 -4.733145e+00 8.693616e-01 -9.757577e-03 -1.152786e+00 -2.192966e-01 -5.610307e-01 -4.910982e-02 1.000843e+00 2.261203e-01 8.345209e-01 2.189710e-01 -6.122905e-01 -5.266257e-01 -4.791946e-01 2.722314e-02 -3.581280e-01 8.211141e-01 -2.387187e-01 3.923064e-01 5.134627e-01 -1.012674e-01 5.314561e-01 -7.768939e-01 -5.116011e-02 -1.081241e-01 1.125445e-01 1.201501e-01 -1.895507e-02
<VARIANCE> 39
 7.126144e+00 1.726159e+01 2.330332e+01 1.863391e+01 2.649032e+01 2.986044e+01 4.126592e+01 1.747659e+01 2.756167e+01 2.281892e+01 2.285089e+01 2.129034e+01 7.324934e-03 4.928835e-01 9.362100e-01 1.687989e+00 9.647526e-01 1.285694e+00 1.407409e+00 2.338785e+00 1.548995e+00 1.445617e+00 1.123573e+00 1.175274e+00 1.153030e+00 3.464160e-04 1.453958e-01 1.235287e-01 1.735602e-01 1.963800e-01 2.347998e-01 3.341704e-01 2.727322e-01 2.907456e-01 2.636066e-01 2.198354e-01 2.110918e-01 1.746150e-01 8.500863e-05
<GCONST> 6.994788e+01
<MIXTURE> 7 4.438968e-02
<MEAN> 39
 -3.989202e+00 -1.723473e+01 -3.386443e+00 -1.705416e+01 -1.314681e+01 -8.531198e+00 -6.774507e+00 8.941436e+00 -3.890359e+00 3.157644e+00 -9.491326e+00 -3.305014e+00 8.497128e-01 1.555616e-01 -2.122018e+00 7.428814e-02 -1.267986e+00 -2.184374e-01 1.236398e+00 7.794670e-01 1.897265e+00 -4.342564e-01 -2.273515e-01 -1.286391e+00 -1.243887e-02 4.427956e-02 -9.091633e-01 9.839851e-01 -1.980919e-01 8.960673e-01 7.382249e-01 5.269487e-01 5.636526e-01 -8.112977e-01 3.369658e-02 -6.650467e-01 4.532929e-01 1.188283e-01 -3.357870e-02
<VARIANCE> 39
 9.678577e+00 2.486198e+01 3.547843e+01 2.818889e+01 4.529363e+01 3.952343e+01 4.169806e+01 2.784258e+01 5.023011e+01 3.238523e+01 2.260498e+01 2.979633e+01 8.579704e-03 7.312809e-01 1.785070e+00 1.728884e+00 1.624756e+00 1.623113e+00 2.334770e+00 2.593567e+00 1.874135e+00 1.541946e+00 2.044057e+00 1.996374e+00 1.872444e+00 7.528224e-04 2.431503e-01 3.040151e-01 3.295532e-01 2.598011e-01 4.953502e-01 4.122767e-01 4.476184e-01 3.718311e-01 4.946328e-01 3.759121e-01 3.391562e-01 3.534085e-01 2.252568e-04
<GCONST> 8.660523e+01
<MIXTURE> 8 5.412083e-02
<MEAN> 39
 -8.618515e+00 -1.007710e+01 -3.890212e+00 -1.837421e+01 -1.624121e+01 -6.511433e+00 -1.062061e+00 -4.592776e+00 -1.107753e+01 -4.816000e+00 -1.002431e+01 -3.883825e+00 6.993758e-01 2.307691e+00 -2.162733e+00 -4.677188e-01 -2.544636e+00 -1.909613e+00 -9.071310e-01 -1.893737e-01 4.182180e-01 -1.441660e+00 -3.887990e-01 -1.461221e+00 -6.469948e-01 1.147471e-01 -7.872233e-01 8.967713e-03 -1.339242e-01 6.448176e-01 8.787329e-01 5.774824e-01 3.922947e-01 5.748375e-01 7.828286e-01 4.333867e-01 6.970623e-01 3.778141e-01 -2.335094e-02
<VARIANCE> 39
 1.042424e+01 2.647507e+01 3.493641e+01 3.968014e+01 4.293273e+01 5.299142e+01 3.497263e+01 4.899247e+01 3.390211e+01 3.855167e+01 2.665075e+01 2.273276e+01 1.453118e-02 1.882377e+00 3.349905e+00 4.081217e+00 4.206837e+00 3.697692e+00 3.853316e+00 3.238219e+00 3.651109e+00 3.244764e+00 2.976968e+00 2.961192e+00 2.163723e+00 4.255186e-03 2.345197e-01 4.715447e-01 3.764216e-01 4.728327e-01 5.406072e-01 6.599993e-01 4.640608e-01 5.224959e-01 4.490271e-01 4.937818e-01 4.353757e-01 4.415911e-01 4.653437e-04
<GCONST> 1.003321e+02
<MIXTURE> 9 4.774178e-02
<MEAN> 39
 -7.020961e+00 -1.418087e+01 -5.592566e+00 -1.300659e+01 -1.184500e+01 -8.648451e+00 7.741346e-01 4.475080e+00 -5.055557e+00 -6.728384e+00 -6.446083e+00 -1.739202e+00 7.676708e-01 -4.713210e-01 -1.184884e-01 7.025023e-01 -1.630995e-02 -5.220656e-01 7.143449e-01 1.323310e+00 -4.283016e-01 -8.719249e-01 -4.922452e-01 8.072007e-01 1.461629e-02 3.630718e-03 2.275580e-01 1.533515e-01 -1.570938e-01 7.973325e-04 1.824601e-01 4.358570e-02 -6.225966e-01 -2.440800e-01 6.601216e-02 5.020165e-01 -8.647469e-02 -2.220058e-01 -1.795522e-03
<VARIANCE> 39
 9.949377e+00 2.417141e+01 3.794305e+01 3.594494e+01 5.096917e+01 5.700380e+01 5.692362e+01 5.518324e+01 3.724300e+01 4.146304e+01 2.687733e+01 3.489531e+01 2.036230e-02 4.840602e-01 8.130489e-01 1.517522e+00 1.362162e+00 2.388502e+00 2.241127e+00 2.332079e+00 1.855549e+00 2.339449e+00 1.754520e+00 1.695871e+00 1.717019e+00 3.971547e-04 7.214650e-02 1.856475e-01 2.299255e-01 3.008724e-01 3.601981e-01 3.640187e-01 3.136883e-01 4.715680e-01 4.114062e-01 3.964402e-01 2.854842e-01 3.239309e-01 8.246460e-05
<GCONST> 8.375835e+01
<MIXTURE> 10 1.040273e-01
<MEAN> 39
 -3.158067e+00 -1.845371e+01 -5.798175e+00 -1.458888e+01 -9.371141e+00 -8.804705e+00 -4.303049e+00 9.521746e+00 -3.645041e-01 -6.573751e-02 -8.122392e+00 -5.883090e+00 8.928951e-01 -3.248766e-01 -4.205865e-01 -1.134268e-01 -4.311292e-02 2.878030e-01 3.709491e-01 1.050490e+00 1.826419e-01 -6.909218e-02 -1.063364e+00 -5.548282e-01 -1.408361e-01 6.907932e-03 3.132214e-02 3.094841e-01 -8.892166e-02 2.283150e-01 -2.333886e-02 1.007860e-01 -2.146347e-01 -5.040407e-01 -3.358792e-03 -1.095767e-02 4.074608e-01 4.974261e-02 -6.469958e-03
<VARIANCE> 39
 9.297312e+00 2.360265e+01 3.080241e+01 2.705757e+01 3.623716e+01 4.740561e+01 4.555981e+01 2.904407e+01 3.619172e+01 3.054505e+01 2.467612e+01 3.157278e+01 7.181198e-03 2.535504e-01 5.389922e-01 1.208239e+00 9.756213e-01 1.341975e+00 1.918943e+00 1.527341e+00 1.789583e+00 1.336885e+00 1.354503e+00 1.179585e+00 1.547272e+00 1.695971e-04 4.627096e-02 1.127095e-01 1.420782e-01 1.797261e-01 1.789777e-01 2.179971e-01 2.381919e-01 2.352310e-01 2.099487e-01 2.157865e-01 1.914641e-01 2.295858e-01 3.761742e-05
<GCONST> 6.834296e+01
<MIXTURE> 11 1.012988e-01
<MEAN> 39
 -5.708743e+00 -1.499165e+01 4.159534e+00 -1.326778e+01 -2.049932e+01 -6.789718e+00 -6.511727e+00 1.023431e+01 -6.291471e+00 -1.220109e+00 6.570414e-01 -3.812720e+00 7.997565e-01 8.354923e-02 -6.640403e-01 -4.722074e-01 -2.276511e-01 8.720579e-02 5.587509e-01 5.424126e-01 5.867466e-01 3.422324e-01 -2.801126e-01 -4.377194e-01 -2.670082e-01 1.243320e-02 -4.576194e-02 2.627135e-01 -2.642086e-01 2.798850e-01 3.919705e-01 -4.490995e-02 9.135199e-02 -3.893049e-01 1.482715e-01 -1.593653e-01 -2.481669e-01 2.931226e-02 -6.762666e-03
<VARIANCE> 39
 7.509523e+00 1.942417e+01 2.511165e+01 2.255917e+01 2.714235e+01 4.362538e+01 4.765195e+01 3.830574e+01 3.018767e+01 2.535018e+01 2.646125e+01 2.523973e+01 1.414947e-02 2.454771e-01 7.624722e-01 1.227219e+00 8.035102e-01 1.225270e+00 1.130945e+00 1.515066e+00 1.377759e+00 1.407338e+00 1.025638e+00 1.427493e+00 8.513048e-01 3.112102e-04 6.091949e-02 1.217361e-01 1.318322e-01 1.240436e-01 1.772577e-01 1.972629e-01 2.330378e-01 2.237363e-01 1.831161e-01 1.761018e-01 1.490914e-01 1.610962e-01 6.196053e-05
<GCONST> 6.615421e+01
<MIXTURE> 12 5.926071e-02
<MEAN> 39
 -3.443270e+00 -1.615630e+01 -5.651071e+00 -9.676805e+00 -1.731033e+01 -7.013007e+00 -6.515563e+00 5.372259e+00 5.745422e+00 -5.857094e+00 1.010643e+00 -8.909022e+00 8.520142e-01 1.311235e-01 -1.503728e+00 -5.405080e-01 -5.326179e-01 -5.805215e-01 6.232607e-01 7.972212e-01 7.534778e-01 9.859129e-01 -9.719282e-01 -1.522916e-01 -9.028638e-01 3.952261e-02 -7.125167e-01 7.307888e-01 -2.603267e-02 2.198913e-01 9.138849e-01 2.008453e-01 5.819556e-01 -3.990206e-01 -6.057532e-01 2.682243e-01 -4.481241e-01 5.020613e-01 -2.732246e-02
<VARIANCE> 39
 9.071453e+00 2.146445e+01 3.662249e+01 1.787591e+01 4.015674e+01 3.871136e+01 3.776824e+01 3.225974e+01 4.311798e+01 3.314623e+01 2.732370e+01 2.554340e+01 8.022774e-03 4.906411e-01 1.257010e+00 1.689481e+00 1.129543e+00 2.203027e+00 1.792932e+00 2.344079e+00 1.994396e+00 1.950819e+00 1.736220e+00 1.660381e+00 1.742646e+00 4.386611e-04 2.296342e-01 2.164700e-01 2.717563e-01 2.515967e-01 4.256036e-01 4.128125e-01 3.507413e-01 3.993407e-01 3.869291e-01 3.738149e-01 2.802880e-01 3.156677e-01 1.632730e-04
<GCONST> 8.203648e+01
<MIXTURE> 13 6.072852e-02
<MEAN> 39
 -6.847589e+00 -9.839370e+00 -3.892193e+00 -7.963888e+00 -1.295647e+01 -7.747216e+00 2.247016e+00 5.138766e+00 -2.058930e+00 -3.117148e+00 -3.756946e+00 -3.098943e+00 6.217239e-01 2.087346e+00 -1.697464e+00 -2.080815e-01 -8.795520e-01 -1.082436e+00 -6.973323e-01 -7.195137e-01 5.348811e-01 1.354893e-01 -4.284922e-01 -2.133480e-01 -6.918967e-01 9.836549e-02 -4.521806e-01 -2.960184e-01 -2.365994e-02 -3.103403e-01 1.687099e-01 1.311164e-01 -3.789440e-01 -9.294301e-02 1.475310e-01 8.580877e-02 9.868025e-02 6.196183e-02 -3.701609e-03
<VARIANCE> 39
 1.274657e+01 1.863460e+01 2.682985e+01 2.371091e+01 3.597803e+01 3.794982e+01 3.846657e+01 2.968952e+01 3.131467e+01 2.044263e+01 2.452730e+01 2.208554e+01 2.308851e-02 2.106135e+00 1.688149e+00 2.531806e+00 2.156257e+00 3.247044e+00 3.228930e+00 2.913344e+00 2.359207e+00 2.298478e+00 2.655958e+00 2.350447e+00 1.543783e+00 2.364762e-03 2.787429e-01 2.274394e-01 2.753491e-01 3.217042e-01 3.806926e-01 4.276631e-01 3.712603e-01 3.192069e-01 3.023279e-01 3.459465e-01 2.461933e-01 2.161191e-01 3.297938e-04
<GCONST> 8.880636e+01
<MIXTURE> 14 4.209255e-02
<MEAN> 39
 -5.892886e+00 -1.440432e+01 -6.421498e+00 -1.883123e+01 -1.004158e+01 -1.508710e+01 4.611238e+00 -4.347194e-01 -2.884577e+00 -4.020742e+00 -8.207462e+00 -2.266503e+00 8.425486e-01 6.739890e-01 -2.327754e+00 -2.335136e-01 -1.852065e+00 2.905414e-01 -2.151479e-01 1.662856e+00 6.773888e-01 -4.208823e-03 -5.273418e-01 -7.564796e-01 -1.622500e-01 6.313656e-02 -9.558342e-01 6.299166e-01 5.103579e-02 9.671541e-01 5.121310e-01 1.237811e+00 -2.435467e-01 9.958828e-03 -8.797202e-02 6.247961e-02 4.301672e-01 1.519680e-01 -3.669592e-02
<VARIANCE> 39
 8.468294e+00 2.057033e+01 3.995000e+01 4.241567e+01 3.726553e+01 3.900719e+01 3.456926e+01 2.783422e+01 5.033084e+01 3.511052e+01 2.368677e+01 3.094881e+01 6.878658e-03 1.304947e+00 2.157871e+00 1.929858e+00 2.429947e+00 2.019823e+00 3.278083e+00 3.619542e+00 2.602342e+00 2.172301e+00 2.092099e+00 2.101233e+00 1.867089e+00 1.308745e-03 2.377376e-01 3.432452e-01 4.391640e-01 3.997497e-01 4.326364e-01 4.703254e-01 4.414583e-01 4.052346e-01 5.652356e-01 4.893827e-01 3.929003e-01 4.633896e-01 3.055057e-04
<GCONST> 9.183352e+01
<MIXTURE> 15 4.891981e-02
<MEAN> 39
 -3.402650e+00 -1.321139e+01 -4.989589e+00 -8.132357e+00 -1.672540e+01 -8.595735e+00 -6.752108e+00 3.160084e+00 3.060782e+00 -3.588019e+00 -3.634162e-01 -6.011328e+00 7.813265e-01 2.380790e+00 -2.966400e+00 -4.318137e-01 -9.623771e-01 -2.724057e+00 -1.126924e-01 -8.297202e-01 9.573914e-01 1.717867e+00 -1.169792e+00 4.674383e-01 -1.624123e+00 1.016570e-01 -1.226813e+00 2.527753e-01 -1.342974e-01 -5.269144e-02 9.006358e-01 5.878798e-01 7.697314e-01 -9.182296e-02 -2.371212e-01 6.840950e-02 -2.195379e-01 2.634092e-01 -2.976858e-02
<VARIANCE> 39
 8.588052e+00 1.950490e+01 3.478574e+01 1.646668e+01 3.410844e+01 3.708496e+01 3.295132e+01 3.874133e+01 4.118875e+01 3.288601e+01 2.919628e+01 2.834157e+01 7.938722e-03 1.639731e+00 1.832838e+00 2.922685e+00 2.255368e+00 3.069503e+00 2.968028e+00 3.069942e+00 3.180492e+00 2.899854e+00 2.465422e+00 2.272433e+00 2.369169e+00 1.915823e-03 2.296465e-01 3.120354e-01 3.867782e-01 3.218643e-01 3.946141e-01 5.258707e-01 3.873116e-01 4.445068e-01 5.295337e-01 5.385692e-01 3.356063e-01 4.406824e-01 3.240982e-04
<GCONST> 9.215264e+01
<MIXTURE> 16 3.276430e-02
<MEAN> 39
 -8.403453e+00 -1.404665e+01 -1.435117e+00 -1.835930e+01 -1.401822e+01 -5.913780e+00 -4.339277e-01 2.158652e+00 -1.305939e+01 -4.531608e+00 -5.692335e+00 -4.405649e+00 7.532383e-01 -6.661643e-01 5.650734e-01 1.208127e+00 -1.178163e+00 -8.615100e-01 1.448225e+00 8.319948e-01 -1.598898e+00 -4.170208e-01 9.746925e-01 -1.018137e-01 -6.209368e-01 -2.612510e-03 2.141700e-01 1.927857e-01 -4.524006e-01 2.610698e-01 3.371821e-01 -1.712353e-01 -6.386912e-01 -1.413162e-01 4.672181e-01 -7.129165e-02 -2.929322e-01 -5.689006e-02 -3.063923e-03
<VARIANCE> 39
 8.657900e+00 2.225263e+01 3.074539e+01 3.350890e+01 5.012078e+01 4.052811e+01 3.111934e+01 5.032788e+01 3.027461e+01 4.726601e+01 2.970227e+01 2.797905e+01 1.650857e-02 2.922271e-01 3.864501e-01 1.062426e+00 8.923634e-01 1.941774e+00 1.160403e+00 1.874644e+00 1.302030e+00 1.817878e+00 1.792083e+00 1.415498e+00 9.899863e-01 3.052281e-04 4.240747e-02 1.462904e-01 1.125700e-01 2.163947e-01 2.726177e-01 3.001558e-01 2.290298e-01 3.934517e-01 2.361367e-01 3.495907e-01 2.128395e-01 2.363526e-01 5.541078e-05
<GCONST> 7.263585e+01
<STATE> 3
<NUMMIXES> 16
<MIXTURE> 1 4.413420e-02
<MEAN> 39
 -2.714381e+00 -1.893451e+01 -9.408193e+00 -1.150783e+01 -1.224389e+01 -5.184767e+00 -3.655382e+00 4.667364e+00 7.635335e+00 -7.545266e+00 -1.552632e+00 -1.189309e+01 9.327483e-01 8.652539e-02 1.619717e-01 -8.228127e-01 -1.784758e-01 6.535999e-01 6.088770e-01 1.554584e-01 -8.087594e-01 2.619553e-01 1.794698e-01 -5.931725e-02 -7.703916e-01 3.043467e-03 5.655317e-02 3.335577e-01 1.053909e-01 5.671069e-02 -2.326281e-02 -8.638912e-02 -2.424251e-01 -8.068078e-02 -4.387260e-01 5.297138e-01 1.079699e-01 3.481286e-01 -7.951271e-03
<VARIANCE> 39
 6.721408e+00 1.682945e+01 2.641918e+01 2.218747e+01 3.423892e+01 4.427724e+01 3.520938e+01 4.432342e+01 3.558839e+01 3.271214e+01 2.504261e+01 1.990972e+01 2.801053e-03 2.777513e-01 6.026108e-01 1.016257e+00 8.937536e-01 1.256498e+00 1.790632e+00 1.852137e+00 1.792275e+00 1.405902e+00 1.550518e+00 1.141520e+00 1.168638e+00 1.488696e-04 4.328365e-02 1.085184e-01 1.436326e-01 1.612234e-01 2.033898e-01 2.228578e-01 2.601258e-01 3.153204e-01 1.768231e-01 1.814830e-01 1.661878e-01 1.728489e-01 3.237574e-05
<GCONST> 6.518358e+01
<MIXTURE> 2 6.863888e-02
<MEAN> 39
 -5.809258e+00 -1.501554e+01 1.389838e+00 -1.228293e+01 -1.658384e+01 -6.279374e+00 -2.656956e+00 8.695234e+00 -6.724785e+00 -3.509459e+00 -3.292154e+00 -2.354803e+00 7.541520e-01 2.907622e-01 -1.897859e-01 -9.255327e-01 4.528193e-01 8.155484e-01 -1.713852e-01 -3.874632e-01 2.874105e-01 7.482550e-01 -5.838736e-01 -5.834028e-01 2.743679e-01 3.454009e-04 6.980772e-02 8.274224e-02 -1.551250e-01 4.776185e-02 1.654970e-01 -3.770236e-02 -2.505619e-01 -1.403197e-01 2.536792e-01 2.116457e-02 -1.030127e-01 -7.033975e-02 -1.516206e-03
<VARIANCE> 39
 5.660680e+00 1.834615e+01 2.738188e+01 2.224932e+01 4.073764e+01 4.153491e+01 2.862090e+01 2.054253e+01 3.278304e+01 2.594054e+01 3.188236e+01 2.941946e+01 1.329879e-02 1.149575e-01 3.116735e-01 4.321810e-01 4.399052e-01 7.032017e-01 7.910289e-01 9.173991e-01 8.146293e-01 8.229319e-01 7.302470e-01 7.236269e-01 6.769195e-01 1.053584e-04 2.149970e-02 4.709786e-02 8.341341e-02 8.276914e-02 1.098763e-01 1.259797e-01 1.353478e-01 1.158111e-01 1.314272e-01 1.023867e-01 1.102921e-01 1.199339e-01 1.545611e-05
<GCONST> 4.954620e+01
<MIXTURE> 3 6.984685e-02
<MEAN> 39
 -7.079764e+00 -1.864670e+01 -8.778396e+00 -1.784129e+01 -5.783393e+00 -8.997740e+00 5.914298e+00 -1.301873e+00 -6.485506e+00 -8.218163e+00 -9.083668e+00 -4.723310e-01 9.124125e-01 -1.263596e-02 -1.544880e-01 -2.869042e-01 2.902856e-01 4.958697e-01 3.355688e-01 -3.462081e-01 -1.887398e-01 1.989255e-02 -4.935295e-02 -9.639262e-02 2.527279e-01 -2.467380e-04 1.076600e-01 2.290380e-01 -1.018573e-02 7.386596e-02 -2.028238e-01 -7.712024e-02 -2.335279e-01 1.175996e-01 1.554338e-01 2.105003e-01 1.365301e-02 -1.277069e-01 -3.910239e-03
<VARIANCE> 39
 7.574245e+00 2.198643e+01 2.909942e+01 3.375686e+01 4.485154e+01 3.447261e+01 3.632698e+01 3.742930e+01 4.201126e+01 2.529047e+01 2.158499e+01 2.902274e+01 4.531027e-03 2.229437e-01 5.397390e-01 5.652976e-01 6.404091e-01 1.267326e+00 1.136824e+00 1.388934e+00 1.138508e+00 1.473156e+00 1.103381e+00 8.976955e-01 8.773261e-01 9.435262e-05 4.013526e-02 6.241948e-02 9.500889e-02 1.185890e-01 1.777746e-01 1.817710e-01 2.505549e-01 1.873515e-01 1.727621e-01 1.773196e-01 1.398437e-01 1.771075e-01 1.878882e-05
<GCONST> 5.988836e+01
<MIXTURE> 4 6.585608e-02
<MEAN> 39
 -4.051700e+00 -1.336736e+01 -1.121798e+01 -9.220814e+00 -7.866143e+00 -1.254338e+01 3.967746e+00 2.549470e+00 3.043214e+00 -2.496503e+00 -8.950012e+00 -3.434197e+00 8.058378e-01 1.293173e-01 2.716908e-01 -6.323332e-01 3.850491e-02 6.167887e-01 1.569545e-01 -8.092537e-02 -5.473544e-01 2.006738e-01 3.167781e-01 -2.468944e-01 -3.543227e-01 -5.666995e-03 -2.150595e-02 1.703389e-01 1.718531e-01 3.951209e-02 -1.143138e-01 1.585894e-01 -2.885221e-01 -7.592192e-02 -4.241370e-02 3.657027e-02 3.322284e-01 -9.207606e-02 -6.074890e-03
<VARIANCE> 39
 9.767407e+00 2.413155e+01 2.563616e+01 3.005685e+01 3.053352e+01 3.770963e+01 2.831823e+01 3.096615e+01 3.319462e+01 2.708601e+01 2.205852e+01 2.689963e+01 1.349949e-02 2.583716e-01 7.169081e-01 6.724166e-01 7.235723e-01 1.120115e+00 9.991105e-01 1.481341e+00 1.197773e+00 1.020549e+00 8.570067e-01 9.147387e-01 8.123849e-01 2.694567e-04 6.100564e-02 1.291602e-01 1.230784e-01 1.407494e-01 2.010579e-01 1.848634e-01 2.231142e-01 2.139280e-01 1.738132e-01 1.289460e-01 1.591870e-01 1.553408e-01 4.649919e-05
<GCONST> 6.341579e+01
<MIXTURE> 5 4.151646e-02
<MEAN> 39
 -7.216535e+00 -1.510597e+01 1.862017e+00 -1.422882e+01 -1.870935e+01 -4.418465e+00 -2.867466e+00 7.388594e+00 -7.988406e+00 -3.314339e+00 -2.390292e+00 -5.262728e+00 8.101518e-01 1.235416e-02 -1.260999e-02 -1.907377e-01 7.758391e-02 2.116931e-01 -3.201697e-02 2.715788e-02 8.070018e-02 1.101908e-02 -1.757555e-01 -2.177397e-02 1.857580e-02 -6.288498e-04 6.209047e-02 8.777751e-03 -1.070791e-01 7.533775e-02 1.055409e-01 -9.454593e-02 -6.592638e-02 2.607549e-02 1.111157e-01 -2.181103e-02 -5.048478e-02 7.694437e-02 -7.754234e-04
<VARIANCE> 39
 9.414980e+00 2.386255e+01 3.725458e+01 4.146811e+01 3.750595e+01 5.678051e+01 4.881495e+01 3.733083e+01 4.302600e+01 3.579085e+01 4.034037e+01 2.312430e+01 1.134725e-02 7.137796e-02 1.362235e-01 1.912995e-01 1.826932e-01 2.882984e-01 2.960597e-01 3.301946e-01 3.325200e-01 3.331458e-01 3.732102e-01 3.081657e-01 2.700812e-01 4.050340e-05 1.290300e-02 2.043398e-02 3.102851e-02 3.384730e-02 4.722200e-02 5.508187e-02 6.252750e-02 6.202170e-02 5.303925e-02 6.349488e-02 5.272323e-02 5.188228e-02 6.089280e-06
<GCONST> 3.175497e+01
<MIXTURE> 6 5.202687e-02
<MEAN> 39
 -4.581836e+00 -1.595744e+01 -1.112771e+01 -1.038329e+01 -1.036027e+01 -1.070322e+01 4.959167e+00 -7.606471e-01 5.445547e+00 -8.112450e+00 -7.137769e+00 -4.294096e+00 8.809587e-01 -1.121908e-01 1.518287e-01 7.014453e-01 1.458529e-01 -7.094085e-01 -4.861924e-01 -1.283601e-01 6.524362e-01 -6.160771e-01 1.239653e-01 6.235545e-01 1.770779e-01 -9.749342e-03 2.829118e-02 2.547582e-01 2.639572e-01 5.636214e-02 -1.852220e-01 -9.010085e-02 -4.655349e-01 1.794557e-01 -3.998151e-01 3.485542e-01 3.549619e-01 -7.306600e-02 -7.680343e-03
<VARIANCE> 39
 8.782638e+00 1.839492e+01 2.894996e+01 3.503244e+01 3.501995e+01 4.284859e+01 3.633083e+01 3.739534e+01 6.448357e+01 2.907418e+01 2.265008e+01 3.011710e+01 7.551410e-03 2.371945e-01 5.405517e-01 7.580020e-01 6.748145e-01 1.229064e+00 1.393876e+00 1.575982e+00 1.420645e+00 1.263489e+00 1.248685e+00 1.177249e+00 9.799139e-01 1.511592e-04 4.422921e-02 8.958792e-02 1.314312e-01 1.537206e-01 1.895823e-01 2.125483e-01 2.395920e-01 3.112066e-01 2.101245e-01 1.940242e-01 1.820527e-01 2.031918e-01 3.156319e-05
<GCONST> 6.570792e+01
<MIXTURE> 7 7.468570e-02
<MEAN> 39
 -2.323727e+00 -1.925386e+01 -6.968682e+00 -1.079116e+01 -1.540674e+01 -3.137459e+00 -6.864572e+00 9.395226e+00 3.334195e+00 -4.898462e+00 -3.676511e+00 -9.075316e+00 9.084342e-01 4.460400e-02 -1.013304e-01 -4.975584e-01 -4.914847e-02 4.710276e-01 3.959848e-01 2.126977e-01 -2.920882e-01 1.113592e-01 -1.110969e-01 -3.580498e-01 -2.829706e-01 1.609896e-03 1.523760e-02 1.579861e-01 7.758939e-02 -3.021846e-02 5.827308e-02 -1.611639e-01 -1.270808e-01 -1.749716e-01 -8.227661e-02 2.149075e-01 1.375155e-01 8.838795e-02 -3.508581e-03
<VARIANCE> 39
 7.299344e+00 1.961071e+01 2.973607e+01 1.932661e+01 3.858037e+01 3.726679e+01 3.120786e+01 2.445583e+01 2.969970e+01 2.837637e+01 2.582393e+01 2.470063e+01 4.513974e-03 1.206720e-01 3.375427e-01 5.744133e-01 4.545399e-01 6.463180e-01 7.947313e-01 9.517534e-01 8.029630e-01 6.691334e-01 7.833713e-01 8.749150e-01 6.046171e-01 8.437010e-05 1.943484e-02 3.793330e-02 6.314883e-02 6.886133e-02 9.380405e-02 1.007525e-01 1.067823e-01 1.164190e-01 9.844395e-02 1.101770e-01 1.125606e-01 8.993658e-02 1.050287e-05
<GCONST> 4.627542e+01
<MIXTURE> 8 6.706307e-02
<MEAN> 39
 -9.531428e+00 -1.018169e+01 1.102102e+00 -2.265472e+01 -1.888721e+01 -1.050296e+00 -2.064872e+00 -2.234962e+00 -1.271690e+01 1.044011e-01 -9.704432e+00 -5.372017e+00 7.553096e-01 1.151522e-01 -4.701193e-01 -3.374028e-01 4.768800e-01 2.928911e-01 -2.143292e-02 8.991504e-02 4.140169e-01 -3.083576e-01 -3.563576e-01 2.446631e-01 5.160276e-02 1.710066e-03 9.390285e-02 -2.869840e-02 -1.771436e-01 3.117055e-01 1.544002e-01 -3.031432e-01 -9.082152e-02 1.792143e-01 7.881190e-03 -2.337823e-01 1.389634e-01 1.506782e-01 -2.228520e-03
<VARIANCE> 39
 6.988557e+00 2.222077e+01 2.453873e+01 3.641192e+01 2.692970e+01 4.602946e+01 5.049169e+01 5.886633e+01 3.575699e+01 3.824067e+01 3.858836e+01 2.201805e+01 1.397120e-02 1.835933e-01 6.540680e-01 5.986620e-01 1.054625e+00 7.042831e-01 1.464328e+00 1.179074e+00 1.258658e+00 1.122968e+00 1.308897e+00 1.074277e+00 8.512349e-01 1.485797e-04 3.348956e-02 8.628291e-02 9.147109e-02 9.948552e-02 1.215088e-01 1.718416e-01 2.166918e-01 2.215879e-01 2.014941e-01 1.891809e-01 1.332289e-01 1.363727e-01 2.290966e-05
<GCONST> 6.224910e+01
<MIXTURE> 9 6.211116e-02
<MEAN> 39
 -8.314480e+00 -1.478133e+01 -3.206934e+00 -1.832658e+01 -1.237186e+01 -4.668159e+00 3.456377e+00 -9.202444e-01 -1.057244e+01 -4.255167e+00 -7.045002e+00 -1.964576e+00 8.203279e-01 6.735854e-03 -9.096905e-05 -9.915638e-02 2.287056e-01 1.782988e-01 6.229958e-02 -6.577742e-02 -8.895274e-02 -1.161802e-01 -1.453254e-01 1.672744e-01 1.851891e-01 -3.434142e-03 5.371719e-02 7.921905e-03 -7.891110e-02 3.432580e-02 -5.157506e-02 -1.957469e-01 -1.376787e-01 9.198970e-02 5.120267e-02 -7.382297e-02 -8.634010e-02 3.681028e-03 -8.966890e-04
<VARIANCE> 39
 7.426220e+00 2.077096e+01 4.370285e+01 4.656507e+01 3.407988e+01 4.352500e+01 3.548220e+01 4.764337e+01 2.218526e+01 3.611432e+01 2.115712e+01 1.600123e+01 9.939281e-03 9.186316e-02 3.212471e-01 3.462728e-01 5.336353e-01 5.606357e-01 6.075997e-01 5.593238e-01 6.598650e-01 5.299529e-01 7.425871e-01 4.707181e-01 4.651879e-01 6.060141e-05 1.568844e-02 4.872093e-02 6.164823e-02 7.796027e-02 9.942101e-02 8.633275e-02 1.082094e-01 1.071474e-01 1.165300e-01 1.096713e-01 9.157541e-02 8.137035e-02 9.218776e-06
<GCONST> 4.493756e+01
<MIXTURE> 10 8.046515e-02
<MEAN> 39
 -5.836702e+00 -1.374848e+01 -3.911029e+00 -7.137093e+00 -1.909279e+01 -7.444705e+00 7.221573e-02 2.211804e+00 2.950326e+00 -9.591195e+00 6.008112e-01 -4.302572e+00 7.822907e-01 8.276553e-02 -9.669276e-02 -3.081561e-01 2.901222e-02 3.055298e-01 4.346283e-02 1.951583e-02 2.351313e-02 1.119568e-01 -1.179672e-01 -1.557289e-01 -1.702034e-01 5.165534e-04 7.395410e-02 5.455876e-02 -1.084754e-01 -3.117446e-02 2.724618e-01 -8.255084e-02 -2.329870e-01 1.068547e-02 -3.085163e-02 2.072930e-01 -1.821764e-01 -3.674033e-02 -2.182663e-03
<VARIANCE> 39
 8.075250e+00 1.943525e+01 3.513357e+01 2.730363e+01 3.450997e+01 4.764074e+01 4.599565e+01 3.344096e+01 4.115524e+01 2.518019e+01 3.497651e+01 2.961974e+01 1.202502e-02 1.650694e-01 3.886890e-01 7.416912e-01 3.935507e-01 9.226347e-01 6.338016e-01 9.992021e-01 8.506621e-01 1.046624e+00 7.264975e-01 9.778058e-01 6.775105e-01 1.397568e-04 3.036544e-02 4.900940e-02 9.363712e-02 7.321520e-02 1.127922e-01 1.081543e-01 1.470118e-01 1.525660e-01 1.448065e-01 1.351628e-01 1.077216e-01 1.075984e-01 1.717728e-05
<GCONST> 5.451038e+01
<MIXTURE> 11 5.773822e-02
<MEAN> 39
 -7.817414e+00 -1.561790e+01 -6.907364e+00 -1.532139e+01 -1.245095e+01 -4.400521e+00 1.942035e+00 -1.068621e+00 -1.228428e+01 -6.632594e+00 -7.064219e+00 -9.085874e-01 8.018323e-01 3.584006e-01 -5.644913e-01 -1.116738e+00 1.248435e+00 1.106941e+00 -4.940172e-01 -8.615957e-01 7.705827e-01 8.175741e-02 -9.776401e-01 8.139607e-02 8.702623e-01 3.946625e-04 7.593890e-02 2.935278e-01 2.562669e-02 -1.034394e-01 -8.661661e-02 -9.743708e-02 -3.596346e-01 -5.632378e-02 2.892834e-01 1.065162e-01 -2.744755e-01 -1.177122e-01 -4.882857e-03
<VARIANCE> 39
 5.547430e+00 1.862164e+01 2.992059e+01 3.241286e+01 3.472827e+01 3.805722e+01 3.956842e+01 3.988715e+01 3.123265e+01 3.281979e+01 2.400046e+01 2.570383e+01 1.293232e-02 1.793959e-01 6.897275e-01 5.194069e-01 7.714340e-01 9.343677e-01 1.329575e+00 1.262198e+00 1.737382e+00 1.620297e+00 1.295793e+00 1.047406e+00 8.654243e-01 1.540379e-04 3.829277e-02 9.574080e-02 1.147309e-01 1.563569e-01 1.970047e-01 1.953949e-01 2.699870e-01 2.497940e-01 2.074361e-01 2.273806e-01 1.724420e-01 1.594012e-01 2.813112e-05
<GCONST> 6.390522e+01
<MIXTURE> 12 9.211364e-02
<MEAN> 39
 -3.771812e+00 -2.084880e+01 -3.314987e+00 -1.510587e+01 -9.914226e+00 -4.486598e+00 -5.906055e+00 1.154196e+01 -3.692246e+00 -1.601144e+00 -1.019330e+01 -2.572042e+00 8.726542e-01 5.109667e-03 7.398903e-02 -1.619264e-01 -5.104367e-02 3.140656e-01 5.466843e-02 1.515426e-02 -1.511056e-01 -5.249009e-02 5.853298e-02 -1.656588e-01 -2.508948e-02 -2.463668e-03 5.084471e-02 2.934153e-01 -7.528383e-02 1.094541e-01 -5.299332e-02 -1.983007e-01 -7.241681e-02 -2.491879e-01 8.695668e-02 1.468219e-01 2.070895e-01 -1.282719e-01 -5.266559e-03
<VARIANCE> 39
 8.027102e+00 1.807875e+01 2.878740e+01 1.798942e+01 3.078994e+01 3.339325e+01 3.179458e+01 1.774865e+01 2.940992e+01 2.593622e+01 2.046729e+01 2.884112e+01 9.054172e-03 1.928578e-01 4.046152e-01 6.557914e-01 5.153380e-01 8.751030e-01 9.625232e-01 1.085346e+00 7.754596e-01 7.599867e-01 7.777099e-01 7.251807e-01 6.220482e-01 1.116172e-04 3.617551e-02 6.993403e-02 9.409747e-02 9.493949e-02 1.401448e-01 1.376763e-01 1.595950e-01 1.370622e-01 1.303041e-01 1.227452e-01 1.205424e-01 1.050821e-01 2.077375e-05
<GCONST> 5.233287e+01
<MIXTURE> 13 5.325935e-02
<MEAN> 39
 -5.201005e+00 -1.223126e+01 -7.900320e+00 -8.002754e+00 -1.337650e+01 -6.054206e+00 -1.583331e+00 5.562459e+00 -8.900782e-02 -8.253731e+00 -3.445378e+00 -6.214201e+00 7.361711e-01 9.789708e-02 2.067903e-01 -5.606445e-01 2.560802e-01 6.014084e-01 1.993660e-01 -1.662006e-01 -3.535879e-01 4.573510e-01 -2.080459e-01 -3.524280e-01 -4.462587e-02 -5.526335e-03 3.304140e-02 5.236267e-03 1.093139e-01 -6.318396e-02 1.064513e-01 -7.048695e-02 -1.975435e-01 -1.213698e-01 -4.221395e-02 3.009133e-01 -6.003240e-03 1.639692e-02 -3.155409e-03
<VARIANCE> 39
 7.949707e+00 1.789351e+01 2.624100e+01 2.044741e+01 3.427234e+01 3.737012e+01 3.616866e+01 3.968172e+01 4.075520e+01 3.057453e+01 3.345623e+01 2.619693e+01 1.453218e-02 3.673306e-01 9.933637e-01 9.984377e-01 1.081794e+00 1.501956e+00 1.629583e+00 1.653878e+00 1.443968e+00 1.457431e+00 1.171138e+00 1.181745e+00 1.083464e+00 5.213887e-04 8.293433e-02 1.866043e-01 1.873188e-01 2.034506e-01 2.100918e-01 2.492223e-01 2.546649e-01 3.012279e-01 2.143479e-01 1.918881e-01 2.094174e-01 1.951944e-01 8.212460e-05
<GCONST> 7.232529e+01
<MIXTURE> 14 5.662475e-02
<MEAN> 39
 -6.959205e+00 -1.890210e+01 -1.185760e+01 -1.251172e+01 -8.137464e+00 -2.528028e+00 1.626775e+00 -8.567976e-01 -9.702467e+00 -7.731472e+00 -7.686730e+00 2.031901e+00 8.842217e-01 7.989223e-02 2.918685e-01 -1.817189e-01 -1.508908e-01 -3.791202e-01 -4.285743e-01 -2.105414e-01 -1.715835e-01 9.426970e-02 -9.790876e-02 -4.158147e-01 -4.174385e-01 -8.921968e-03 7.241503e-02 4.261819e-01 1.760204e-01 -1.869327e-01 -2.841198e-01 -3.531974e-01 -6.492195e-02 -6.048399e-02 6.471900e-02 9.842902e-02 -2.317009e-01 -2.698516e-01 -9.311700e-03
<VARIANCE> 39
 8.442648e+00 1.797811e+01 2.840611e+01 3.449645e+01 4.214251e+01 2.421603e+01 4.298088e+01 3.836884e+01 3.124238e+01 3.298012e+01 2.765146e+01 2.075744e+01 8.483971e-03 3.836607e-01 7.135140e-01 8.902593e-01 1.010233e+00 1.303164e+00 1.239529e+00 1.455764e+00 1.520979e+00 1.481202e+00 1.154004e+00 1.203175e+00 9.655808e-01 2.160026e-04 6.848001e-02 1.465075e-01 1.630594e-01 2.041816e-01 2.253423e-01 2.226007e-01 2.357002e-01 2.702212e-01 2.809570e-01 2.687758e-01 2.069144e-01 1.843473e-01 4.158396e-05
<GCONST> 6.887435e+01
<MIXTURE> 15 4.683622e-02
<MEAN> 39
 -2.619585e+00 -2.019933e+01 -6.188509e+00 -1.164428e+01 -1.556066e+01 -5.135583e-01 -8.793274e+00 1.002978e+01 2.386360e+00 -4.191235e+00 -5.030598e+00 -8.680984e+00 9.086530e-01 -6.065373e-02 2.276914e-01 2.163288e-01 -8.908412e-02 1.484704e-01 -4.890734e-01 -1.886180e-01 3.290014e-01 -4.430614e-01 3.038907e-01 8.888936e-02 2.294708e-01 -6.360066e-03 -6.652180e-02 5.592181e-01 1.141595e-01 1.386511e-01 2.250582e-01 -5.782384e-01 1.551713e-01 -3.192284e-01 -2.451365e-01 3.060670e-01 1.650429e-01 3.292347e-01 -1.198995e-02
<VARIANCE> 39
 8.168283e+00 2.313454e+01 2.204122e+01 1.991827e+01 3.866599e+01 3.191344e+01 3.020411e+01 3.146968e+01 4.498780e+01 3.343332e+01 3.004915e+01 2.168081e+01 4.745728e-03 3.366178e-01 6.965003e-01 1.067898e+00 1.006748e+00 1.264995e+00 1.465682e+00 1.443537e+00 1.515195e+00 1.127239e+00 1.467698e+00 1.294472e+00 9.139138e-01 1.773716e-04 7.600688e-02 2.133286e-01 1.866865e-01 1.999333e-01 2.483262e-01 1.958279e-01 2.861438e-01 3.210518e-01 2.275154e-01 1.748690e-01 2.419722e-01 1.630154e-01 5.531988e-05
<GCONST> 6.839890e+01
<MIXTURE> 16 6.704785e-02
<MEAN> 39
 -4.847821e+00 -1.617225e+01 -9.663374e+00 -9.316144e+00 -1.141360e+01 -9.901806e+00 3.689084e+00 6.334388e-01 3.856927e+00 -7.398186e+00 -6.541773e+00 -3.703499e+00 8.549313e-01 -1.422757e-02 1.453056e-02 -1.451393e-01 1.473866e-02 2.378155e-01 -3.692364e-03 9.690107e-02 -1.006193e-01 -6.572042e-02 -5.023021e-02 -7.160021e-02 -3.331237e-02 -1.697883e-03 5.060164e-02 5.541455e-02 2.337144e-02 -1.098672e-02 -4.496202e-02 -3.126278e-03 -2.318111e-01 2.445315e-02 1.146370e-02 1.275935e-01 5.979141e-02 -6.843840e-02 -1.682946e-03
<VARIANCE> 39
 9.238619e+00 1.764147e+01 2.967054e+01 1.875505e+01 3.926783e+01 3.833918e+01 4.336247e+01 3.597418e+01 5.977494e+01 3.210149e+01 2.896444e+01 3.296421e+01 9.127980e-03 1.056825e-01 1.846221e-01 3.280471e-01 2.102390e-01 4.852624e-01 4.429817e-01 6.199436e-01 5.012749e-01 4.861567e-01 4.225946e-01 3.878809e-01 3.908533e-01 6.050350e-05 1.689672e-02 2.650227e-02 3.985105e-02 3.555248e-02 6.830683e-02 6.785818e-02 8.723537e-02 7.250521e-02 7.333845e-02 5.933490e-02 6.378632e-02 6.314619e-02 9.737316e-06
<GCONST> 3.778844e+01
<STATE> 4
<NUMMIXES> 16
<MIXTURE> 1 4.721728e-02
<MEAN> 39
 -1.621357e+00 -1.807811e+01 -7.491073e+00 -1.190942e+01 -1.315802e+01 -1.712649e+00 -1.024635e+01 6.246959e+00 3.441760e+00 -8.021908e-01 -3.413443e+00 -1.062663e+01 8.643466e-01 -2.469137e-01 2.465319e+00 -2.243946e-01 5.434558e-01 1.475795e+00 -9.928117e-01 2.453237e-01 -1.327964e+00 -8.625945e-01 1.382923e+00 3.435011e-01 8.162049e-01 -4.904914e-02 -8.542750e-01 1.085223e+00 2.043208e-01 4.659480e-01 6.885949e-01 -3.271582e-01 7.778723e-01 -4.263430e-01 -2.899608e-01 -1.626901e-01 -8.136129e-02 7.156146e-01 -2.747408e-02
<VARIANCE> 39
 6.433973e+00 2.235549e+01 2.451502e+01 2.193909e+01 3.118138e+01 3.451224e+01 3.403654e+01 3.301768e+01 3.376781e+01 4.325010e+01 3.129734e+01 2.261646e+01 5.892432e-03 1.088777e+00 1.814318e+00 1.941930e+00 1.493971e+00 2.321465e+00 2.310194e+00 3.016940e+00 3.136372e+00 2.426216e+00 1.896533e+00 2.628959e+00 2.112869e+00 4.630697e-04 3.027557e-01 2.838347e-01 2.567668e-01 2.705446e-01 3.172421e-01 3.193410e-01 3.853750e-01 3.525345e-01 4.144585e-01 3.503301e-01 3.530183e-01 2.600014e-01 1.816771e-04
<GCONST> 8.455167e+01
<MIXTURE> 2 6.124388e-02
<MEAN> 39
 -2.302562e+00 -1.621658e+01 -1.359127e+01 -1.314808e+01 -6.440641e+00 -5.278033e+00 -2.900343e+00 8.390969e-01 4.271165e+00 -1.354656e+00 -3.696951e+00 -1.229092e+01 8.992355e-01 4.200875e-01 7.491565e-01 -4.271221e-01 -4.777196e-01 2.387774e-01 6.852139e-01 -4.127892e-01 -1.270784e+00 -4.941491e-01 1.201448e+00 9.602497e-01 -2.085519e-01 -1.255194e-02 9.860810e-04 3.699365e-01 3.384788e-01 1.130041e-01 -2.489992e-01 4.973461e-02 -1.279656e-01 -4.177448e-02 -3.303390e-01 1.995162e-02 2.687303e-01 5.100218e-01 -1.173589e-02
<VARIANCE> 39
 8.044378e+00 1.707632e+01 3.012451e+01 3.179859e+01 3.241042e+01 4.425400e+01 4.275439e+01 5.148478e+01 3.904786e+01 3.372078e+01 3.541857e+01 2.495383e+01 6.923559e-03 3.600152e-01 7.661234e-01 7.834704e-01 1.240095e+00 1.391323e+00 2.147715e+00 1.823204e+00 2.153652e+00 1.589320e+00 1.323619e+00 1.421186e+00 1.462005e+00 3.036073e-04 7.434446e-02 1.467831e-01 1.523178e-01 2.381963e-01 2.026655e-01 2.180916e-01 2.880251e-01 2.840038e-01 2.724878e-01 1.929853e-01 2.648429e-01 2.282950e-01 7.468140e-05
<GCONST> 7.323479e+01
<MIXTURE> 3 7.084195e-02
<MEAN> 39
 -4.980810e+00 -1.105683e+01 -9.937464e+00 -1.196922e+01 -9.389689e+00 -8.721702e+00 1.055522e+00 -6.869945e-01 -5.222130e+00 -4.813508e+00 -1.223017e+01 -1.277121e-01 6.895104e-01 -1.621879e+00 3.515271e+00 1.501097e+00 1.937441e+00 7.939733e-01 2.244981e-01 -4.945390e-01 -3.804884e-01 5.775630e-01 5.429536e-01 1.304429e+00 -2.298768e-01 -1.068825e-01 -1.139768e+00 8.091546e-02 3.000510e-01 4.154784e-01 5.005619e-01 6.150556e-01 -1.078684e-01 1.077602e-01 9.649043e-02 2.086026e-01 9.636549e-01 -1.485654e-02 -2.112887e-02
<VARIANCE> 39
 9.197203e+00 2.051615e+01 2.725141e+01 3.500652e+01 4.203202e+01 4.072541e+01 4.079183e+01 4.042574e+01 7.344977e+01 4.756029e+01 2.597132e+01 2.601843e+01 1.571573e-02 1.933554e+00 2.693418e+00 2.549204e+00 3.212864e+00 3.133409e+00 3.574228e+00 4.922586e+00 4.326303e+00 3.339844e+00 3.393317e+00 2.558430e+00 2.517679e+00 2.288389e-03 2.982898e-01 3.813156e-01 3.627597e-01 5.658344e-01 6.458166e-01 5.667216e-01 5.912891e-01 5.829517e-01 8.794088e-01 6.660509e-01 3.809856e-01 4.428703e-01 4.603129e-04
<GCONST> 1.007651e+02
<MIXTURE> 4 4.158370e-02
<MEAN> 39
 -1.279156e+01 -4.712560e+00 -6.651121e+00 -2.828685e+00 -4.781769e+00 -4.574111e+00 -1.961329e+00 -9.136980e-01 -1.780295e+00 -2.229086e+00 -3.575594e+00 -2.199062e+00 1.522963e-01 -9.434738e-01 4.581730e-01 -2.292230e-02 -2.259152e-02 2.255960e-01 1.198493e+00 -1.813550e-01 -6.758898e-01 -2.335086e-01 1.107627e-01 2.732082e-01 2.787663e-01 -4.405853e-02 4.774176e-01 -5.672100e-01 -6.462114e-02 -8.412459e-01 -5.804631e-01 -4.687209e-01 4.204427e-02 2.609787e-01 -1.284534e-01 6.641197e-03 -9.055167e-02 -2.353498e-02 4.305656e-02
<VARIANCE> 39
 4.094326e+01 3.863916e+01 3.595202e+01 3.659999e+01 4.363282e+01 3.901139e+01 6.253871e+01 5.632113e+01 5.660966e+01 2.922022e+01 3.524370e+01 3.552011e+01 5.690511e-02 4.314896e+00 3.704175e+00 3.265943e+00 4.447041e+00 5.087153e+00 5.526079e+00 5.130422e+00 5.953356e+00 5.632968e+00 3.601620e+00 3.975745e+00 2.718250e+00 7.571304e-03 8.439655e-01 8.380232e-01 6.785370e-01 9.426469e-01 1.035872e+00 8.141215e-01 1.241591e+00 1.409204e+00 1.181324e+00 7.320840e-01 9.411340e-01 6.449838e-01 1.175923e-03
<GCONST> 1.184246e+02
<MIXTURE> 5 8.133017e-02
<MEAN> 39
 -4.018746e+00 -1.824734e+01 -3.906766e+00 -1.579598e+01 -8.747933e+00 -7.638898e+00 -4.631047e+00 9.688699e+00 -4.203745e+00 -1.366030e-01 -1.100475e+01 -1.700710e+00 8.385524e-01 3.006871e-01 1.111080e+00 -3.956485e-01 3.476428e-01 1.855352e-01 -4.716210e-01 -8.104750e-01 -7.614851e-01 3.729779e-01 6.322570e-01 1.488364e-01 -3.718993e-01 -2.438851e-02 -9.871403e-02 6.869332e-01 3.770062e-03 5.064469e-01 -6.178806e-02 -1.799273e-02 2.354285e-02 -6.047547e-01 2.240263e-02 -6.215785e-02 4.365008e-01 -1.375762e-01 -1.562554e-02
<VARIANCE> 39
 8.907283e+00 2.206664e+01 3.241198e+01 2.466606e+01 3.133333e+01 3.578682e+01 3.977928e+01 2.566850e+01 3.883662e+01 2.971335e+01 2.933503e+01 2.680496e+01 1.251412e-02 3.758385e-01 7.284427e-01 1.248544e+00 9.560607e-01 1.948816e+00 1.573141e+00 1.978768e+00 1.622120e+00 1.652997e+00 1.588429e+00 1.627542e+00 1.432364e+00 2.221859e-04 1.007161e-01 1.689050e-01 1.651317e-01 1.814291e-01 2.336836e-01 2.557680e-01 3.066065e-01 2.832056e-01 2.581593e-01 2.426302e-01 2.263990e-01 2.126782e-01 5.938031e-05
<GCONST> 7.312006e+01
<MIXTURE> 6 6.937387e-02
<MEAN> 39
 -2.461821e+00 -1.305165e+01 -1.324418e+01 -9.469799e+00 -7.641560e+00 -9.727283e+00 -1.541733e+00 -1.290994e+00 4.959257e+00 -2.544866e+00 -5.860398e+00 -7.517766e+00 7.717534e-01 2.117971e-01 2.182707e+00 2.342002e-01 6.977333e-01 6.268854e-01 6.025743e-01 -1.053481e+00 -1.309119e+00 -1.114719e+00 1.474547e+00 9.922230e-01 -1.831662e-01 -6.027324e-02 -7.067881e-01 6.634516e-01 8.002010e-01 3.898516e-01 1.031010e-01 3.333408e-01 5.633936e-02 2.291752e-02 -8.520356e-01 -1.562481e-01 2.052762e-01 4.448020e-01 -2.723159e-02
<VARIANCE> 39
 8.217959e+00 1.779716e+01 2.265174e+01 3.280309e+01 3.414548e+01 5.266159e+01 5.006265e+01 3.531002e+01 4.850645e+01 4.037679e+01 3.469566e+01 3.009353e+01 1.497411e-02 7.842634e-01 1.503847e+00 1.938443e+00 2.071693e+00 2.412441e+00 2.416202e+00 3.571225e+00 3.603582e+00 3.900176e+00 2.008348e+00 2.511121e+00 2.660706e+00 7.368725e-04 2.311640e-01 2.142154e-01 2.578996e-01 4.189952e-01 4.568802e-01 5.628988e-01 5.345556e-01 5.666046e-01 7.576883e-01 4.978591e-01 4.510628e-01 3.990634e-01 2.178365e-04
<GCONST> 9.228790e+01
<MIXTURE> 7 7.586486e-02
<MEAN> 39
 -4.492061e+00 -1.223086e+01 -1.308837e+00 -9.149749e+00 -1.517586e+01 -1.514245e+01 -4.229428e+00 7.257148e+00 -6.777632e+00 -2.163046e+00 -4.555516e-01 -1.919585e+00 6.916481e-01 -1.178310e+00 3.374055e+00 1.041572e+00 2.754526e+00 1.467664e+00 8.499068e-02 -6.324126e-01 -1.454864e+00 -1.586688e+00 7.930008e-02 2.525125e-01 7.174122e-01 -1.290495e-01 -7.175000e-01 2.407311e-01 -4.402350e-01 2.127401e-01 9.530240e-01 1.210424e+00 3.058690e-01 -6.963209e-01 5.681337e-01 -1.978356e-01 -5.323055e-01 -3.025464e-01 -2.965764e-02
<VARIANCE> 39
 9.650951e+00 2.139233e+01 4.353423e+01 4.477287e+01 5.099015e+01 4.431179e+01 6.456666e+01 7.350887e+01 7.149136e+01 4.998134e+01 4.552064e+01 2.178783e+01 1.079867e-02 2.126308e+00 2.510100e+00 2.715227e+00 3.002567e+00 3.871395e+00 4.495719e+00 5.198228e+00 4.699936e+00 5.132361e+00 4.048313e+00 3.662558e+00 2.724961e+00 2.112660e-03 2.951684e-01 4.120535e-01 5.278515e-01 5.570347e-01 6.630926e-01 6.983438e-01 8.115447e-01 9.419174e-01 1.050133e+00 9.010503e-01 6.076009e-01 4.742799e-01 2.974759e-04
<GCONST> 1.065341e+02
<MIXTURE> 8 6.072652e-02
<MEAN> 39
 -6.264738e+00 -1.411293e+01 -6.134279e+00 -1.084239e+01 -1.135696e+01 -8.235516e+00 -1.933004e+00 3.325888e+00 -4.234519e+00 -9.512155e+00 -5.011039e+00 -1.177909e+00 7.594984e-01 7.968590e-01 2.285252e-01 -1.403472e+00 5.774163e-01 1.481314e+00 -2.698755e-01 -2.060370e+00 2.418222e-01 1.360473e+00 -1.013461e-01 -1.008708e+00 -1.963451e-01 -1.318024e-02 1.383125e-01 4.745974e-01 1.412070e-01 -1.083658e-01 -6.237538e-03 2.321135e-01 -1.641585e-01 -6.488557e-01 -1.816248e-01 7.550023e-01 -2.729364e-02 -4.696374e-01 -1.013495e-02
<VARIANCE> 39
 5.896140e+00 3.025513e+01 4.936990e+01 3.764473e+01 5.121313e+01 4.147372e+01 5.202309e+01 5.017245e+01 5.703571e+01 3.163175e+01 3.884505e+01 2.672791e+01 1.645020e-02 3.949443e-01 9.333540e-01 1.494490e+00 1.409246e+00 2.110952e+00 2.247840e+00 2.105648e+00 2.209320e+00 1.944157e+00 1.935464e+00 1.614612e+00 1.524782e+00 2.248247e-04 7.197542e-02 2.516477e-01 2.896748e-01 2.694394e-01 3.574847e-01 2.997085e-01 4.075334e-01 4.542497e-01 4.908481e-01 2.999252e-01 4.109215e-01 2.783357e-01 5.921417e-05
<GCONST> 8.261945e+01
<MIXTURE> 9 6.234908e-02
<MEAN> 39
 -2.827698e+00 -1.824881e+01 -5.320320e+00 -1.057244e+01 -1.473080e+01 -7.637817e+00 -4.615601e+00 9.114072e+00 1.664037e+00 -4.981747e+00 -2.571784e+00 -6.924425e+00 8.573175e-01 -1.706566e-01 9.102072e-01 1.174142e+00 4.586188e-01 -6.519136e-01 -1.537760e+00 -5.504159e-01 5.295708e-01 -1.583084e+00 5.633962e-01 1.224500e+00 8.446704e-01 -2.795019e-02 -1.457958e-01 5.724741e-01 2.321222e-01 2.639689e-01 1.792222e-01 -1.436363e-01 -8.659374e-02 -3.168401e-01 -4.719239e-01 1.324301e-01 1.193169e-01 2.311539e-01 -1.480088e-02
<VARIANCE> 39
 7.727098e+00 2.341207e+01 3.106175e+01 2.311144e+01 3.894290e+01 3.588980e+01 4.068198e+01 3.437000e+01 4.707691e+01 3.209276e+01 3.309111e+01 2.475962e+01 8.072519e-03 2.988802e-01 7.387668e-01 1.026147e+00 1.280739e+00 1.927940e+00 1.675822e+00 2.131832e+00 2.386939e+00 1.670777e+00 1.935932e+00 1.856264e+00 1.498536e+00 1.856522e-04 6.594862e-02 1.623908e-01 1.576492e-01 1.926704e-01 2.164142e-01 2.375765e-01 2.869256e-01 3.226731e-01 2.623434e-01 2.754378e-01 2.569148e-01 2.712838e-01 6.510640e-05
<GCONST> 7.400558e+01
<MIXTURE> 10 7.450069e-02
<MEAN> 39
 -6.631020e+00 -1.636297e+01 -1.074496e+01 -1.615635e+01 -9.721828e+00 -9.654562e+00 4.565796e+00 -1.407659e+00 -6.657646e+00 -7.075560e+00 -1.073325e+01 -5.870934e-01 8.473801e-01 5.081026e-01 1.836253e+00 3.914928e-01 4.343725e-01 -9.628495e-01 -1.139771e+00 -1.026784e+00 3.316212e-03 6.550762e-01 6.961833e-01 -3.944594e-01 -3.855304e-01 -4.390662e-02 -3.102545e-01 8.335637e-01 5.304937e-01 7.264135e-01 2.329172e-01 3.305513e-01 -5.284796e-01 -1.107891e-01 2.908875e-02 3.050130e-01 5.031126e-01 -6.265421e-02 -2.833215e-02
<VARIANCE> 39
 9.010773e+00 2.400053e+01 3.170828e+01 4.077319e+01 3.814189e+01 3.773237e+01 4.240930e+01 3.600624e+01 5.041446e+01 3.982178e+01 2.538906e+01 2.368237e+01 9.688864e-03 6.931294e-01 1.601048e+00 1.905077e+00 2.227826e+00 2.237636e+00 2.196663e+00 3.112254e+00 3.011633e+00 2.992541e+00 2.730744e+00 2.161320e+00 1.712976e+00 4.764696e-04 2.550659e-01 2.883450e-01 2.534100e-01 3.706792e-01 4.140033e-01 4.579946e-01 4.758749e-01 5.187409e-01 4.517910e-01 4.106818e-01 3.075285e-01 3.208252e-01 1.931562e-04
<GCONST> 8.873932e+01
<MIXTURE> 11 6.893937e-02
<MEAN> 39
 -7.951431e+00 -4.076344e+00 -2.522669e+00 -3.740845e+00 -9.862720e+00 -1.204064e+01 -2.790170e+00 1.929507e+00 -6.344142e+00 -1.845621e+00 -2.846780e+00 -1.813644e+00 3.896443e-01 -2.615376e+00 2.858903e+00 6.543471e-01 2.208074e+00 2.290801e+00 2.196779e+00 -5.173233e-01 -1.868777e+00 -1.442651e-01 -8.133868e-02 4.486947e-01 1.442106e-01 -1.640511e-01 -3.417552e-01 -9.013535e-01 -4.920939e-01 -6.809586e-01 1.365121e-01 6.886815e-01 2.529469e-01 -2.088579e-02 4.948561e-01 -8.771359e-02 -1.359217e-01 -1.085760e-01 1.398889e-02
<VARIANCE> 39
 1.786567e+01 2.489085e+01 2.642091e+01 3.221194e+01 4.478951e+01 4.478574e+01 6.113967e+01 8.234355e+01 7.344787e+01 4.539190e+01 3.853063e+01 2.574476e+01 3.491046e-02 2.985743e+00 3.250879e+00 3.869436e+00 4.530201e+00 4.574857e+00 5.476734e+00 6.638921e+00 6.556030e+00 8.410460e+00 5.035559e+00 5.500745e+00 3.395974e+00 3.250627e-03 4.003556e-01 5.325812e-01 4.176498e-01 6.293225e-01 7.080153e-01 9.087312e-01 1.000412e+00 1.210856e+00 1.221793e+00 8.666727e-01 5.954211e-01 5.280107e-01 5.432657e-04
<GCONST> 1.136325e+02
<MIXTURE> 12 6.265332e-02
<MEAN> 39
 -1.681507e+00 -1.037275e+01 -1.014190e+01 -9.860771e+00 -7.405196e+00 -6.939217e+00 -5.711778e+00 1.945572e-01 1.990953e+00 2.447198e+00 -3.384547e+00 -8.498359e+00 7.021128e-01 -2.587154e+00 4.445709e+00 1.206123e+00 2.083932e+00 2.167927e+00 4.856353e-01 3.602748e-01 -1.662232e+00 -1.479088e+00 1.850388e-01 5.672252e-01 1.508152e+00 -1.397110e-01 -1.394500e+00 4.738659e-02 4.346486e-01 1.823843e-01 1.703384e-01 3.253568e-01 4.459276e-01 2.251587e-01 -2.544229e-01 -6.792473e-01 -1.090944e-01 5.702270e-01 -1.986390e-02
<VARIANCE> 39
 1.012829e+01 2.584707e+01 2.549546e+01 2.418033e+01 2.410427e+01 4.057788e+01 4.735791e+01 3.542820e+01 2.687187e+01 3.283506e+01 3.745955e+01 2.181690e+01 1.356573e-02 2.903031e+00 2.305944e+00 2.900945e+00 3.243035e+00 3.590770e+00 4.245387e+00 5.440086e+00 4.968404e+00 4.801468e+00 3.534554e+00 2.755132e+00 3.140554e+00 3.602204e-03 3.119472e-01 4.530855e-01 3.564493e-01 4.315291e-01 4.041099e-01 5.166438e-01 6.592556e-01 5.314646e-01 4.660440e-01 3.625029e-01 5.807847e-01 3.735977e-01 4.890955e-04
<GCONST> 9.932208e+01
<MIXTURE> 13 6.166329e-02
<MEAN> 39
 -3.468119e+00 -1.456980e+01 -6.938102e+00 -8.479383e+00 -1.096200e+01 -5.005602e+00 -8.721773e+00 6.524915e+00 2.752353e+00 -6.469946e+00 -6.279230e+00 -5.110180e+00 7.458352e-01 6.629640e-01 8.314791e-01 -8.205113e-01 4.837032e-02 1.308751e+00 3.303942e-01 -1.251900e+00 -1.531391e+00 3.739691e-01 1.397301e+00 1.711456e-01 -1.170926e+00 -2.453148e-02 -1.148935e-01 6.122298e-01 3.872135e-01 1.823438e-01 -5.711108e-02 -1.141619e-01 6.004223e-01 -8.049415e-01 -1.002058e+00 5.457720e-01 4.608935e-01 -4.025318e-02 -1.572869e-02
<VARIANCE> 39
 7.201857e+00 2.010006e+01 2.849304e+01 2.598622e+01 3.778054e+01 4.341133e+01 4.041946e+01 3.535580e+01 3.888756e+01 3.103929e+01 4.006778e+01 3.638241e+01 1.420759e-02 3.045954e-01 6.521173e-01 1.354805e+00 9.803984e-01 1.434984e+00 1.380867e+00 1.544297e+00 2.039285e+00 1.702626e+00 1.389972e+00 1.549393e+00 1.225458e+00 2.592316e-04 6.243751e-02 1.483816e-01 1.715288e-01 2.443559e-01 3.470528e-01 3.396818e-01 3.112139e-01 4.027301e-01 4.320926e-01 3.403081e-01 4.013267e-01 3.146861e-01 5.509958e-05
<GCONST> 7.593581e+01
<MIXTURE> 14 5.051631e-02
<MEAN> 39
 -5.592978e+00 -1.380260e+01 -4.121744e+00 -1.029023e+01 -1.647729e+01 -1.430692e+01 4.027787e-01 3.513565e+00 9.097802e-01 -5.409504e+00 3.401670e-01 -3.925485e+00 8.157383e-01 -4.831682e-02 1.562959e+00 1.628155e+00 1.000190e+00 -7.157626e-01 -9.170676e-01 -1.224630e+00 -4.341509e-01 -2.221911e+00 7.582107e-01 1.233020e+00 5.487803e-01 -4.900304e-02 -1.683107e-01 5.048509e-01 4.196378e-02 4.208224e-01 7.029983e-01 5.460238e-01 -1.764967e-01 -3.441874e-01 -4.435854e-01 5.423642e-02 -4.427679e-01 -2.646077e-02 -2.411398e-02
<VARIANCE> 39
 7.672690e+00 1.842078e+01 4.040512e+01 3.831763e+01 4.002453e+01 3.482824e+01 5.908468e+01 4.374184e+01 6.433084e+01 3.243724e+01 3.385597e+01 2.542923e+01 8.036637e-03 4.518332e-01 9.138038e-01 1.572743e+00 1.477500e+00 2.216904e+00 2.200640e+00 2.901013e+00 3.591594e+00 2.957911e+00 3.039949e+00 2.665558e+00 2.005537e+00 4.249332e-04 1.520488e-01 1.931936e-01 2.686778e-01 3.290719e-01 3.345839e-01 3.616481e-01 4.333712e-01 3.664564e-01 4.461135e-01 4.271651e-01 3.110688e-01 3.101908e-01 1.471237e-04
<GCONST> 8.591859e+01
<MIXTURE> 15 6.319351e-02
<MEAN> 39
 -2.627918e+00 -1.789856e+01 -4.761165e+00 -1.386693e+01 -1.131410e+01 -7.837092e+00 -8.764740e+00 1.105095e+01 -4.440802e+00 8.612598e-01 -7.642647e+00 -3.977895e+00 8.182175e-01 -2.343848e-01 3.082855e+00 2.068984e-01 1.731615e+00 8.176118e-01 -1.421293e+00 -4.271393e-02 -1.593693e+00 -3.856238e-01 4.775425e-01 1.034717e+00 4.006827e-01 -7.556929e-02 -8.540365e-01 1.012788e+00 1.269342e-01 7.643810e-01 4.622569e-01 4.114144e-01 5.741500e-01 -9.614916e-01 2.938702e-02 -4.337219e-01 2.899964e-01 9.381915e-02 -3.397385e-02
<VARIANCE> 39
 8.300756e+00 2.165589e+01 3.270359e+01 2.836552e+01 4.885946e+01 4.060170e+01 4.631559e+01 3.300373e+01 4.380120e+01 3.756668e+01 3.768350e+01 2.072013e+01 7.714060e-03 1.119484e+00 1.906882e+00 2.299714e+00 2.296990e+00 3.207337e+00 3.521005e+00 4.218523e+00 5.429770e+00 3.815297e+00 3.018545e+00 2.929640e+00 3.673921e+00 9.307807e-04 2.972308e-01 2.918054e-01 3.262081e-01 3.973714e-01 4.911506e-01 4.911926e-01 5.595874e-01 4.164158e-01 6.789008e-01 5.219136e-01 4.934071e-01 2.998906e-01 2.817516e-04
<GCONST> 9.515714e+01
<MIXTURE> 16 4.797927e-02
<MEAN> 39
 -7.258900e+00 -1.445335e+01 -3.559613e+00 -1.647083e+01 -1.482926e+01 -4.602156e+00 -5.928782e+00 5.945418e+00 -1.311103e+01 -6.487778e+00 -7.340603e+00 -3.950458e+00 7.563668e-01 6.313325e-01 1.319547e+00 -1.681312e-01 1.002885e+00 -1.624769e-01 -1.457866e+00 -8.530244e-01 -4.431511e-01 1.220841e-01 2.679768e-01 -6.863591e-01 1.784757e-01 -3.614917e-02 2.625856e-02 7.567399e-01 1.437048e-01 5.327552e-01 1.794775e-02 -3.234682e-01 3.871759e-01 -1.173426e+00 1.735553e-01 3.923492e-01 -2.258855e-01 8.700557e-02 -1.490682e-02
<VARIANCE> 39
 7.485970e+00 2.239498e+01 4.000460e+01 4.150729e+01 4.538945e+01 4.661590e+01 4.279115e+01 6.550434e+01 3.760162e+01 4.855933e+01 3.326101e+01 2.925868e+01 1.231989e-02 5.085304e-01 1.134179e+00 1.679664e+00 1.946971e+00 2.331999e+00 2.340601e+00 2.292300e+00 3.381989e+00 2.552911e+00 2.863430e+00 1.789661e+00 1.633168e+00 3.819405e-04 8.591554e-02 2.029997e-01 3.077210e-01 2.971513e-01 5.417951e-01 4.370741e-01 4.858811e-01 6.922141e-01 5.032614e-01 5.955352e-01 3.691524e-01 3.247218e-01 5.321351e-05
<GCONST> 8.723604e+01
<TRANSP> 5
 0.000000e+00 1.000000e+00 0.000000e+00 0.000000e+00 0.000000e+00
 0.000000e+00 6.945509e-01 3.054492e-01 0.000000e+00 0.000000e+00
 0.000000e+00 0.000000e+00 8.345466e-01 1.654534e-01 0.000000e+00
 0.000000e+00 0.000000e+00 0.000000e+00 7.220396e-01 2.779603e-01
 0.000000e+00 0.000000e+00 0.000000e+00 0.000000e+00 0.000000e+00
<ENDHMM>
