~o
<STREAMINFO> 1 39
<VECSIZE> 39<NULLD><MFCC_E_D_A><DIAGC>
~h "aw"
<BEGINHMM>
<NUMSTATES> 5
<STATE> 2
<NUMMIXES> 16
<MIXTURE> 1 5.066551e-02
<MEAN> 39
 -1.407963e+00 -2.002712e+01 -1.178618e+01 -1.432067e+01 -5.704863e+00 2.429696e+00 -5.358147e+00 -3.290209e-02 3.720842e-01 -1.528785e+00 -4.090233e+00 -9.718542e+00 9.012423e-01 2.996713e-01 -1.128517e+00 -1.104825e-01 -1.105823e+00 -1.986429e-01 1.246029e+00 -6.490359e-01 -4.001249e-01 5.511063e-01 -1.592971e-01 7.222564e-01 -8.689155e-01 3.554651e-02 -4.425528e-01 7.132614e-01 -4.411378e-03 2.357311e-01 1.543917e-01 -7.952492e-03 3.186118e-01 -7.391648e-02 -9.079926e-02 4.496691e-02 1.635001e-01 3.701782e-01 -2.068531e-02
<VARIANCE> 39
 7.438943e+00 2.255360e+01 2.975164e+01 3.145216e+01 2.097547e+01 3.650033e+01 3.078905e+01 4.325903e+01 3.176317e+01 3.597119e+01 2.560579e+01 1.795592e+01 4.519365e-03 6.184708e-01 1.593942e+00 1.083968e+00 1.512903e+00 1.375263e+00 1.202476e+00 1.314230e+00 1.467708e+00 1.138451e+00 1.122529e+00 1.063860e+00 1.142363e+00 5.560227e-04 2.120156e-01 2.006330e-01 1.838111e-01 1.999400e-01 2.721628e-01 1.920019e-01 1.926454e-01 2.004906e-01 1.926122e-01 1.747446e-01 1.638197e-01 2.080653e-01 1.132707e-04
<GCONST> 7.131191e+01
<MIXTURE> 2 9.676319e-02
<MEAN> 39
 -2.236580e+00 -2.021917e+01 -9.235050e+00 -1.027168e+01 -1.096591e+01 1.926704e+00 -9.620234e+00 4.461086e+00 4.028204e+00 -5.871287e+00 -5.185190e+00 -9.061875e+00 8.836740e-01 2.994745e-01 1.238647e-01 -1.082992e+00 -3.429537e-01 1.074636e+00 1.296828e+00 -1.420646e-01 -1.758401e+00 5.572048e-01 2.583254e-01 2.315547e-01 -5.910498e-01 2.476909e-03 2.680277e-02 2.613940e-01 6.860639e-02 -2.223720e-01 -3.557962e-02 -1.049741e-01 9.663940e-02 -2.236368e-01 -2.188491e-01 2.809445e-01 2.684205e-01 1.974597e-01 -2.756397e-03
<VARIANCE> 39
 7.040544e+00 1.421521e+01 2.620364e+01 1.925729e+01 2.544574e+01 3.530897e+01 3.591772e+01 2.688955e+01 2.966703e+01 3.292242e+01 2.452192e+01 2.088277e+01 5.751506e-03 2.763205e-01 5.117898e-01 6.589329e-01 8.016851e-01 9.926001e-01 9.377652e-01 1.346407e+00 1.076894e+00 1.075881e+00 1.124225e+00 1.114765e+00 1.138441e+00 1.283968e-04 3.516343e-02 7.160942e-02 1.009601e-01 1.081380e-01 1.408594e-01 1.624567e-01 1.696934e-01 1.891573e-01 1.886146e-01 1.416591e-01 1.850616e-01 1.520670e-01 1.797456e-05
<GCONST> 5.748147e+01
<MIXTURE> 3 8.655797e-02
<MEAN> 39
 -6.094965e+00 -2.141299e+01 -1.105490e+01 -1.450235e+01 -3.209153e+00 -4.550223e+00 -2.135752e+00 1.018105e+00 -7.564013e+00 -6.675172e+00 -1.116218e+01 1.522275e+00 8.933214e-01 1.243172e-01 -4.644336e-01 -3.730040e-01 2.306248e-01 1.414277e+00 8.854259e-01 -1.007977e+00 -5.346740e-02 3.793218e-01 3.728648e-01 -8.830429e-02 2.233762e-01 1.142029e-02 8.323784e-02 5.497094e-01 -4.869114e-02 -6.248819e-02 -1.275861e-01 -2.047468e-02 -2.616320e-01 -2.337444e-01 2.735744e-01 1.909139e-01 1.714609e-01 -4.074966e-01 -9.021368e-03
<VARIANCE> 39
 7.483330e+00 2.156488e+01 2.756379e+01 2.759286e+01 4.129592e+01 3.801486e+01 5.772935e+01 3.348445e+01 4.162518e+01 2.871433e+01 2.416896e+01 1.760955e+01 4.540551e-03 4.223986e-01 8.246906e-01 1.203225e+00 1.567664e+00 1.721178e+00 2.041376e+00 2.774949e+00 2.772716e+00 2.141580e+00 1.725184e+00 1.171157e+00 1.460584e+00 2.914674e-04 7.047313e-02 1.242693e-01 1.528663e-01 1.978697e-01 2.291836e-01 3.151850e-01 3.621680e-01 3.383366e-01 3.850025e-01 2.830117e-01 2.430107e-01 1.547610e-01 5.673623e-05
<GCONST> 7.440800e+01
<MIXTURE> 4 5.625105e-02
<MEAN> 39
 -3.817962e+00 -1.830151e+01 -1.730627e+00 -1.369964e+01 -1.499874e+01 -6.422225e+00 -9.084352e+00 1.001551e+01 -8.342833e-01 -1.212620e+00 -4.735026e+00 -4.507882e+00 8.698683e-01 8.061390e-02 -1.545892e+00 -1.217186e+00 -3.539945e-01 6.339213e-01 1.602646e+00 9.874766e-01 6.920016e-01 7.585284e-01 -6.721302e-01 -1.182232e+00 -6.834999e-01 2.873407e-02 -3.749987e-01 7.910277e-01 -3.164443e-01 4.827397e-01 8.056775e-01 2.660440e-01 5.003279e-01 -1.144943e+00 -2.316913e-01 -1.938220e-01 -3.647767e-02 7.856700e-02 -2.066287e-02
<VARIANCE> 39
 9.571479e+00 1.792823e+01 2.098106e+01 2.554048e+01 3.522206e+01 3.492214e+01 5.014961e+01 2.693752e+01 4.348694e+01 4.783185e+01 3.534177e+01 1.989134e+01 5.843106e-03 3.374878e-01 1.090417e+00 1.498545e+00 1.105117e+00 2.265090e+00 1.439078e+00 2.262437e+00 2.660599e+00 1.699527e+00 1.974465e+00 1.749971e+00 1.446881e+00 2.902719e-04 2.279065e-01 2.048507e-01 1.775119e-01 2.441144e-01 3.839066e-01 3.966414e-01 5.196762e-01 3.962367e-01 4.049128e-01 4.771422e-01 3.626255e-01 2.225432e-01 9.896173e-05
<GCONST> 7.991163e+01
<MIXTURE> 5 7.626018e-02
<MEAN> 39
 -4.081587e+00 -1.974510e+01 -4.835616e+00 -1.166621e+01 -1.102800e+01 -3.392030e+00 -7.185371e+00 7.596641e+00 -6.392596e-01 -6.527530e+00 -7.291789e+00 -4.321786e+00 8.464161e-01 1.278507e-01 -7.252582e-02 -5.756683e-01 3.415765e-02 7.112498e-01 4.358831e-01 -2.876411e-01 -5.931393e-01 4.428420e-01 4.295383e-02 -3.960126e-01 -1.495687e-02 5.037818e-04 4.904057e-02 1.300187e-01 -1.434894e-01 -6.220068e-02 1.453452e-01 4.879735e-02 -1.403949e-01 -2.149990e-01 1.857688e-01 1.646255e-01 9.289607e-02 -1.103076e-01 -8.945483e-04
<VARIANCE> 39
 8.610936e+00 1.243606e+01 3.309489e+01 3.462792e+01 3.926702e+01 3.536316e+01 5.423417e+01 4.055518e+01 4.568672e+01 3.954169e+01 2.098013e+01 1.738631e+01 1.095565e-02 1.212304e-01 2.268339e-01 3.092584e-01 2.127159e-01 6.137158e-01 5.973465e-01 7.020499e-01 7.076952e-01 7.203823e-01 5.600104e-01 3.810911e-01 5.029693e-01 5.362396e-05 2.304926e-02 3.187400e-02 4.325917e-02 4.898750e-02 8.337442e-02 1.178026e-01 1.086446e-01 1.337717e-01 9.438423e-02 8.066434e-02 8.135246e-02 5.930761e-02 8.548319e-06
<GCONST> 4.269140e+01
<MIXTURE> 6 4.382223e-02
<MEAN> 39
 -6.282543e+00 -1.638737e+01 -7.540343e+00 -1.926776e+01 -1.019414e+01 -1.119739e+01 1.720650e+00 1.189548e+00 -6.700243e+00 -4.642062e+00 -1.107631e+01 -1.382055e+00 8.494238e-01 7.746632e-01 -2.383129e+00 -7.772671e-01 -1.149651e+00 1.061550e+00 7.327617e-01 7.488133e-01 8.154910e-01 -5.139942e-01 -6.114154e-01 -8.999756e-01 2.293733e-02 5.390134e-02 -8.089339e-01 5.750924e-01 -1.449783e-02 1.087793e+00 8.097791e-01 9.288708e-01 -1.898647e-01 -3.328733e-01 2.346369e-01 1.132801e-01 6.791729e-01 9.680809e-02 -3.204617e-02
<VARIANCE> 39
 8.621943e+00 3.086161e+01 3.813362e+01 3.414330e+01 4.476299e+01 4.220880e+01 3.854417e+01 5.247529e+01 5.483171e+01 4.409775e+01 2.478974e+01 2.034088e+01 6.185657e-03 1.217804e+00 2.559663e+00 1.938787e+00 3.088116e+00 3.172383e+00 4.166166e+00 4.372567e+00 3.286525e+00 2.421265e+00 2.431745e+00 2.251736e+00 1.903543e+00 1.334019e-03 2.685751e-01 4.489016e-01 3.405116e-01 3.155977e-01 5.311471e-01 6.520010e-01 6.297461e-01 1.059437e+00 7.746332e-01 5.419393e-01 3.965876e-01 3.247136e-01 3.180060e-04
<GCONST> 9.651666e+01
<MIXTURE> 7 4.310675e-02
<MEAN> 39
 -7.579410e+00 -1.343155e+01 -6.295174e+00 -1.310543e+01 -1.362379e+01 -4.270066e+00 2.618216e-01 -3.012779e+00 -2.737235e+00 -1.005094e+01 -4.810368e+00 -2.673269e+00 7.784773e-01 8.262487e-02 -4.447699e-01 -2.537538e-01 6.607224e-01 4.806612e-01 -6.945005e-02 -1.804592e-01 2.066754e-01 -1.860921e-02 -5.531105e-01 1.918123e-01 1.106207e-01 -4.080430e-03 1.203156e-01 2.111202e-02 -1.346257e-01 6.679373e-02 3.048820e-01 -1.485553e-01 -3.025936e-01 1.350096e-01 2.059325e-01 5.187773e-02 -1.453588e-01 1.070435e-01 -1.145401e-03
<VARIANCE> 39
 4.240264e+00 3.272139e+01 2.639602e+01 2.815178e+01 6.278859e+01 2.116666e+01 2.634653e+01 3.769394e+01 8.447405e+01 4.470984e+01 4.275587e+01 2.554026e+01 1.411222e-02 1.296486e-01 2.354768e-01 5.275739e-01 5.971758e-01 9.853428e-01 1.058678e+00 1.304058e+00 1.111204e+00 1.080071e+00 1.347465e+00 6.368455e-01 6.454481e-01 1.235393e-04 1.554730e-02 5.040508e-02 8.629234e-02 7.265285e-02 1.135963e-01 1.432577e-01 1.627031e-01 1.404590e-01 1.444757e-01 2.330618e-01 1.291366e-01 1.212344e-01 2.019275e-05
<GCONST> 5.606311e+01
<MIXTURE> 8 6.132283e-02
<MEAN> 39
 -2.923731e+00 -1.511498e+01 -1.673589e+01 -1.103136e+01 -2.573106e+00 -8.609172e+00 3.959166e+00 -6.577789e+00 2.943689e+00 -3.784858e+00 -7.998527e+00 -4.865403e+00 8.635010e-01 3.246742e-01 -1.088641e+00 -7.395473e-01 -5.353199e-01 5.550746e-01 2.273269e-01 5.518382e-01 -4.582812e-01 6.180311e-01 1.130432e-01 -6.421531e-01 2.214466e-03 3.669251e-02 -4.656713e-01 3.505230e-01 4.672410e-01 1.135146e-01 -4.517707e-02 4.445263e-01 -2.543539e-01 2.420078e-01 -3.337763e-01 6.392127e-02 3.366136e-01 1.528924e-01 -2.035792e-02
<VARIANCE> 39
 1.005151e+01 1.899707e+01 1.642626e+01 4.162194e+01 3.405734e+01 3.211450e+01 3.434140e+01 3.584633e+01 5.457766e+01 3.908699e+01 3.339301e+01 2.835949e+01 7.515924e-03 7.074953e-01 1.512883e+00 1.079662e+00 1.970487e+00 1.566325e+00 1.793471e+00 1.920213e+00 2.535276e+00 1.532086e+00 1.820076e+00 2.050990e+00 1.638973e+00 5.730789e-04 2.307681e-01 2.259323e-01 1.668362e-01 3.065453e-01 2.944866e-01 2.318286e-01 2.715558e-01 3.014948e-01 3.413557e-01 3.203462e-01 2.397648e-01 2.572254e-01 1.560654e-04
<GCONST> 8.053145e+01
<MIXTURE> 9 6.209848e-02
<MEAN> 39
 -5.675499e+00 -2.168023e+01 -9.492534e+00 -1.519395e+01 -1.852711e+00 -2.970761e+00 -2.964079e+00 2.904649e+00 -8.734140e+00 -5.526627e+00 -9.827953e+00 2.935797e+00 9.070435e-01 2.402348e-01 -2.088616e-01 -3.446248e-01 2.610858e-01 6.288083e-01 1.203861e-01 -6.477861e-01 -1.162602e-01 4.655342e-01 8.619040e-02 -3.275759e-01 -2.061176e-01 -6.682240e-04 6.950206e-02 1.869638e-01 -1.739772e-01 -2.101798e-01 -1.110494e-01 -5.181485e-02 -1.133438e-01 -1.554524e-01 1.393493e-01 5.798293e-02 -9.551454e-02 -3.480736e-01 -1.804323e-03
<VARIANCE> 39
 5.929595e+00 2.302603e+01 2.718129e+01 2.708170e+01 3.989280e+01 4.417253e+01 6.783410e+01 2.591337e+01 2.732773e+01 3.125319e+01 2.599110e+01 1.593164e+01 4.441244e-03 2.051652e-01 3.867202e-01 6.155887e-01 7.239918e-01 1.205819e+00 9.431447e-01 1.406284e+00 9.935372e-01 1.110207e+00 6.949473e-01 1.033219e+00 6.654435e-01 6.716338e-05 2.400699e-02 4.519070e-02 4.704740e-02 6.199493e-02 8.977819e-02 1.133537e-01 1.287249e-01 1.009923e-01 1.230414e-01 1.121970e-01 1.340401e-01 8.339296e-02 8.305180e-06
<GCONST> 5.030994e+01
<MIXTURE> 10 8.780077e-02
<MEAN> 39
 -3.038444e+00 -1.939036e+01 -5.311104e+00 -1.315811e+01 -1.099182e+01 -4.400087e+00 -6.850259e+00 1.085401e+01 -2.444328e+00 -1.521608e+00 -7.981508e+00 -5.428256e+00 8.695812e-01 -2.505142e-02 -3.813795e-01 -9.443649e-01 1.969842e-01 9.813203e-01 1.157768e+00 4.144091e-01 -5.200167e-01 8.311819e-02 -5.707831e-01 -6.580715e-01 -2.823556e-01 6.671402e-03 5.640687e-02 3.713208e-01 -1.387703e-01 1.314554e-01 1.852663e-01 9.638466e-03 -3.044072e-01 -6.334424e-01 4.130096e-02 1.314849e-01 3.859671e-01 -5.686309e-03 -6.393419e-03
<VARIANCE> 39
 7.743397e+00 1.416597e+01 2.875270e+01 2.732332e+01 3.266712e+01 2.716374e+01 3.160235e+01 2.381647e+01 3.623328e+01 3.595595e+01 3.238914e+01 2.658298e+01 7.610905e-03 2.896430e-01 6.172302e-01 1.421215e+00 9.671327e-01 1.357786e+00 1.430698e+00 1.816317e+00 1.567297e+00 1.297323e+00 1.283165e+00 1.156874e+00 1.256793e+00 2.561272e-04 4.453293e-02 1.071421e-01 1.550163e-01 1.255582e-01 1.756511e-01 2.006084e-01 2.232848e-01 1.719598e-01 2.808471e-01 2.183164e-01 2.368310e-01 1.744839e-01 3.529418e-05
<GCONST> 6.630645e+01
<MIXTURE> 11 5.229240e-02
<MEAN> 39
 -7.876413e+00 -1.261450e+01 -9.828500e+00 -1.048083e+01 -8.922204e+00 -6.163899e+00 2.855502e+00 -1.280889e+00 -3.779322e+00 -6.011046e+00 -6.015442e+00 -4.022749e+00 6.736375e-01 2.074094e+00 -2.008713e+00 -1.477901e+00 -7.271991e-01 2.997442e-01 -5.183032e-01 -4.820251e-01 -5.208732e-01 -3.113400e-01 -1.078822e+00 -7.301552e-01 -1.399942e-01 9.591897e-02 -2.575326e-01 -5.308636e-02 3.266268e-02 -9.404317e-02 2.353627e-01 2.245759e-01 -2.708881e-01 1.325043e-01 2.096679e-01 4.122039e-01 1.006598e-01 1.670061e-01 -4.826826e-03
<VARIANCE> 39
 1.337140e+01 3.328500e+01 3.262153e+01 3.478007e+01 5.989098e+01 5.565869e+01 5.440789e+01 4.263367e+01 9.594189e+01 3.057232e+01 3.296179e+01 3.945680e+01 1.717405e-02 2.609851e+00 2.852448e+00 2.181029e+00 4.203400e+00 5.302510e+00 3.687563e+00 5.967031e+00 5.100318e+00 5.188571e+00 3.106081e+00 2.919302e+00 2.797476e+00 5.015217e-03 4.592260e-01 5.952525e-01 3.725546e-01 5.717649e-01 7.986683e-01 7.297731e-01 8.517356e-01 6.977537e-01 1.013983e+00 5.469585e-01 5.585687e-01 5.204572e-01 5.002735e-04
<GCONST> 1.086280e+02
<MIXTURE> 12 7.936242e-02
<MEAN> 39
 -6.022449e+00 -1.495430e+01 -1.022018e+01 -8.835632e+00 -7.835089e+00 -9.114681e+00 -1.801278e+00 1.274844e-02 -8.278076e-01 -1.136675e+01 -5.756470e+00 -1.889985e+00 7.912263e-01 3.774150e-01 -1.118214e-01 -1.270183e+00 2.365263e-01 1.753934e+00 1.652225e-02 -9.843795e-01 -3.572933e-01 1.231171e+00 -2.502618e-01 -5.859535e-01 -1.926746e-01 9.074069e-04 1.083469e-01 1.531384e-01 7.024144e-03 -2.303148e-01 -6.186880e-03 2.661563e-01 -1.642520e-01 -1.813934e-01 3.588048e-03 4.205386e-01 -1.462864e-02 -2.223661e-01 -9.747794e-04
<VARIANCE> 39
 7.920288e+00 2.459318e+01 2.253024e+01 3.369503e+01 3.686068e+01 5.222801e+01 5.858048e+01 3.077843e+01 8.768200e+01 3.413594e+01 2.292617e+01 2.641138e+01 1.154987e-02 2.990477e-01 5.649777e-01 5.564318e-01 8.059796e-01 1.062624e+00 1.312259e+00 2.412294e+00 2.151821e+00 1.448131e+00 2.123696e+00 1.259760e+00 1.321433e+00 1.211382e-04 4.196408e-02 1.126185e-01 9.591457e-02 1.229063e-01 1.608188e-01 1.969469e-01 2.497851e-01 2.467088e-01 2.562837e-01 1.995009e-01 1.681304e-01 1.961564e-01 1.829744e-05
<GCONST> 6.727585e+01
<MIXTURE> 13 6.955229e-02
<MEAN> 39
 -5.783069e+00 -1.433311e+01 -1.119425e+01 -9.155163e+00 -1.018477e+01 -6.800286e+00 -2.400849e-01 1.735258e-01 2.708382e-02 -8.659584e+00 -5.394043e+00 -4.735661e+00 8.016695e-01 3.273817e-01 -9.412985e-01 -9.193885e-01 1.364385e-01 9.632910e-01 4.880394e-01 -7.655419e-02 -2.541034e-01 2.917479e-01 -3.557753e-01 -1.685691e-01 -1.845346e-01 2.038201e-02 -5.945827e-02 6.607992e-02 2.696182e-01 -1.690386e-01 3.365354e-01 1.425326e-01 -1.887969e-01 -1.244170e-01 -1.904021e-01 4.200661e-01 8.491485e-03 1.078406e-01 -6.710413e-03
<VARIANCE> 39
 8.168833e+00 2.237713e+01 2.797853e+01 2.985158e+01 5.580701e+01 6.519406e+01 5.397400e+01 3.469522e+01 7.809473e+01 2.932665e+01 2.630031e+01 3.064078e+01 1.158098e-02 5.459942e-01 1.710436e+00 2.113991e+00 1.597388e+00 2.232700e+00 2.031454e+00 2.772262e+00 1.586600e+00 2.397746e+00 1.510965e+00 1.153685e+00 1.942067e+00 8.541176e-04 1.988552e-01 2.872587e-01 2.494533e-01 3.433457e-01 3.284000e-01 2.601598e-01 4.263771e-01 3.153657e-01 4.758615e-01 2.817164e-01 3.166786e-01 2.902740e-01 1.986622e-04
<GCONST> 8.578121e+01
<MIXTURE> 14 4.664936e-02
<MEAN> 39
 -2.255543e+00 -1.583478e+01 -5.139952e+00 -1.174732e+01 -1.358235e+01 -6.341975e+00 -9.801592e+00 6.437231e+00 -9.407091e-01 -7.498547e-01 -1.971702e+00 -6.780726e+00 8.202167e-01 1.859597e+00 -3.151060e+00 -5.964040e-01 -1.243257e+00 -1.294258e+00 1.001921e+00 -1.122279e+00 1.646659e+00 6.932449e-01 -3.252754e-01 -6.204899e-01 -1.225568e+00 7.598321e-02 -1.148236e+00 3.967925e-01 -1.350130e-01 2.740308e-01 9.200318e-01 6.413729e-01 7.220548e-01 -5.258959e-01 -2.581278e-02 -1.957885e-01 -2.646144e-01 3.637065e-01 -3.008379e-02
<VARIANCE> 39
 8.398543e+00 2.156434e+01 4.262640e+01 2.652859e+01 3.959823e+01 5.026767e+01 4.268794e+01 3.061825e+01 4.917933e+01 3.832518e+01 3.907960e+01 4.121231e+01 6.211526e-03 1.876282e+00 1.608843e+00 1.737007e+00 1.768198e+00 3.225068e+00 3.314819e+00 4.108836e+00 3.108924e+00 2.911206e+00 2.689405e+00 2.215612e+00 2.174212e+00 1.588581e-03 3.009653e-01 3.249733e-01 3.569369e-01 2.967153e-01 6.289107e-01 5.475721e-01 6.222852e-01 5.263952e-01 5.482695e-01 5.657189e-01 5.359399e-01 6.239627e-01 2.220383e-04
<GCONST> 9.542135e+01
<MIXTURE> 15 5.244130e-02
<MEAN> 39
 -1.892596e+00 -1.855001e+01 -1.115576e+01 -1.718370e+01 -6.968004e+00 2.918263e+00 -9.899998e+00 3.650583e+00 -5.571819e-01 -3.642122e-01 -6.961609e+00 -7.964422e+00 9.135878e-01 -1.476698e-01 -1.112812e+00 -3.686836e-03 6.561439e-03 9.146565e-01 1.031678e+00 2.039993e-01 -7.531133e-02 -4.688479e-02 -5.270889e-01 -6.248091e-01 5.126751e-03 1.438594e-02 -1.492852e-01 7.056974e-01 1.070202e-01 1.793333e-01 5.109056e-02 -3.851950e-01 1.952218e-01 -5.976695e-01 -1.745036e-01 -4.245934e-02 4.478191e-01 2.985415e-01 -1.236920e-02
<VARIANCE> 39
 8.601837e+00 2.309801e+01 3.050874e+01 4.771982e+01 5.321790e+01 5.989676e+01 4.549213e+01 3.493171e+01 5.075538e+01 5.323757e+01 6.444948e+01 3.583202e+01 4.248105e-03 7.583088e-01 1.000582e+00 1.021373e+00 2.165828e+00 1.950572e+00 3.196078e+00 3.147407e+00 2.403002e+00 2.193309e+00 2.993890e+00 2.137624e+00 2.215141e+00 1.581152e-04 1.261130e-01 1.492107e-01 2.017549e-01 3.219466e-01 3.583280e-01 3.105986e-01 3.965530e-01 3.182151e-01 4.028765e-01 4.095268e-01 4.076540e-01 3.417786e-01 8.140074e-05
<GCONST> 8.476997e+01
<MIXTURE> 16 3.504283e-02
<MEAN> 39
 -9.823509e+00 -1.343464e+01 -2.951647e+00 -1.940054e+01 -1.209922e+01 -5.679060e+00 3.064574e+00 -3.069476e+00 -1.404204e+01 -2.839698e+00 -1.117561e+01 -1.692469e+00 7.805281e-01 6.459671e-02 -4.840548e-01 -4.578873e-01 6.983019e-01 9.353514e-01 3.324635e-01 -8.131091e-01 5.227563e-02 -2.125988e-01 -7.155786e-01 3.497377e-02 2.623817e-01 -5.237476e-03 1.112059e-01 4.246463e-02 -1.034850e-01 2.578977e-01 1.297026e-01 -2.441476e-01 -4.475347e-01 8.305504e-02 1.722387e-01 -9.835324e-02 5.432079e-02 -1.654698e-03 -3.201172e-03
<VARIANCE> 39
 7.450019e+00 2.381193e+01 2.413153e+01 4.726277e+01 2.570154e+01 4.905572e+01 4.338186e+01 6.265255e+01 3.329465e+01 1.906630e+01 2.136748e+01 1.957703e+01 1.547617e-02 2.373476e-01 1.033668e+00 8.343596e-01 1.206133e+00 1.485372e+00 1.362197e+00 1.493353e+00 2.562855e+00 1.580764e+00 1.418479e+00 1.266939e+00 5.489284e-01 1.990645e-04 4.031045e-02 1.148668e-01 1.539764e-01 1.627858e-01 2.057298e-01 2.047306e-01 3.559147e-01 4.144586e-01 2.653561e-01 2.520448e-01 1.875437e-01 1.099179e-01 3.678377e-05
<GCONST> 6.889408e+01
<STATE> 3
<NUMMIXES> 16
<MIXTURE> 1 2.806403e-02
<MEAN> 39
 -1.143627e+00 -1.715752e+01 -1.612441e+01 -1.844743e+01 -2.003214e+00 -5.032960e-01 9.087561e-01 -6.381993e+00 1.007464e+00 6.052150e-01 -8.214110e-01 -1.330127e+01 9.653843e-01 7.811514e-01 8.071527e-01 1.217996e-01 -1.467214e+00 -1.071004e+00 1.321684e+00 -5.104792e-01 -4.561487e-01 -8.128911e-01 1.006953e+00 1.353278e+00 9.148269e-01 -8.847944e-03 8.578338e-02 1.938331e-01 1.645298e-01 -7.222911e-02 -3.641206e-01 2.712052e-02 -1.621607e-02 2.642312e-01 -3.279938e-01 -9.368320e-02 3.718071e-02 7.119647e-01 -4.722559e-03
<VARIANCE> 39
 1.092333e+01 1.471261e+01 1.651091e+01 3.875171e+01 2.834299e+01 4.450568e+01 4.713081e+01 3.839343e+01 3.237681e+01 2.941651e+01 3.865258e+01 2.630103e+01 7.994519e-04 3.865197e-01 5.132927e-01 6.608413e-01 1.586988e+00 1.054061e+00 8.466178e-01 9.595224e-01 1.217549e+00 9.450120e-01 1.918754e+00 1.202911e+00 2.740310e+00 9.261598e-05 4.395618e-02 5.636068e-02 9.259754e-02 1.742579e-01 1.292417e-01 1.381544e-01 1.303798e-01 1.289737e-01 1.663990e-01 2.740537e-01 1.506772e-01 2.042688e-01 1.541336e-05
<GCONST> 5.959595e+01
<MIXTURE> 2 6.124623e-02
<MEAN> 39
 -1.769942e+00 -1.507893e+01 -1.452451e+01 -1.076020e+01 -2.643770e+00 -2.436729e-01 -6.738235e+00 -4.268025e+00 4.016829e+00 -4.184986e+00 -6.616153e+00 -6.321030e+00 7.899953e-01 5.398326e-01 7.416573e-01 -1.003280e+00 -1.273504e+00 8.658022e-01 1.491341e+00 4.247282e-02 -1.650209e+00 -4.643489e-01 9.570165e-01 1.162368e+00 -2.356621e-01 -3.171967e-03 -2.351702e-02 1.434443e-01 2.210820e-01 -1.922215e-01 -3.797630e-01 -1.772576e-02 2.690739e-01 3.486543e-01 -5.062633e-01 -1.205088e-01 3.151010e-01 2.885062e-01 -1.339861e-03
<VARIANCE> 39
 6.974693e+00 2.478936e+01 3.212035e+01 2.771302e+01 2.985856e+01 4.590686e+01 6.104216e+01 3.763300e+01 4.041793e+01 5.198916e+01 2.824138e+01 3.056526e+01 1.123783e-02 1.214797e-01 2.857951e-01 4.506352e-01 7.293350e-01 9.319887e-01 8.279813e-01 1.266217e+00 1.372465e+00 1.602443e+00 1.089762e+00 1.183606e+00 1.119422e+00 1.321717e-04 2.653098e-02 6.773833e-02 7.344806e-02 1.318460e-01 1.924655e-01 1.349534e-01 1.589579e-01 1.523619e-01 1.816424e-01 1.683849e-01 1.970627e-01 1.404745e-01 1.801499e-05
<GCONST> 5.990541e+01
<MIXTURE> 3 6.898854e-02
<MEAN> 39
 -1.428241e+00 -1.905693e+01 -1.135751e+01 -2.039989e+01 -3.062308e+00 3.467350e+00 -3.755296e+00 -1.813587e+00 1.639202e+00 7.187524e-01 -3.744776e+00 -1.108031e+01 9.709535e-01 6.477051e-02 -1.931486e-02 -1.081704e-01 -1.532695e-01 -6.424182e-03 3.448367e-01 1.479519e-01 -4.722544e-01 -6.932857e-02 -2.653202e-01 5.521173e-01 -5.418061e-02 4.099812e-04 6.255287e-02 2.281719e-01 -2.272874e-02 -1.211776e-01 -1.972761e-01 7.337473e-02 -1.381291e-01 -2.738879e-02 -1.294502e-01 1.628066e-01 1.957454e-01 1.614119e-01 -3.299992e-03
<VARIANCE> 39
 5.580795e+00 1.700254e+01 1.294301e+01 2.088854e+01 3.297638e+01 4.771520e+01 3.801827e+01 4.765170e+01 5.192585e+01 3.728060e+01 3.818909e+01 3.260587e+01 7.234266e-04 1.409790e-01 3.836385e-01 2.734736e-01 6.127819e-01 4.188177e-01 7.318799e-01 5.457965e-01 8.322117e-01 6.993965e-01 7.494785e-01 5.923864e-01 6.442419e-01 6.839954e-05 2.024299e-02 3.976129e-02 3.802163e-02 6.953886e-02 7.171405e-02 1.121092e-01 7.966324e-02 1.049033e-01 1.094226e-01 1.162487e-01 1.200588e-01 1.043664e-01 7.933134e-06
<GCONST> 4.312510e+01
<MIXTURE> 4 5.647012e-02
<MEAN> 39
 -1.971989e+00 -1.765327e+01 -1.344507e+01 -1.830163e+01 -2.860199e+00 3.803109e+00 -9.306350e+00 -5.778884e-01 -3.011002e+00 2.484882e+00 -9.173928e+00 -6.606436e+00 9.030229e-01 5.793280e-01 1.168507e+00 -7.959557e-01 -1.655374e+00 1.144030e-02 1.302089e+00 -5.294797e-02 -1.060993e+00 -5.308368e-01 9.336472e-01 1.296335e+00 3.677339e-02 -4.104140e-03 -3.325133e-02 3.904449e-01 1.217868e-01 5.803231e-02 -3.707831e-01 -4.985539e-01 3.588319e-01 1.860884e-01 -2.948110e-01 -3.486129e-01 3.527820e-01 4.331462e-01 -7.569093e-03
<VARIANCE> 39
 7.472232e+00 2.302996e+01 2.632186e+01 3.154560e+01 3.193114e+01 5.018953e+01 4.470551e+01 5.270963e+01 5.110256e+01 4.034530e+01 4.131666e+01 3.097926e+01 5.588889e-03 4.928381e-01 9.070554e-01 1.145270e+00 1.893794e+00 2.523161e+00 2.897465e+00 2.403917e+00 3.176316e+00 2.715828e+00 3.174442e+00 1.744797e+00 2.415473e+00 2.230371e-04 6.664712e-02 1.920994e-01 1.478997e-01 2.971345e-01 3.267162e-01 3.248122e-01 4.385090e-01 5.273412e-01 4.291743e-01 3.705712e-01 2.664042e-01 3.480679e-01 6.475813e-05
<GCONST> 8.241422e+01
<MIXTURE> 5 7.994071e-02
<MEAN> 39
 2.294780e-01 -1.255868e+01 -1.583044e+01 -1.661951e+01 -4.975951e+00 7.832496e+00 -6.886185e+00 -8.390074e+00 3.366536e+00 -6.495818e+00 4.608790e-01 -5.050944e+00 7.943454e-01 1.346947e-01 8.360568e-01 -1.276869e-01 -6.534617e-01 -3.109240e-01 3.286185e-01 3.272155e-01 8.833554e-02 -8.850118e-01 -9.876036e-03 6.970191e-01 4.664294e-01 -9.815779e-03 -6.467676e-02 -2.083017e-02 1.210526e-01 1.569012e-01 -8.396583e-02 -3.187189e-01 -4.970899e-02 2.654109e-01 -1.130891e-01 7.317427e-02 -1.529712e-01 -9.923975e-02 -2.066080e-03
<VARIANCE> 39
 5.202362e+00 2.394572e+01 2.439063e+01 4.897682e+01 4.475671e+01 4.742005e+01 6.188010e+01 4.388167e+01 4.875825e+01 4.021339e+01 2.950881e+01 3.032443e+01 1.336768e-02 1.134043e-01 3.495894e-01 3.872830e-01 6.720645e-01 9.077640e-01 8.293580e-01 1.222654e+00 9.274294e-01 9.425523e-01 7.760212e-01 9.817614e-01 6.062899e-01 1.024929e-04 1.526487e-02 4.627648e-02 5.238926e-02 9.049001e-02 1.120456e-01 1.091424e-01 1.813522e-01 1.391566e-01 1.344711e-01 1.069127e-01 1.156698e-01 1.273372e-01 1.273113e-05
<GCONST> 5.404635e+01
<MIXTURE> 6 5.785609e-02
<MEAN> 39
 3.771519e-01 -2.071811e+01 -1.052843e+01 -1.937146e+01 -7.945987e+00 1.120057e+01 -9.433782e+00 -1.229696e+00 -1.134961e+00 1.404211e+00 -1.893360e+00 -7.777727e+00 9.333930e-01 3.360865e-01 9.806781e-01 -2.176264e-01 -1.170025e+00 -5.268768e-01 7.735888e-01 4.932728e-01 -5.468956e-01 -7.440340e-01 2.446799e-01 1.007720e+00 8.410220e-01 -5.690766e-03 -3.514325e-02 3.538550e-01 2.087522e-02 1.029083e-01 -1.978019e-01 -4.301037e-01 2.029940e-01 1.317226e-01 -5.259424e-02 -9.497310e-02 -1.124673e-01 3.012773e-01 -5.185994e-03
<VARIANCE> 39
 6.737212e+00 1.756767e+01 2.015296e+01 3.858554e+01 2.450134e+01 2.545204e+01 3.294674e+01 1.837942e+01 2.623489e+01 2.237788e+01 3.081468e+01 2.213993e+01 1.803557e-03 1.679633e-01 5.006031e-01 5.822710e-01 1.048025e+00 1.123953e+00 7.490349e-01 1.102061e+00 1.234295e+00 8.918547e-01 8.240710e-01 9.212281e-01 1.079445e+00 1.066946e-04 2.844275e-02 8.005571e-02 7.989944e-02 1.379339e-01 1.506589e-01 1.264711e-01 1.680109e-01 1.785292e-01 1.257302e-01 1.486690e-01 1.094914e-01 1.229182e-01 1.913218e-05
<GCONST> 5.302595e+01
<MIXTURE> 7 5.852075e-02
<MEAN> 39
 -2.338869e+00 -1.911319e+01 -1.345714e+01 -1.912107e+01 1.398390e+00 3.281123e+00 -8.628512e+00 -2.252499e+00 -2.300365e+00 6.628972e-02 -9.445952e+00 -4.237427e+00 9.040869e-01 3.918080e-01 3.802715e-01 -1.842468e-01 -9.819396e-01 -2.732332e-03 1.115301e+00 -2.030285e-01 -4.754592e-01 -1.559289e-01 4.284829e-01 8.644873e-01 -2.729667e-01 -3.111682e-05 5.024824e-02 2.004726e-01 -7.569224e-03 -1.114475e-01 -2.686951e-01 -6.706913e-02 2.537291e-01 8.254150e-02 -9.734254e-02 -3.458555e-02 1.840427e-01 1.145178e-01 -1.256812e-03
<VARIANCE> 39
 7.896637e+00 1.922871e+01 2.644721e+01 2.727604e+01 2.297743e+01 3.484053e+01 7.104714e+01 3.104259e+01 2.601809e+01 3.132911e+01 1.967710e+01 1.672309e+01 3.588919e-03 1.468808e-01 4.864693e-01 4.041306e-01 1.192543e+00 7.371218e-01 8.733948e-01 1.237636e+00 7.657061e-01 8.333923e-01 7.272568e-01 6.077100e-01 8.055079e-01 8.496952e-05 1.858686e-02 5.390442e-02 7.555082e-02 1.129603e-01 6.533947e-02 1.301643e-01 1.362226e-01 1.115983e-01 1.070366e-01 9.533102e-02 1.173536e-01 7.732818e-02 6.473802e-06
<GCONST> 4.822593e+01
<MIXTURE> 8 4.905808e-02
<MEAN> 39
 -4.417864e+00 -1.672267e+01 -1.404607e+01 -1.126548e+01 -5.531273e-02 -2.732747e+00 -1.472028e+01 2.744211e+00 -3.375943e+00 -9.927779e+00 -7.453422e+00 -3.590898e+00 7.812803e-01 5.606574e-01 8.053132e-01 -1.067851e+00 -6.020853e-01 8.155227e-01 9.017792e-01 -1.410341e+00 -5.086126e-01 3.778073e-01 7.396034e-01 3.760706e-01 -1.072217e+00 -1.017256e-02 -5.950802e-02 2.326401e-01 2.332751e-01 -2.476556e-01 -5.727786e-01 -2.931204e-02 6.993295e-01 -4.368282e-01 -5.152354e-01 3.346369e-01 2.162729e-02 4.620503e-02 -3.941834e-03
<VARIANCE> 39
 8.371487e+00 2.180422e+01 1.866034e+01 2.634612e+01 2.496909e+01 4.999994e+01 4.362764e+01 3.679004e+01 5.043964e+01 3.912313e+01 4.168786e+01 3.253765e+01 1.618936e-02 2.699465e-01 3.106385e-01 9.558368e-01 1.004748e+00 1.899873e+00 1.504467e+00 2.104835e+00 2.074650e+00 2.220126e+00 1.829700e+00 1.701426e+00 1.287207e+00 1.613650e-04 3.400065e-02 7.393990e-02 1.733702e-01 1.623367e-01 1.968298e-01 3.238036e-01 3.629251e-01 2.613061e-01 2.496023e-01 3.170594e-01 2.885870e-01 2.282936e-01 2.890814e-05
<GCONST> 7.135535e+01
<MIXTURE> 9 6.271520e-02
<MEAN> 39
 -4.415776e-01 -1.827708e+01 -1.627481e+01 -8.323219e+00 -7.274638e+00 -2.297334e+00 2.622396e-01 -7.516215e+00 7.808290e+00 -6.176994e+00 -5.273430e+00 -5.817796e+00 8.836980e-01 1.771032e-01 2.320640e-01 -2.888095e-01 -2.782736e-01 2.692384e-01 3.896440e-01 -3.135168e-01 -3.130828e-01 -8.831676e-02 1.922459e-01 5.183059e-01 -9.097940e-02 -2.382445e-03 2.405243e-02 1.224786e-01 -6.688753e-03 -6.886217e-02 -4.978216e-02 -1.622407e-02 -3.967721e-02 2.775521e-02 -1.107650e-01 1.308065e-01 1.066795e-01 4.079683e-03 -1.701359e-03
<VARIANCE> 39
 7.948695e+00 1.319509e+01 1.560656e+01 2.197783e+01 1.972997e+01 4.082837e+01 7.346691e+01 6.722443e+01 3.177078e+01 2.920037e+01 3.846258e+01 2.846980e+01 6.129507e-03 1.107090e-01 2.212241e-01 3.541272e-01 3.076942e-01 4.390484e-01 3.897296e-01 7.003808e-01 7.098224e-01 5.627707e-01 4.234205e-01 6.418930e-01 4.520439e-01 4.036016e-05 2.352600e-02 2.948172e-02 4.011863e-02 4.333895e-02 6.503653e-02 6.358522e-02 8.851562e-02 1.040426e-01 8.173489e-02 5.858691e-02 6.445786e-02 7.661712e-02 6.536728e-06
<GCONST> 3.852682e+01
<MIXTURE> 10 6.956800e-02
<MEAN> 39
 -3.522939e+00 -1.822544e+01 -1.519652e+01 -1.163344e+01 -3.165856e+00 -1.850578e+00 -8.233005e+00 1.426415e+00 -5.336096e+00 -3.121873e+00 -1.311456e+01 -1.542514e+00 8.731797e-01 3.911082e-01 3.773856e-01 -6.512274e-01 -4.408440e-01 7.502327e-01 6.718677e-01 -9.810117e-01 -4.700919e-01 4.718833e-01 6.511828e-01 1.729811e-01 -8.295802e-01 -3.548819e-03 4.427866e-02 1.333238e-01 9.635835e-02 -2.688618e-01 -1.483650e-01 -5.262292e-02 1.498584e-01 -3.819105e-02 -4.514062e-02 -1.689979e-02 2.881567e-01 -1.383966e-01 -2.011392e-03
<VARIANCE> 39
 7.628969e+00 1.433808e+01 2.508504e+01 3.360090e+01 2.142937e+01 4.944327e+01 5.815143e+01 3.499011e+01 2.729643e+01 6.291051e+01 1.849074e+01 1.682891e+01 7.163130e-03 1.482698e-01 4.276549e-01 4.589348e-01 5.438699e-01 7.829396e-01 8.006157e-01 8.851314e-01 1.045806e+00 1.230615e+00 1.055414e+00 6.962187e-01 9.102132e-01 6.282737e-05 3.582055e-02 5.846645e-02 6.852470e-02 9.064693e-02 9.992708e-02 1.646319e-01 1.741513e-01 1.556994e-01 1.399675e-01 1.223040e-01 1.139352e-01 9.920774e-02 9.334221e-06
<GCONST> 5.228546e+01
<MIXTURE> 11 1.227316e-01
<MEAN> 39
 -3.298551e+00 -1.479797e+01 -1.716580e+01 -1.274385e+01 -2.225895e-01 -9.770374e+00 5.647488e+00 -7.998655e+00 4.642125e+00 -3.683928e+00 -8.140042e+00 -4.852099e+00 8.888574e-01 1.869027e-01 2.440279e-01 -2.538582e-01 -5.666811e-01 3.349228e-01 5.296865e-01 -1.652711e-01 -5.809345e-01 1.424368e-01 4.739456e-01 7.826724e-02 -1.395434e-01 3.400524e-04 6.178237e-02 1.718286e-01 1.647679e-01 -3.815237e-03 -4.241841e-01 2.190924e-01 -3.774722e-01 1.385284e-01 -9.373567e-02 6.200508e-02 2.852274e-01 9.943921e-03 -5.095110e-03
<VARIANCE> 39
 8.480345e+00 2.191340e+01 2.080666e+01 3.398589e+01 2.842427e+01 4.244977e+01 3.465231e+01 3.570647e+01 3.929448e+01 4.552229e+01 2.830790e+01 2.900583e+01 6.526856e-03 2.185753e-01 4.970446e-01 5.114430e-01 8.310029e-01 1.225546e+00 1.134798e+00 1.374297e+00 1.289515e+00 1.202233e+00 1.225095e+00 1.256610e+00 8.899748e-01 1.361334e-04 4.268633e-02 1.006941e-01 1.159058e-01 1.721033e-01 1.920053e-01 1.857693e-01 2.003732e-01 2.197221e-01 1.940206e-01 2.257172e-01 2.297844e-01 2.015387e-01 2.685623e-05
<GCONST> 6.372522e+01
<MIXTURE> 12 6.484848e-02
<MEAN> 39
 -1.510429e+00 -1.334375e+01 -1.492832e+01 -1.718597e+01 -2.340805e+00 3.368475e+00 -1.043681e+01 8.436868e-02 -3.657728e+00 -2.864643e+00 9.677610e-01 -9.373266e+00 8.070526e-01 1.047954e-01 4.375457e-01 1.361194e-01 -3.165939e-01 -3.912687e-01 -6.985697e-02 1.732580e-01 -1.475744e-01 -3.108482e-01 4.818807e-01 -1.845363e-03 2.939000e-01 -1.005004e-02 -4.149224e-02 -2.975949e-02 2.115297e-01 3.748339e-01 -2.966078e-01 -4.242591e-01 1.391951e-01 -1.407274e-01 2.383147e-01 6.525939e-02 -4.174389e-01 1.205193e-01 -4.539266e-03
<VARIANCE> 39
 5.250113e+00 2.239748e+01 1.634711e+01 3.717266e+01 4.220335e+01 6.050934e+01 5.291626e+01 2.568567e+01 3.582652e+01 3.307356e+01 6.070781e+01 3.123551e+01 1.594189e-02 1.339216e-01 3.469800e-01 4.043078e-01 8.277590e-01 6.144989e-01 1.024258e+00 9.138137e-01 7.518600e-01 1.007285e+00 9.121267e-01 1.396916e+00 1.139250e+00 1.638526e-04 2.540949e-02 6.267857e-02 7.966580e-02 1.229226e-01 1.297282e-01 1.478421e-01 1.666023e-01 1.878964e-01 1.385684e-01 1.749513e-01 2.222775e-01 1.685677e-01 2.272264e-05
<GCONST> 5.887923e+01
<MIXTURE> 13 6.022824e-02
<MEAN> 39
 -1.459531e-01 -1.868745e+01 -1.648487e+01 -1.107465e+01 -8.886611e+00 5.417238e+00 -5.983325e+00 -4.244230e+00 3.550420e+00 -5.212368e+00 8.212080e-01 -1.219270e+01 9.286318e-01 2.121675e-01 4.542479e-01 -1.942687e-01 -8.468019e-01 -3.791121e-02 8.803508e-01 -2.161523e-01 -6.413971e-01 -1.196036e-01 2.091919e-01 9.501050e-01 -1.004291e-01 2.774410e-05 -6.712688e-02 2.511317e-01 2.441474e-01 -1.597710e-01 -6.932626e-02 -3.116536e-01 -4.961148e-02 3.762177e-01 -2.846425e-01 1.770073e-01 -1.844449e-01 4.009559e-01 -5.661939e-03
<VARIANCE> 39
 6.750961e+00 1.858916e+01 2.068691e+01 2.384224e+01 1.715999e+01 3.295843e+01 4.181858e+01 3.403862e+01 3.880066e+01 2.047085e+01 3.250530e+01 2.233865e+01 4.278925e-03 2.200551e-01 5.929785e-01 6.586164e-01 1.247840e+00 8.181492e-01 1.566673e+00 1.426025e+00 1.869864e+00 1.080642e+00 1.171048e+00 1.118753e+00 1.185903e+00 1.552904e-04 5.727796e-02 1.037106e-01 1.506482e-01 1.876391e-01 1.643573e-01 2.407493e-01 2.978221e-01 2.331311e-01 1.887498e-01 1.837102e-01 1.903314e-01 2.182382e-01 2.802674e-05
<GCONST> 6.325006e+01
<MIXTURE> 14 5.395679e-02
<MEAN> 39
 -4.374498e+00 -2.030668e+01 -1.185099e+01 -2.014144e+01 1.996096e+00 -1.014043e+00 -7.342147e+00 2.475970e+00 -3.601463e+00 7.758788e-01 -1.216598e+01 -4.615062e+00 9.212033e-01 2.386438e-01 8.841662e-01 -4.001084e-01 -7.098671e-01 -2.710237e-01 -6.052297e-01 -2.064047e-02 -5.358756e-01 6.199359e-01 5.357535e-01 -1.168000e-01 -3.511332e-01 -1.503136e-02 2.796915e-02 4.055363e-01 6.223103e-02 2.948512e-01 -5.653279e-01 -4.114455e-01 4.876781e-02 -1.064928e-01 6.050488e-02 -5.838606e-02 1.680388e-01 1.201833e-01 -1.101103e-02
<VARIANCE> 39
 8.654799e+00 2.003853e+01 1.811287e+01 2.710518e+01 4.989008e+01 3.981812e+01 4.438739e+01 2.809953e+01 2.565087e+01 3.946727e+01 2.219878e+01 3.287091e+01 4.333647e-03 3.056450e-01 5.841271e-01 8.128914e-01 1.081684e+00 1.402438e+00 1.936225e+00 1.374721e+00 1.632256e+00 1.215908e+00 1.577480e+00 1.332375e+00 1.078702e+00 2.715231e-04 6.946979e-02 1.216584e-01 1.400462e-01 2.784810e-01 2.193315e-01 2.553094e-01 2.033965e-01 2.738421e-01 2.656716e-01 3.189782e-01 2.257340e-01 1.839275e-01 2.993626e-05
<GCONST> 6.872762e+01
<MIXTURE> 15 5.633352e-02
<MEAN> 39
 -9.777066e-01 -1.230290e+01 -1.855666e+01 -1.817458e+01 -3.505599e-01 7.987447e-01 6.154959e-01 -9.210177e+00 -4.521399e-02 -9.204161e-01 -1.967421e+00 -4.293455e+00 8.443581e-01 4.765370e-01 1.228495e+00 -1.797297e-01 -1.691879e+00 -9.493963e-01 1.254357e+00 6.134657e-01 -1.824339e-01 -1.152026e+00 -1.274334e-01 1.232232e+00 1.286547e+00 -5.276366e-03 -4.165851e-02 1.688734e-01 2.693522e-01 1.323813e-01 -4.823295e-01 -2.799376e-01 4.408847e-02 4.680586e-01 -1.628942e-02 -3.332131e-01 -2.040868e-01 1.624194e-01 -4.734854e-03
<VARIANCE> 39
 7.935264e+00 1.759400e+01 1.927864e+01 4.315635e+01 3.885523e+01 4.326997e+01 5.187750e+01 4.413039e+01 4.980758e+01 3.829042e+01 4.115287e+01 2.851592e+01 1.059391e-02 2.352055e-01 5.617507e-01 7.536935e-01 1.098598e+00 1.020031e+00 1.066497e+00 1.479103e+00 1.345354e+00 1.433128e+00 1.412126e+00 1.044806e+00 1.171888e+00 2.386223e-04 3.547021e-02 8.374722e-02 1.001183e-01 1.587453e-01 1.584625e-01 1.282326e-01 2.302689e-01 1.977901e-01 2.181010e-01 1.722303e-01 2.085898e-01 1.751643e-01 2.873538e-05
<GCONST> 6.570863e+01
<MIXTURE> 16 4.946381e-02
<MEAN> 39
 -4.118115e+00 -1.437330e+01 -1.172515e+01 -1.454453e+01 1.483940e+00 -6.971963e+00 -6.470146e+00 -1.887683e+00 2.843283e+00 -8.156994e+00 -6.453398e+00 -4.747044e+00 7.629089e-01 2.362748e-01 4.486528e-01 -5.629167e-01 -3.933461e-01 6.593304e-01 5.661782e-01 -5.030738e-01 -4.850838e-01 1.242627e-01 2.938832e-01 5.388056e-01 -3.217697e-01 -5.444265e-03 5.377074e-02 4.560290e-02 4.780195e-02 -3.542932e-02 -1.975413e-01 3.950660e-02 7.628170e-02 4.450597e-02 -2.426832e-01 1.572782e-01 5.437090e-02 5.137554e-02 -3.863024e-04
<VARIANCE> 39
 5.726330e+00 1.802018e+01 3.424213e+01 4.441933e+01 2.421812e+01 4.113845e+01 5.063920e+01 3.324472e+01 1.980456e+01 5.140074e+01 3.358022e+01 3.855631e+01 1.394335e-02 1.654173e-01 2.148022e-01 1.697955e-01 4.339037e-01 5.128303e-01 5.027706e-01 7.058952e-01 5.875988e-01 9.555573e-01 6.722120e-01 5.063351e-01 4.680125e-01 6.542463e-05 1.573237e-02 2.187935e-02 4.118995e-02 7.302758e-02 7.738133e-02 7.585713e-02 1.148189e-01 1.012064e-01 1.137959e-01 8.339942e-02 9.067034e-02 1.008808e-01 8.766361e-06
<GCONST> 4.372449e+01
<STATE> 4
<NUMMIXES> 16
<MIXTURE> 1 3.577541e-02
<MEAN> 39
 4.773148e+00 -1.221579e+01 -1.878865e+01 -1.623802e+01 -9.681421e+00 8.998156e-01 -1.801041e-01 8.770109e-01 -4.759803e+00 -3.214344e+00 3.703379e+00 2.629291e-01 8.709049e-01 4.557094e-01 7.186211e-01 -7.650740e-01 6.297023e-01 9.059533e-02 -1.065097e+00 -1.216396e+00 1.199618e+00 1.760729e-01 -5.397314e-01 -6.911289e-03 1.284569e+00 -9.626591e-03 -9.113219e-02 -1.022480e-01 -2.499914e-02 1.652443e-01 3.947693e-01 -7.469112e-02 -4.510265e-01 -2.047388e-01 4.559602e-01 1.985855e-01 -3.505398e-01 -2.809587e-01 -7.664585e-04
<VARIANCE> 39
 2.882688e+00 2.770345e+01 3.359107e+01 3.381411e+01 5.570280e+01 7.355724e+01 5.834469e+01 3.421455e+01 4.204019e+01 3.583759e+01 3.152051e+01 3.963291e+01 5.082906e-03 1.268747e-01 5.642030e-01 8.956709e-01 1.264803e+00 2.180748e+00 1.155269e+00 2.386457e+00 8.044873e-01 1.723269e+00 9.217281e-01 1.529494e+00 9.470095e-01 1.073126e-04 1.697844e-02 5.488947e-02 1.104015e-01 1.056278e-01 2.168533e-01 2.253380e-01 2.889233e-01 1.562426e-01 2.393865e-01 1.981872e-01 1.705132e-01 2.060424e-01 1.474364e-05
<GCONST> 6.386546e+01
<MIXTURE> 2 5.730118e-02
<MEAN> 39
 5.851104e-02 -9.629811e+00 -1.336488e+01 -2.251882e+01 -7.716750e+00 4.184444e+00 -6.104148e+00 -3.167966e+00 -5.344892e+00 8.411800e-01 -7.824897e-02 -4.251912e+00 7.607580e-01 -1.309145e+00 2.814431e+00 7.882487e-01 1.712541e+00 3.587497e-01 -2.044244e+00 3.221807e-01 -4.592495e-01 -3.754565e-01 4.546196e-01 3.151625e-01 3.187110e-01 -8.207347e-02 -1.145492e+00 2.775855e-01 4.681020e-01 1.214597e+00 5.473154e-01 -3.716831e-01 1.903210e-01 -4.983607e-02 3.700404e-01 -1.691379e-01 -2.537928e-01 2.044231e-02 -2.595219e-02
<VARIANCE> 39
 7.686531e+00 2.582340e+01 2.745333e+01 4.156439e+01 4.250218e+01 3.780098e+01 5.494189e+01 3.257951e+01 3.462141e+01 5.343064e+01 6.355388e+01 2.224679e+01 1.012738e-02 1.984853e+00 2.774176e+00 1.653359e+00 3.285094e+00 3.978907e+00 3.441741e+00 4.160096e+00 3.679861e+00 3.751898e+00 3.723846e+00 3.598662e+00 2.862699e+00 8.472144e-04 4.180697e-01 3.388918e-01 3.182915e-01 4.394761e-01 5.350069e-01 4.372062e-01 6.598921e-01 5.689461e-01 4.794585e-01 6.540592e-01 6.735823e-01 3.627101e-01 3.745879e-04
<GCONST> 9.889098e+01
<MIXTURE> 3 7.255844e-02
<MEAN> 39
 -6.158788e+00 -2.925219e+00 -9.582940e+00 -1.117882e+01 -6.230777e+00 -2.504378e+00 -6.344039e+00 -5.252035e+00 -2.179768e+00 8.686478e-01 -1.427597e+00 -3.596858e+00 4.221286e-01 -2.678959e+00 1.303086e+00 1.863577e+00 3.109783e+00 8.331796e-01 -8.199374e-01 2.543297e-01 2.735553e-01 -8.026506e-01 -7.730746e-01 -2.733247e-01 4.763610e-01 -1.055932e-01 -1.643092e-01 -6.916584e-01 -1.211095e-01 -5.282976e-01 -2.883581e-02 3.478442e-01 2.879097e-01 3.886589e-01 8.588476e-02 -1.953390e-01 -1.204973e-01 -3.710439e-02 1.829550e-02
<VARIANCE> 39
 1.368480e+01 2.362032e+01 3.638019e+01 5.743942e+01 5.302097e+01 5.183673e+01 5.466949e+01 5.404146e+01 6.805426e+01 6.064341e+01 4.713252e+01 3.785797e+01 3.088153e-02 5.053683e+00 3.952058e+00 3.015411e+00 5.599489e+00 5.233108e+00 5.258242e+00 5.907383e+00 7.077789e+00 5.437469e+00 5.723144e+00 4.934412e+00 3.501303e+00 5.849858e-03 4.254567e-01 4.478881e-01 5.877856e-01 7.460994e-01 9.447283e-01 6.452735e-01 9.626592e-01 9.595284e-01 1.204460e+00 7.609929e-01 7.653577e-01 5.449835e-01 3.442082e-04
<GCONST> 1.153671e+02
<MIXTURE> 4 5.862868e-02
<MEAN> 39
 -4.943778e-02 -1.662225e+01 -1.309225e+01 -1.811484e+01 -1.132728e+01 8.339999e+00 -8.434003e+00 -4.075295e+00 3.869468e+00 -2.716653e+00 3.909254e+00 -1.066453e+01 9.019439e-01 1.726003e-01 1.282611e+00 2.191305e-01 2.034422e-01 -5.660185e-01 -9.098366e-01 -5.845739e-01 -1.181691e-01 -5.194092e-01 8.686837e-01 5.027257e-01 7.404897e-01 -3.250052e-02 -3.389676e-01 4.300106e-01 3.533351e-01 6.989697e-01 3.283536e-01 -9.298609e-01 2.059424e-01 1.057752e-01 -3.633266e-01 1.585274e-01 -6.303496e-01 4.388596e-01 -1.791879e-02
<VARIANCE> 39
 9.247391e+00 2.509361e+01 2.566395e+01 4.015067e+01 2.720283e+01 4.590512e+01 4.266053e+01 4.743902e+01 4.003343e+01 3.156255e+01 4.303980e+01 3.657669e+01 4.117816e-03 5.201908e-01 1.828030e+00 1.618430e+00 3.777434e+00 2.742885e+00 3.301475e+00 4.384033e+00 3.470712e+00 2.547424e+00 2.062753e+00 2.703880e+00 3.582292e+00 3.161961e-04 1.503069e-01 2.267864e-01 2.335873e-01 3.563336e-01 4.760846e-01 4.059800e-01 4.886583e-01 5.541158e-01 5.197653e-01 4.355340e-01 4.592779e-01 4.908621e-01 1.113021e-04
<GCONST> 8.947833e+01
<MIXTURE> 5 6.700672e-02
<MEAN> 39
 -1.341686e+00 -1.313826e+01 -1.183136e+01 -1.469101e+01 -5.199445e+00 3.015138e+00 -1.280471e+01 -8.083633e-01 3.438056e-02 -3.297323e+00 -1.308008e+00 -7.154064e+00 7.407494e-01 -2.490136e-01 1.124419e+00 1.419787e+00 1.295738e+00 -1.102056e+00 -1.437354e+00 6.101243e-01 -9.328937e-01 -1.205276e+00 1.564053e+00 -4.091578e-01 -7.675802e-02 -4.441240e-02 -2.593938e-01 4.041182e-01 5.395640e-01 6.729147e-01 -1.677080e-01 -6.312501e-01 5.173512e-01 -4.544767e-01 -4.530284e-01 2.175742e-01 -4.023001e-01 9.837959e-02 -1.262113e-02
<VARIANCE> 39
 6.293612e+00 1.924903e+01 2.191373e+01 4.437195e+01 2.973992e+01 5.087477e+01 4.378174e+01 3.304059e+01 5.299556e+01 3.705441e+01 3.967691e+01 2.626377e+01 1.086731e-02 3.629964e-01 1.058774e+00 1.458339e+00 2.289076e+00 1.589634e+00 2.017990e+00 3.005941e+00 2.985237e+00 3.243538e+00 2.012621e+00 3.745010e+00 2.087002e+00 4.010395e-04 4.655533e-02 1.190403e-01 1.607959e-01 3.029782e-01 2.457597e-01 3.130649e-01 3.996333e-01 4.657859e-01 3.941299e-01 3.798647e-01 3.677764e-01 3.149235e-01 4.320569e-05
<GCONST> 8.111481e+01
<MIXTURE> 6 7.024393e-02
<MEAN> 39
 9.241896e-01 -4.489664e+00 -1.304588e+01 -2.520252e+01 -1.364288e+01 3.511540e+00 1.874439e+00 -3.627644e+00 -4.015138e+00 -1.237674e+00 -2.140018e+00 2.530837e-02 7.077542e-01 -1.493839e-01 8.710581e-01 4.412683e-01 5.644990e-01 -4.193386e-01 -8.225002e-01 -2.200497e-01 2.380202e-01 -3.626264e-01 6.787135e-02 9.394399e-02 -1.085009e-01 -3.288001e-02 -1.537202e-01 -4.966828e-01 -2.156315e-01 5.203102e-01 7.153286e-01 -4.748964e-02 -3.257515e-01 -2.737997e-01 7.099535e-02 2.034372e-01 1.185437e-01 -2.426856e-01 1.262807e-03
<VARIANCE> 39
 9.362056e+00 2.501877e+01 2.580515e+01 5.081921e+01 4.630684e+01 4.538412e+01 6.693535e+01 4.552934e+01 4.615138e+01 5.628842e+01 3.632965e+01 3.129966e+01 1.972410e-02 5.430021e-01 1.707837e+00 1.845537e+00 2.382303e+00 2.967347e+00 2.497655e+00 2.513935e+00 2.042629e+00 2.006377e+00 2.085935e+00 1.944631e+00 1.605770e+00 9.388709e-04 7.866152e-02 1.664855e-01 2.254164e-01 3.110998e-01 3.592131e-01 4.051938e-01 2.986233e-01 3.172977e-01 3.479865e-01 4.261062e-01 3.769847e-01 3.456255e-01 1.092199e-04
<GCONST> 8.725618e+01
<MIXTURE> 7 5.815231e-02
<MEAN> 39
 -6.476386e-01 -1.447638e+01 -9.677549e+00 -1.421772e+01 -1.148046e+01 1.713744e-01 -1.335257e+01 -3.157156e+00 2.444756e+00 3.834611e+00 -4.307458e-01 -8.447017e+00 7.499209e-01 -8.799363e-01 1.381749e+00 1.586459e+00 3.123218e+00 3.180606e-02 -2.847979e+00 -1.845977e-01 -3.165731e-02 -3.357070e-01 -2.354418e-01 -1.461570e+00 7.142251e-01 -7.569627e-02 -4.224212e-01 5.413659e-01 2.615809e-01 2.426283e-01 3.831766e-01 -5.209831e-02 8.548505e-01 3.522435e-02 -5.127606e-01 -7.579195e-01 -2.854540e-01 4.346606e-01 -1.522464e-02
<VARIANCE> 39
 1.011788e+01 1.901099e+01 3.952548e+01 4.657243e+01 3.430410e+01 5.273428e+01 5.947686e+01 4.880394e+01 3.576719e+01 4.324500e+01 5.221109e+01 3.000279e+01 1.191695e-02 8.072385e-01 4.230312e+00 2.249456e+00 3.731888e+00 4.255768e+00 3.628558e+00 5.202804e+00 6.649705e+00 5.727611e+00 4.614271e+00 3.997124e+00 4.489082e+00 2.440380e-03 2.276119e-01 3.645535e-01 4.116227e-01 7.340899e-01 1.062495e+00 5.812935e-01 8.551778e-01 8.206239e-01 6.943758e-01 6.899247e-01 7.623259e-01 6.723058e-01 3.044073e-04
<GCONST> 1.059584e+02
<MIXTURE> 8 3.580429e-02
<MEAN> 39
 -1.555619e+01 -3.763601e+00 -7.569119e+00 -4.264860e+00 -4.351912e+00 -2.132506e+00 -2.916116e+00 -1.197610e+00 -1.573536e-01 1.809569e+00 -1.161597e+00 -2.200820e+00 4.945210e-02 -1.682019e+00 6.083477e-02 1.086706e+00 1.413357e+00 2.546358e-01 -5.940479e-02 3.069274e-01 3.784836e-01 -8.309928e-01 -7.031183e-01 -1.271078e-02 3.313109e-01 -5.392235e-02 9.429578e-01 -5.474801e-01 -6.394367e-01 -1.313657e+00 -4.447119e-01 1.167407e-01 -1.778490e-01 -1.840254e-01 -5.473313e-02 -9.928425e-02 -1.087891e-01 -2.316120e-01 5.897705e-02
<VARIANCE> 39
 2.036048e+01 2.575828e+01 1.772317e+01 2.802830e+01 4.549705e+01 4.730049e+01 2.335542e+01 6.288708e+01 6.279223e+01 3.811810e+01 2.641641e+01 2.949071e+01 3.452382e-02 7.147963e+00 2.907193e+00 3.801230e+00 1.010777e+01 6.519459e+00 6.139803e+00 4.122518e+00 5.505220e+00 6.706455e+00 5.813779e+00 5.867139e+00 3.485551e+00 1.329416e-02 4.599801e-01 6.233632e-01 4.239240e-01 9.098915e-01 8.775368e-01 9.387978e-01 8.135796e-01 1.348002e+00 1.459129e+00 1.123447e+00 1.124260e+00 8.976304e-01 1.043905e-03
<GCONST> 1.173770e+02
<MIXTURE> 9 8.310457e-02
<MEAN> 39
 7.090265e-01 -1.240261e+01 -1.478083e+01 -2.422997e+01 -8.270721e+00 7.141631e+00 1.382100e-01 -7.475780e+00 -1.230805e+00 -1.971271e+00 1.012412e+00 -2.471361e+00 9.049510e-01 4.130771e-01 1.461298e+00 4.346930e-01 -1.087799e+00 -1.655829e+00 1.483297e-01 1.665976e-01 7.004813e-01 -6.349151e-01 -4.577350e-01 5.477647e-01 1.226279e+00 -1.463032e-02 -7.278285e-02 -2.156887e-02 1.156806e-01 4.374111e-01 8.792832e-02 -4.640991e-01 -3.013607e-01 2.700628e-01 4.532262e-02 6.867037e-02 -2.024354e-01 -3.233608e-01 -4.986786e-03
<VARIANCE> 39
 8.912730e+00 2.575798e+01 2.262945e+01 3.518079e+01 4.284759e+01 4.854786e+01 5.580785e+01 5.041214e+01 4.761992e+01 4.894659e+01 3.145222e+01 2.877674e+01 4.384425e-03 3.285782e-01 7.844141e-01 4.449702e-01 1.007992e+00 1.650793e+00 1.055403e+00 1.940795e+00 1.332020e+00 1.304917e+00 1.952362e+00 1.199695e+00 1.636391e+00 1.696528e-04 5.009055e-02 1.050259e-01 1.251216e-01 1.654427e-01 2.287460e-01 1.986525e-01 2.675450e-01 2.516113e-01 1.954154e-01 2.557586e-01 2.392156e-01 2.627283e-01 2.958787e-05
<GCONST> 6.967717e+01
<MIXTURE> 10 8.887839e-02
<MEAN> 39
 -2.774591e+00 -1.273592e+01 -1.631042e+01 -1.890180e+01 -2.313328e+00 -6.015811e+00 9.037911e-02 -6.642835e+00 2.980444e+00 -5.412040e-01 -8.048508e+00 -5.725953e+00 8.585695e-01 1.761117e-01 1.478076e+00 5.700503e-01 4.595487e-01 -1.770952e+00 -3.849102e-01 -1.357923e+00 3.581376e-02 6.729875e-02 6.788006e-01 5.941763e-01 1.881091e-01 -4.048664e-02 -2.539156e-01 2.865268e-01 6.917317e-01 9.101064e-01 -2.989343e-01 8.768951e-02 -4.291930e-01 1.407433e-01 -4.913934e-01 -1.636310e-01 2.660830e-01 2.338747e-01 -2.201931e-02
<VARIANCE> 39
 7.864375e+00 2.517933e+01 2.668569e+01 4.571981e+01 2.941780e+01 5.435270e+01 4.356387e+01 4.363097e+01 4.786541e+01 6.551933e+01 5.720336e+01 2.658680e+01 5.887039e-03 5.963008e-01 1.636701e+00 1.564120e+00 2.584614e+00 2.487210e+00 2.696448e+00 2.656341e+00 2.966754e+00 2.791690e+00 2.989418e+00 2.121550e+00 2.270660e+00 4.848585e-04 2.546225e-01 3.767388e-01 2.700172e-01 4.255299e-01 5.116519e-01 4.233345e-01 4.299650e-01 5.297806e-01 4.507508e-01 5.792906e-01 4.064099e-01 3.366269e-01 1.792905e-04
<GCONST> 9.116906e+01
<MIXTURE> 11 9.487315e-02
<MEAN> 39
 -1.971592e-01 -6.276166e+00 -1.677537e+01 -1.420531e+01 -4.763584e+00 2.563640e-01 -1.926993e+00 -8.094665e+00 -3.167763e+00 -2.796557e+00 2.404094e-02 -2.281661e+00 6.519513e-01 -4.984260e-01 6.651210e-01 1.026846e+00 1.136891e+00 -5.297304e-01 -7.092481e-01 -1.695819e-01 -1.406497e-01 -5.941489e-01 5.267298e-01 -1.349647e-01 -3.442234e-01 -3.748566e-02 -3.159797e-01 -6.706032e-02 5.475575e-01 4.471754e-01 3.681380e-02 -2.656561e-01 -2.790657e-01 4.924271e-02 1.765951e-01 9.101254e-02 -3.239353e-01 -1.846973e-01 -8.015837e-03
<VARIANCE> 39
 8.671906e+00 1.430973e+01 2.424369e+01 4.748972e+01 4.508219e+01 4.510863e+01 5.918619e+01 2.845110e+01 3.833319e+01 5.874258e+01 4.533872e+01 3.956268e+01 2.016030e-02 5.279034e-01 1.241304e+00 1.664253e+00 2.337692e+00 2.979645e+00 1.887405e+00 3.099725e+00 2.389394e+00 2.933446e+00 1.898143e+00 2.360679e+00 1.803766e+00 4.714400e-04 7.360302e-02 1.606351e-01 1.780921e-01 2.547905e-01 2.978878e-01 3.160256e-01 3.867042e-01 4.089753e-01 3.246367e-01 3.789405e-01 4.328499e-01 2.853939e-01 5.653311e-05
<GCONST> 8.436724e+01
<MIXTURE> 12 5.590532e-02
<MEAN> 39
 -2.578176e+00 -1.505056e+01 -1.488438e+01 -1.880372e+01 -1.195760e+00 1.160135e+00 -1.393071e+01 2.673503e+00 -7.621832e+00 -1.068699e+00 -8.839684e+00 -5.065898e+00 7.930720e-01 1.159167e-01 1.782138e+00 4.118537e-01 -1.752676e-01 -1.381981e+00 -1.498630e+00 8.698675e-01 -1.138337e+00 4.998613e-02 2.487430e-01 -3.205977e-01 3.075761e-01 -3.989056e-02 -3.699476e-01 6.039318e-01 5.943595e-01 8.303759e-01 -4.676944e-01 -6.420542e-01 4.756093e-01 -5.919313e-01 2.018115e-01 -2.115365e-01 -2.623047e-02 1.479241e-01 -1.716874e-02
<VARIANCE> 39
 9.290665e+00 1.826769e+01 2.207516e+01 4.341537e+01 4.687667e+01 4.946595e+01 3.763889e+01 3.382393e+01 3.164957e+01 6.027694e+01 4.196539e+01 3.343023e+01 1.288569e-02 5.313236e-01 1.233219e+00 1.674605e+00 2.253932e+00 2.567916e+00 2.974434e+00 2.301391e+00 3.112888e+00 2.383853e+00 1.851989e+00 2.460364e+00 1.622253e+00 4.549414e-04 1.752562e-01 2.149469e-01 2.702820e-01 4.034044e-01 4.366890e-01 4.516641e-01 3.875260e-01 5.026067e-01 3.523862e-01 4.750164e-01 4.933822e-01 3.597887e-01 1.098994e-04
<GCONST> 8.771810e+01
<MIXTURE> 13 4.443486e-02
<MEAN> 39
 -3.249942e+00 -1.206677e+01 -9.344610e+00 -1.767612e+01 -7.740189e+00 -1.047283e+01 -9.908738e+00 1.190308e+00 -1.547161e+00 1.157184e+00 -9.998191e+00 -2.590060e+00 6.838132e-01 -9.060785e-01 3.254844e+00 1.913655e+00 3.211779e+00 -1.549017e+00 -9.493786e-01 -9.955748e-02 -1.845804e+00 -5.601397e-01 -5.772430e-01 6.001998e-01 7.689487e-01 -1.083026e-01 -6.833043e-01 3.901142e-01 2.880659e-01 8.802111e-01 5.368608e-01 8.973547e-01 4.056157e-01 -5.719685e-01 -4.240747e-01 -5.234134e-01 3.327659e-01 -2.077427e-01 -2.212246e-02
<VARIANCE> 39
 7.743393e+00 2.784648e+01 4.344806e+01 5.650233e+01 6.712478e+01 6.552211e+01 5.330616e+01 3.342971e+01 5.503987e+01 6.453426e+01 4.739155e+01 3.301363e+01 1.753608e-02 1.556614e+00 3.001590e+00 3.168499e+00 3.959218e+00 6.052175e+00 5.132857e+00 4.597141e+00 4.817446e+00 4.892385e+00 6.077532e+00 5.387446e+00 4.202808e+00 1.869256e-03 3.273029e-01 4.010516e-01 5.969669e-01 1.104393e+00 7.966817e-01 7.033795e-01 6.023266e-01 6.972914e-01 8.717489e-01 1.012619e+00 7.143673e-01 6.335758e-01 3.430806e-04
<GCONST> 1.102640e+02
<MIXTURE> 14 5.394728e-02
<MEAN> 39
 1.823334e+00 -1.298899e+01 -1.404277e+01 -2.158799e+01 -7.789154e+00 1.408838e+00 -4.063033e+00 -2.360415e+00 -7.607485e+00 3.994427e+00 1.999613e+00 -5.575583e+00 8.724542e-01 2.804572e-02 -3.860361e-01 -2.587000e-01 1.367538e+00 4.360861e-01 -1.856230e+00 -1.119421e+00 9.902234e-01 1.857362e-01 4.717528e-01 2.281644e-01 -4.861966e-01 -6.140324e-03 -1.451629e-01 -2.576265e-01 8.390682e-02 3.594576e-01 2.164912e-01 -4.553165e-01 -3.488329e-01 2.655902e-01 4.776098e-01 -2.569532e-01 -5.712834e-01 2.255630e-02 2.879065e-04
<VARIANCE> 39
 6.796605e+00 2.420751e+01 3.626301e+01 5.082446e+01 5.221321e+01 6.733308e+01 4.727180e+01 4.492606e+01 7.561618e+01 5.953962e+01 4.673755e+01 3.274671e+01 3.490473e-03 3.567560e-01 1.024456e+00 1.047008e+00 1.465892e+00 1.916926e+00 2.313464e+00 1.973515e+00 1.880709e+00 2.183118e+00 2.651324e+00 2.900316e+00 2.644204e+00 1.075748e-04 3.471155e-02 1.403847e-01 1.441275e-01 2.301074e-01 3.632339e-01 2.873917e-01 3.407109e-01 3.012408e-01 2.790939e-01 4.832976e-01 3.541952e-01 4.631580e-01 1.492710e-05
<GCONST> 7.890203e+01
<MIXTURE> 15 6.541229e-02
<MEAN> 39
 1.411061e-01 -1.278346e+01 -1.252814e+01 -2.670669e+01 -6.217151e+00 9.224329e+00 -6.945352e+00 -1.618215e+00 -6.012932e+00 1.772265e+00 -2.930276e+00 -1.087636e+00 8.684982e-01 2.406337e-01 1.371558e+00 2.571817e-01 -3.518125e-01 -1.057596e+00 -8.591064e-01 3.842842e-01 2.155122e-01 -6.150546e-01 3.341216e-01 5.932806e-01 2.890947e-01 -2.543150e-02 -2.129786e-01 -6.199788e-03 1.471304e-01 8.593476e-01 7.144082e-02 -7.157803e-01 -1.888113e-01 -1.697387e-01 3.589956e-01 3.815850e-02 -1.199985e-01 -4.887488e-01 -9.859018e-03
<VARIANCE> 39
 7.556407e+00 1.553457e+01 2.654162e+01 3.061641e+01 5.688546e+01 4.225373e+01 4.836185e+01 2.971757e+01 3.242515e+01 4.298653e+01 3.114012e+01 2.268346e+01 5.713397e-03 2.775227e-01 1.310286e+00 7.123944e-01 2.070592e+00 2.411350e+00 1.323377e+00 2.243387e+00 2.006399e+00 1.799236e+00 2.110739e+00 1.768874e+00 1.693841e+00 1.937624e-04 4.744986e-02 1.606241e-01 1.648300e-01 1.808122e-01 3.510649e-01 2.293936e-01 3.195764e-01 2.351397e-01 2.974029e-01 4.182480e-01 2.893708e-01 2.329057e-01 5.358256e-05
<GCONST> 7.464465e+01
<MIXTURE> 16 5.796607e-02
<MEAN> 39
 -2.233317e+00 -4.620623e+00 -1.472861e+01 -1.622129e+01 -5.865677e+00 -3.382927e+00 -5.022145e+00 -8.158511e+00 -8.282135e-01 2.110509e+00 -2.886386e+00 -3.830098e+00 6.329949e-01 -3.201375e+00 3.129699e+00 2.517447e+00 3.801384e+00 5.737282e-01 -7.679939e-01 -2.888639e-01 -2.196263e-02 -8.196635e-01 -4.750208e-01 8.519962e-01 5.471218e-01 -1.476941e-01 -1.277101e+00 -4.811708e-01 4.900067e-01 6.899014e-01 5.536334e-01 3.581737e-01 3.555889e-01 6.725391e-01 -3.341183e-02 -3.951562e-01 -1.369335e-01 8.533641e-02 -1.882674e-02
<VARIANCE> 39
 8.262798e+00 2.349265e+01 1.878288e+01 4.068065e+01 3.216638e+01 4.066563e+01 6.213727e+01 3.131182e+01 5.073807e+01 5.202276e+01 6.102954e+01 2.430802e+01 1.692095e-02 2.666352e+00 3.913538e+00 2.977298e+00 4.576990e+00 3.976227e+00 4.479507e+00 6.113086e+00 6.429496e+00 6.169267e+00 5.249441e+00 4.788001e+00 2.442450e+00 3.533160e-03 3.196326e-01 4.670725e-01 3.686335e-01 5.807368e-01 4.733216e-01 8.826544e-01 8.724441e-01 6.615941e-01 7.487365e-01 6.436842e-01 7.763200e-01 4.966753e-01 4.960436e-04
<GCONST> 1.070776e+02
<TRANSP> 5
 0.000000e+00 1.000000e+00 0.000000e+00 0.000000e+00 0.000000e+00
 0.000000e+00 8.137069e-01 1.862931e-01 0.000000e+00 0.000000e+00
 0.000000e+00 0.000000e+00 8.367921e-01 1.632079e-01 0.000000e+00
 0.000000e+00 0.000000e+00 0.000000e+00 7.924564e-01 2.075436e-01
 0.000000e+00 0.000000e+00 0.000000e+00 0.000000e+00 0.000000e+00
<ENDHMM>
