~o
<STREAMINFO> 1 39
<VECSIZE> 39<NULLD><MFCC_E_D_A><DIAGC>
~h "ax"
<BEGINHMM>
<NUMSTATES> 5
<STATE> 2
<NUMMIXES> 16
<MIXTURE> 1 6.849842e-02
<MEAN> 39
 -5.380048e-01 -5.852381e+00 -1.419472e+01 -1.376348e+01 -7.817472e+00 -3.089555e+00 -3.347882e+00 -8.803382e+00 -2.198139e+00 1.518553e+00 2.519302e+00 -3.697900e+00 7.056791e-01 1.562176e+00 -3.389022e-01 -3.903224e-01 -1.579141e+00 -9.136093e-01 7.242475e-01 1.121502e-01 -6.955904e-01 -2.567712e-01 5.788996e-03 7.284886e-01 7.600345e-02 4.138629e-02 -7.901955e-01 2.160371e-01 6.361040e-01 3.379009e-01 2.118376e-01 1.205393e-01 -1.343519e-01 4.620483e-01 -2.040110e-01 -3.153537e-01 -4.292054e-01 2.109877e-01 -2.522294e-02
<VARIANCE> 39
 1.036636e+01 2.147606e+01 2.727537e+01 5.733207e+01 2.697470e+01 4.246127e+01 4.539114e+01 4.046574e+01 4.835618e+01 3.494522e+01 3.297165e+01 3.252733e+01 1.375394e-02 3.172366e+00 2.122394e+00 3.150783e+00 5.605299e+00 4.372333e+00 3.895403e+00 3.617770e+00 4.097674e+00 4.589533e+00 3.453290e+00 3.110993e+00 2.839833e+00 2.212067e-03 5.372260e-01 4.132761e-01 4.715747e-01 6.809306e-01 4.830792e-01 5.284187e-01 5.522265e-01 5.419657e-01 7.360418e-01 5.909027e-01 4.062389e-01 5.147335e-01 3.087913e-04
<GCONST> 1.025652e+02
<MIXTURE> 2 7.230294e-02
<MEAN> 39
 -6.948333e+00 -5.870066e+00 -1.010735e+01 -8.047173e+00 -7.175746e+00 -8.141850e+00 -6.986662e+00 -2.080528e+00 2.583095e+00 1.580390e+00 -3.532838e+00 -5.319000e+00 5.069796e-01 1.791717e+00 -1.519622e-02 -3.415628e-01 -3.582418e-01 -2.228601e-01 2.762393e-01 -1.307033e-01 -6.404064e-01 8.710615e-02 3.781250e-01 2.433282e-01 -5.058230e-01 3.684575e-02 -4.703341e-01 1.143304e-01 3.464171e-01 2.412624e-02 2.419650e-01 4.210832e-01 2.553870e-01 -6.755716e-02 -5.221873e-01 -2.068963e-01 1.669479e-01 3.225388e-01 -1.168426e-02
<VARIANCE> 39
 2.726854e+01 2.158787e+01 3.319252e+01 2.622281e+01 3.770718e+01 5.123557e+01 2.927631e+01 3.707901e+01 3.311299e+01 3.082479e+01 2.919944e+01 3.331740e+01 2.814864e-02 4.986824e+00 2.653363e+00 3.829559e+00 3.556598e+00 3.065012e+00 3.524467e+00 4.137559e+00 4.981014e+00 3.484179e+00 3.371573e+00 3.472008e+00 2.375021e+00 5.300075e-03 6.109792e-01 4.756812e-01 3.771940e-01 4.005674e-01 5.868880e-01 6.126983e-01 4.424146e-01 5.532485e-01 6.073625e-01 4.765747e-01 5.196870e-01 4.669683e-01 5.358849e-04
<GCONST> 1.038082e+02
<MIXTURE> 3 5.813651e-02
<MEAN> 39
 -2.497148e+00 -9.068314e+00 -7.396900e+00 -1.500670e+01 -6.133915e+00 -4.641507e+00 -1.209154e+01 -5.354436e-01 -3.740141e-01 6.826894e+00 -4.701595e+00 -6.384408e+00 6.591297e-01 4.989948e-01 -5.245477e-01 -2.726559e-01 -7.661865e-01 2.849345e-01 5.306869e-01 -1.188409e-01 1.480130e-01 -2.492919e-02 4.907276e-01 7.234046e-02 -8.398345e-02 2.105643e-02 -3.304256e-01 4.337727e-01 9.850098e-02 3.550902e-01 4.341093e-02 2.975676e-02 3.373228e-01 -3.704527e-01 -2.308312e-01 -4.844798e-01 2.883492e-01 3.051390e-01 -1.438908e-02
<VARIANCE> 39
 1.019803e+01 2.559572e+01 3.165323e+01 2.614402e+01 2.534660e+01 5.165661e+01 4.945462e+01 5.136741e+01 3.787705e+01 2.326222e+01 3.590282e+01 2.583359e+01 1.700090e-02 5.872487e-01 9.652444e-01 1.198225e+00 1.277940e+00 1.768328e+00 1.661484e+00 1.729251e+00 2.170804e+00 1.492151e+00 1.594172e+00 1.899153e+00 1.552701e+00 8.663855e-04 2.297688e-01 1.912083e-01 1.841909e-01 1.974876e-01 2.383558e-01 2.374220e-01 3.083129e-01 3.579175e-01 3.417716e-01 2.181755e-01 2.888899e-01 2.285710e-01 1.268380e-04
<GCONST> 7.987132e+01
<MIXTURE> 4 5.459092e-02
<MEAN> 39
 -3.653616e+00 -9.093917e+00 -8.854516e+00 -1.923969e+01 -5.390592e+00 -1.538883e+01 -1.046107e+01 -3.838683e+00 1.249313e-01 2.251182e+00 -1.136774e+01 -1.304727e+00 7.423537e-01 6.114556e-01 -2.298639e-01 5.754568e-01 -4.184822e-01 1.515617e-01 -4.291388e-01 -3.747393e-03 6.253961e-03 -6.364653e-02 4.411152e-01 -2.772980e-01 1.832285e-01 3.597472e-03 -1.123643e+00 1.062210e+00 3.050908e-01 1.716154e+00 1.813561e-01 1.351663e+00 6.908259e-01 -1.073946e-01 -5.555353e-01 -5.716292e-01 1.012199e+00 -1.764712e-01 -4.982802e-02
<VARIANCE> 39
 7.601449e+00 1.811107e+01 3.756792e+01 4.615245e+01 3.300970e+01 5.035456e+01 5.058520e+01 4.827289e+01 5.005466e+01 8.435234e+01 3.517174e+01 2.368303e+01 1.207019e-02 1.694988e+00 2.208047e+00 2.118934e+00 3.847559e+00 3.026440e+00 3.915481e+00 2.744317e+00 3.341512e+00 3.932885e+00 4.048894e+00 2.046086e+00 2.431155e+00 9.905294e-04 5.212458e-01 4.546940e-01 6.392831e-01 9.433969e-01 7.045832e-01 8.815139e-01 1.103592e+00 1.035715e+00 1.027764e+00 1.222985e+00 6.743543e-01 5.450917e-01 4.557938e-04
<GCONST> 1.047404e+02
<MIXTURE> 5 8.504622e-02
<MEAN> 39
 -1.388524e+00 -1.273349e+01 -7.173183e+00 -1.116737e+01 -1.147874e+01 -2.865339e+00 -1.602966e+01 5.658464e-01 3.730052e+00 -3.540768e-01 -2.923544e+00 -6.787391e+00 7.275596e-01 7.649039e-01 -2.717768e-01 -7.292039e-01 -9.193000e-01 3.335413e-01 1.314852e+00 -5.457582e-01 -9.277996e-02 1.323174e-01 4.929841e-01 6.354744e-01 -5.672947e-01 8.502142e-03 -6.247632e-01 1.108462e+00 3.007302e-01 5.312876e-01 5.517837e-01 -2.428782e-01 1.237881e+00 -8.305143e-01 -1.262292e+00 -1.517476e-02 1.862473e-01 4.013949e-01 -2.961795e-02
<VARIANCE> 39
 8.999831e+00 1.979009e+01 3.615469e+01 3.386196e+01 3.255539e+01 5.063833e+01 4.245688e+01 4.222833e+01 4.030263e+01 4.110342e+01 3.504963e+01 2.895258e+01 1.157700e-02 9.359064e-01 1.677668e+00 2.717706e+00 2.608703e+00 3.409632e+00 3.581023e+00 2.700040e+00 4.492543e+00 4.095670e+00 3.031493e+00 3.198250e+00 2.570846e+00 6.737350e-04 4.031131e-01 2.950985e-01 4.135709e-01 7.275609e-01 6.335866e-01 7.679241e-01 5.991948e-01 7.019753e-01 7.496716e-01 6.199741e-01 5.831167e-01 4.983431e-01 2.341417e-04
<GCONST> 9.819799e+01
<MIXTURE> 6 8.456329e-02
<MEAN> 39
 -2.784140e+00 -7.322418e+00 -4.866875e+00 -1.650297e+01 -4.574092e+00 -6.440906e+00 -1.555716e+01 -3.392549e+00 -3.217596e+00 9.020174e+00 -2.833144e+00 -6.663465e+00 6.727544e-01 2.490753e+00 -1.229709e+00 3.118364e-01 -1.834385e+00 -6.127802e-01 5.918626e-01 -1.841433e+00 -1.838828e-01 -9.653128e-01 1.469567e+00 5.746439e-01 -4.978238e-01 4.237009e-02 -1.351340e+00 6.417031e-01 -1.590620e-01 9.422711e-01 2.431376e-01 3.616073e-01 1.384231e+00 6.705170e-02 -7.153595e-02 -1.161399e+00 1.340193e-01 6.706389e-01 -3.391428e-02
<VARIANCE> 39
 9.213874e+00 1.988575e+01 2.542394e+01 3.419720e+01 1.620991e+01 3.927146e+01 3.831433e+01 3.263422e+01 3.123228e+01 1.936138e+01 2.324223e+01 1.857382e+01 1.358639e-02 2.920755e+00 2.213957e+00 2.237770e+00 4.053701e+00 2.652677e+00 4.256935e+00 3.840643e+00 4.019133e+00 3.448720e+00 2.809048e+00 2.799243e+00 2.070556e+00 1.362391e-03 5.978411e-01 4.219006e-01 4.956369e-01 6.927169e-01 4.142348e-01 6.484230e-01 7.734939e-01 6.717800e-01 6.428588e-01 3.713575e-01 4.102712e-01 3.864945e-01 4.544795e-04
<GCONST> 9.669288e+01
<MIXTURE> 7 4.162316e-02
<MEAN> 39
 -1.627299e+01 -6.415563e+00 -7.081955e+00 -6.991849e+00 -5.086874e+00 -2.776749e+00 -1.457912e+00 3.029068e+00 2.917884e+00 1.753325e+00 -3.261027e+00 -1.607040e+00 1.856680e-01 1.008206e+00 -9.359176e-01 -1.005452e-01 -4.465528e-01 6.995871e-01 2.724626e-01 -6.854769e-02 -1.315495e-01 -5.814011e-01 -3.864031e-01 -8.386192e-01 -4.327860e-01 4.268777e-02 9.549303e-01 -1.362890e-01 -1.870951e-01 -5.711738e-01 -3.976457e-01 -6.379358e-01 -4.778774e-01 -5.641203e-01 -5.112130e-01 -3.162401e-01 -2.401844e-01 -9.829702e-02 3.695587e-02
<VARIANCE> 39
 2.720477e+01 3.264877e+01 2.745671e+01 4.712464e+01 4.739839e+01 3.757527e+01 3.389009e+01 4.483896e+01 3.650399e+01 3.642403e+01 3.372863e+01 2.589426e+01 5.506564e-02 6.164345e+00 3.666441e+00 2.767385e+00 7.471597e+00 5.386625e+00 6.110176e+00 3.989197e+00 5.298651e+00 5.870773e+00 3.468878e+00 4.781668e+00 2.943715e+00 1.124437e-02 5.333027e-01 7.997867e-01 4.419047e-01 1.035006e+00 8.879217e-01 7.155699e-01 5.735222e-01 8.725489e-01 1.013456e+00 5.882253e-01 7.975523e-01 5.579180e-01 1.242631e-03
<GCONST> 1.145733e+02
<MIXTURE> 8 7.255460e-02
<MEAN> 39
 -4.470968e+00 -6.697443e+00 -1.194220e+01 -1.443562e+01 -7.608824e+00 -1.024051e+01 -9.377435e+00 -5.005420e+00 -2.762158e+00 -4.062942e+00 -1.081650e+01 -3.540450e+00 6.331450e-01 3.646883e+00 -1.111844e+00 -1.020637e+00 -3.097105e+00 -9.442221e-01 -1.011740e+00 -2.213066e+00 -1.021486e+00 -4.832848e-01 2.351624e-01 -1.520609e+00 -9.526285e-01 9.621293e-02 -1.070544e+00 1.851810e-01 2.586286e-01 5.663463e-01 3.353551e-01 7.559130e-01 5.956567e-01 4.260582e-01 4.908140e-02 4.572504e-01 9.794446e-01 2.268186e-01 -2.660863e-02
<VARIANCE> 39
 9.708440e+00 2.434051e+01 2.322907e+01 3.366673e+01 4.051457e+01 6.664986e+01 4.295888e+01 3.073562e+01 4.537652e+01 4.761528e+01 2.775009e+01 2.585974e+01 1.614225e-02 2.088850e+00 3.519658e+00 2.940215e+00 4.475942e+00 4.142076e+00 5.763046e+00 4.218870e+00 4.531832e+00 4.656617e+00 4.310555e+00 4.566986e+00 3.128185e+00 3.784243e-03 3.373152e-01 3.738108e-01 3.804045e-01 5.951573e-01 5.868893e-01 1.004736e+00 6.993041e-01 5.279945e-01 6.503174e-01 5.739713e-01 4.974099e-01 4.368418e-01 4.406587e-04
<GCONST> 1.044761e+02
<MIXTURE> 9 6.751238e-02
<MEAN> 39
 -4.772161e+00 -1.147858e+01 -9.872511e+00 -1.531694e+01 -7.553575e+00 -9.416186e+00 -8.484164e+00 2.980743e+00 -3.213866e+00 -5.543683e+00 -1.139901e+01 -1.816551e+00 7.103783e-01 2.738074e-01 -5.611016e-01 -2.729904e-01 -5.737320e-01 2.898257e-01 1.763005e-01 -2.743749e-01 5.519148e-01 1.633370e-01 -2.077789e-01 -5.093470e-01 5.918857e-02 1.454600e-02 -1.059660e-01 7.634615e-01 3.005712e-01 5.607262e-01 -8.039740e-02 8.781400e-02 2.432253e-02 -9.008400e-01 -3.189955e-01 4.783386e-01 4.789035e-01 -2.132459e-01 -2.034960e-02
<VARIANCE> 39
 8.126775e+00 2.287819e+01 3.776107e+01 4.666102e+01 4.686257e+01 3.777637e+01 5.038225e+01 3.941274e+01 5.047209e+01 5.988609e+01 3.018551e+01 2.874433e+01 1.370438e-02 6.830053e-01 1.282779e+00 2.274349e+00 1.720218e+00 3.703026e+00 2.597736e+00 2.483680e+00 2.851053e+00 2.720092e+00 3.139143e+00 2.008739e+00 2.284901e+00 7.109194e-04 1.936981e-01 2.805603e-01 3.742541e-01 4.258887e-01 4.583669e-01 4.493985e-01 5.036317e-01 6.102614e-01 5.105121e-01 6.292564e-01 4.716774e-01 3.594033e-01 1.291773e-04
<GCONST> 9.243847e+01
<MIXTURE> 10 6.792883e-02
<MEAN> 39
 -1.690003e+00 -8.948706e+00 -9.713714e+00 -1.920420e+01 -4.273048e+00 -2.299020e+00 -1.227169e+01 -5.048639e+00 -8.154416e-01 5.786738e+00 -1.350811e+00 -6.350481e+00 7.489743e-01 -5.430401e-01 -2.278093e-01 1.077339e+00 1.419747e+00 1.892278e-01 -1.680060e+00 -1.275641e+00 8.791218e-01 9.808210e-01 1.464183e-01 -1.617188e+00 -5.412799e-01 -1.740289e-02 -1.863436e-01 6.750888e-01 2.842424e-01 4.065019e-01 -2.237933e-01 1.367948e-02 5.496694e-01 -5.798832e-02 -5.514463e-01 -7.691085e-01 -1.779408e-02 4.331257e-01 -1.805181e-02
<VARIANCE> 39
 6.438021e+00 2.129370e+01 3.368453e+01 5.795045e+01 3.273293e+01 5.851215e+01 5.140911e+01 4.219400e+01 5.671479e+01 5.007155e+01 5.134115e+01 2.748089e+01 1.205909e-02 3.448723e-01 9.259379e-01 1.345922e+00 1.785506e+00 1.878744e+00 2.713097e+00 2.335104e+00 2.711166e+00 2.625946e+00 2.680837e+00 1.806496e+00 1.880586e+00 4.648693e-04 1.034245e-01 1.752758e-01 2.298616e-01 3.615505e-01 3.492672e-01 5.226769e-01 4.665157e-01 4.629951e-01 5.718069e-01 5.704855e-01 3.945566e-01 2.986175e-01 1.015317e-04
<GCONST> 8.672477e+01
<MIXTURE> 11 4.804350e-02
<MEAN> 39
 2.097019e-01 -9.104682e+00 -7.878826e+00 -1.758454e+01 -1.183964e+01 4.217227e+00 -1.331729e+01 -7.486227e+00 -3.224528e+00 1.666574e+00 5.809133e+00 -5.428416e+00 7.323619e-01 -3.980180e-01 -3.993827e-01 6.170957e-01 9.576266e-01 8.157650e-01 -9.096534e-01 -1.288278e+00 5.719016e-01 9.669302e-01 1.058748e+00 -7.480322e-01 -1.023213e+00 -8.051526e-03 -7.600138e-01 9.725871e-01 1.580950e-01 7.889766e-01 6.434951e-01 -7.457969e-01 8.980601e-01 2.027046e-01 -1.911783e-01 -5.022232e-01 -7.763133e-01 4.112277e-01 -2.957085e-02
<VARIANCE> 39
 5.740242e+00 2.345548e+01 2.785871e+01 5.776413e+01 3.160992e+01 4.925422e+01 5.395056e+01 4.620076e+01 5.513511e+01 5.307313e+01 3.596325e+01 3.886670e+01 1.259658e-02 9.055762e-01 1.512858e+00 1.567814e+00 4.292753e+00 3.303838e+00 3.841462e+00 3.207829e+00 3.541287e+00 3.777270e+00 2.811730e+00 3.356962e+00 2.629429e+00 1.032347e-03 3.475410e-01 3.207763e-01 3.891671e-01 7.053295e-01 6.599149e-01 5.750023e-01 7.774791e-01 7.468737e-01 1.004998e+00 6.812017e-01 5.376111e-01 7.025338e-01 2.737133e-04
<GCONST> 1.002864e+02
<MIXTURE> 12 5.613000e-02
<MEAN> 39
 -1.500182e+00 -9.680511e+00 -5.281551e+00 -1.081424e+01 -1.210725e+01 -1.641361e+00 -1.504725e+01 -9.466011e+00 3.313313e+00 1.932798e+00 3.210308e+00 -6.630167e+00 6.785700e-01 2.794561e+00 -1.421506e+00 -1.156863e-01 -8.076050e-01 -2.118276e+00 1.512969e+00 -1.225689e+00 -1.657763e+00 -4.944164e-02 -1.913247e-01 1.830238e+00 -2.700648e-01 4.659827e-02 -1.439597e+00 8.398124e-01 -1.164711e-01 3.801415e-01 9.882995e-01 -1.211499e-01 1.328111e+00 7.420508e-01 -8.229375e-01 -4.180865e-01 -5.248191e-01 6.581361e-01 -3.732874e-02
<VARIANCE> 39
 6.033068e+00 2.268767e+01 1.998171e+01 2.748891e+01 1.949200e+01 3.045595e+01 2.755566e+01 2.767017e+01 3.138078e+01 2.113462e+01 2.583966e+01 1.976546e+01 1.037708e-02 2.350642e+00 2.066846e+00 2.116029e+00 5.216914e+00 3.002299e+00 3.765526e+00 3.666750e+00 3.881097e+00 4.111813e+00 2.696827e+00 2.670614e+00 2.402373e+00 1.978075e-03 5.147107e-01 5.377079e-01 3.846096e-01 6.661919e-01 5.463493e-01 6.339684e-01 6.532231e-01 5.121602e-01 7.072119e-01 4.926081e-01 5.078673e-01 4.871160e-01 4.727855e-04
<GCONST> 9.628482e+01
<MIXTURE> 13 6.071270e-02
<MEAN> 39
 -1.267783e+01 -2.716164e+00 7.017671e-01 -6.232825e+00 -5.980384e+00 -1.156379e+01 -7.233451e+00 -6.935657e-01 -4.031351e+00 -3.006819e+00 -4.221186e+00 -1.416339e+00 4.457350e-01 3.182315e+00 6.280256e-01 5.127693e-01 1.017635e+00 -6.728981e-01 -1.151462e+00 -1.816204e+00 -8.550560e-01 -7.492976e-01 -2.093612e-01 -3.815561e-01 -7.759070e-01 -1.124558e-02 -6.354473e-01 1.099873e-01 -6.084720e-01 6.527256e-02 4.464038e-01 8.997439e-01 4.760047e-01 -1.065357e-01 1.237930e-01 2.500100e-01 2.905754e-01 2.200844e-02 -1.626758e-02
<VARIANCE> 39
 3.750955e+01 2.561015e+01 2.401856e+01 3.220831e+01 3.897760e+01 2.885437e+01 3.423706e+01 3.958757e+01 2.977437e+01 2.524934e+01 2.340900e+01 1.766661e+01 1.437450e-02 4.239949e+00 2.743956e+00 2.994432e+00 3.692313e+00 4.219555e+00 3.420653e+00 4.722735e+00 4.724540e+00 3.338300e+00 3.176561e+00 3.315612e+00 2.764100e+00 2.680704e-03 6.097389e-01 4.132921e-01 3.274433e-01 7.024400e-01 6.304194e-01 6.425798e-01 6.788074e-01 8.248941e-01 5.915998e-01 4.729223e-01 4.253629e-01 3.929107e-01 5.064348e-04
<GCONST> 1.021421e+02
<MIXTURE> 14 4.924675e-02
<MEAN> 39
 -4.197228e+00 -1.209247e+01 -7.902907e+00 -1.841891e+01 -1.027594e+01 -1.345338e+01 -1.201365e+01 2.728800e+00 -4.121949e+00 -1.034042e+00 -1.412497e+01 -2.084266e-01 7.562160e-01 1.943185e+00 -1.659916e+00 -1.593276e-01 -1.874723e+00 -3.009053e-01 -5.380260e-01 -1.634478e+00 7.512509e-01 -2.453015e-01 8.311135e-01 -1.635007e+00 -4.160463e-01 5.067998e-02 -1.164529e+00 1.101080e+00 7.420263e-02 1.360953e+00 6.483819e-01 9.229856e-01 8.411233e-01 -7.490585e-01 2.816273e-02 -6.178183e-02 1.244139e+00 -2.520621e-01 -4.472590e-02
<VARIANCE> 39
 6.825640e+00 2.222431e+01 3.403056e+01 1.972093e+01 3.912376e+01 3.988307e+01 4.626891e+01 3.588486e+01 3.536803e+01 3.395220e+01 3.341278e+01 2.993730e+01 1.111124e-02 1.993688e+00 3.013459e+00 2.346116e+00 3.459719e+00 3.491743e+00 4.265681e+00 3.403252e+00 4.231298e+00 2.732081e+00 3.120197e+00 3.446398e+00 2.415653e+00 2.041192e-03 3.732661e-01 4.970048e-01 5.278457e-01 4.793950e-01 7.027885e-01 7.575265e-01 8.005916e-01 7.058115e-01 7.768789e-01 6.651152e-01 6.848986e-01 5.648341e-01 4.543788e-04
<GCONST> 1.012313e+02
<MIXTURE> 15 3.745561e-02
<MEAN> 39
 -3.937720e+00 -7.660684e+00 -3.776311e+00 -1.241445e+01 -7.840968e+00 -5.996628e+00 -1.831342e+01 -2.016057e+00 1.423291e+00 6.781299e-01 -2.464941e+00 -7.457280e+00 6.387389e-01 3.631180e+00 -1.979272e+00 5.158621e-01 -6.139586e-01 -1.918077e+00 1.240851e+00 -3.359928e+00 -4.679934e-01 -1.228177e-01 2.466529e-01 1.107090e+00 -1.440692e+00 3.706400e-02 -1.593913e+00 6.671391e-01 -2.952069e-01 6.760510e-01 6.563582e-01 2.235157e-01 1.789023e+00 -1.579175e-01 -5.849163e-01 -1.352108e-01 1.381176e-01 7.377059e-01 -2.838081e-02
<VARIANCE> 39
 1.002407e+01 1.782709e+01 1.895930e+01 2.067374e+01 2.376910e+01 3.730674e+01 3.583208e+01 3.468974e+01 2.669075e+01 1.617511e+01 2.190243e+01 2.273172e+01 1.246896e-02 3.213073e+00 2.674084e+00 1.884726e+00 2.812147e+00 2.997126e+00 3.447922e+00 3.869768e+00 3.940236e+00 2.770616e+00 2.258105e+00 2.486996e+00 2.083746e+00 1.525968e-03 3.201707e-01 4.178093e-01 2.954132e-01 5.438677e-01 4.642045e-01 6.262600e-01 6.026585e-01 6.480260e-01 6.666541e-01 3.172590e-01 4.413640e-01 3.917849e-01 4.012509e-04
<GCONST> 9.336762e+01
<MIXTURE> 16 7.564608e-02
<MEAN> 39
 -1.044727e+00 -1.040410e+01 -1.039083e+01 -1.258148e+01 -9.549032e+00 -7.209905e-01 -1.250672e+01 2.967323e-01 -1.176825e+00 -2.350814e+00 -5.688106e-01 -6.487003e+00 7.058789e-01 -7.077897e-02 -6.823359e-02 5.132220e-02 7.768809e-03 1.612280e-01 1.104158e-01 -1.334559e-01 -3.987445e-02 1.654211e-01 1.728601e-01 -2.639993e-01 -2.560100e-01 -3.222842e-03 -1.321394e-01 4.028910e-01 1.740688e-01 1.643170e-01 1.770875e-01 -3.258288e-01 2.920004e-01 -3.555568e-01 -2.806906e-01 1.356387e-01 -1.328918e-01 1.960417e-01 -1.088139e-02
<VARIANCE> 39
 8.828191e+00 2.377198e+01 4.699801e+01 4.601381e+01 4.351611e+01 5.324222e+01 4.711766e+01 5.326252e+01 4.768095e+01 4.268672e+01 4.973736e+01 4.155005e+01 1.373929e-02 2.379550e-01 6.417390e-01 9.289699e-01 1.141973e+00 1.220045e+00 1.090480e+00 1.605373e+00 1.460821e+00 1.803996e+00 1.576641e+00 1.386231e+00 1.281639e+00 2.784402e-04 7.302634e-02 1.184374e-01 1.702994e-01 2.035710e-01 2.891702e-01 2.796088e-01 3.220276e-01 3.036430e-01 3.392087e-01 2.155855e-01 2.784806e-01 2.366327e-01 4.990087e-05
<GCONST> 7.580155e+01
<STATE> 3
<NUMMIXES> 16
<MIXTURE> 1 7.141132e-02
<MEAN> 39
 8.565277e-01 -1.109048e+01 -7.852405e+00 -9.927902e+00 -1.250978e+01 -2.035683e+00 -1.275848e+01 -8.083743e+00 9.981774e-01 1.506466e+00 3.035239e+00 -5.542126e+00 6.841767e-01 -2.672625e-01 1.954739e+00 1.051069e-01 1.190387e+00 1.567348e+00 3.857800e-01 1.231526e+00 -6.433305e-01 -1.995607e+00 -4.048874e-01 2.621411e-01 7.178860e-01 -6.275447e-02 -1.564778e+00 1.301560e+00 4.784383e-01 6.871063e-01 1.160002e+00 -1.714694e-01 1.044064e+00 4.401713e-01 -6.611673e-01 -4.502387e-01 -7.203061e-01 3.782886e-01 -4.689853e-02
<VARIANCE> 39
 5.272886e+00 1.982298e+01 2.996471e+01 3.547201e+01 2.015497e+01 4.685149e+01 5.045173e+01 4.036525e+01 4.478585e+01 2.628226e+01 4.149808e+01 2.408277e+01 1.148692e-02 1.902885e+00 2.540757e+00 2.495030e+00 4.532347e+00 3.328581e+00 3.631160e+00 3.524248e+00 3.308832e+00 3.646292e+00 2.954568e+00 3.308305e+00 2.459637e+00 2.014283e-03 5.727187e-01 4.743102e-01 5.104902e-01 8.450581e-01 5.052359e-01 7.584682e-01 9.600356e-01 8.853158e-01 9.383711e-01 5.119823e-01 7.302543e-01 5.294630e-01 3.839360e-04
<GCONST> 1.016778e+02
<MIXTURE> 2 5.784471e-02
<MEAN> 39
 -2.056756e+00 -9.698122e+00 -1.065220e+01 -1.720243e+01 -5.388944e+00 -4.048934e+00 -1.361201e+01 -4.442591e+00 -2.681696e-01 5.565705e+00 -2.239975e+00 -6.951468e+00 7.655922e-01 8.592968e-01 1.058477e+00 -8.444557e-01 -2.334468e+00 6.898016e-01 2.606534e+00 8.379920e-01 -1.598073e+00 -2.208838e+00 5.007208e-01 2.180195e+00 3.281351e-01 -9.414072e-04 -3.403350e-01 6.956810e-01 4.556311e-01 3.746516e-01 -4.475961e-01 -1.541411e-01 9.591924e-01 7.323395e-02 -7.827772e-01 -9.766950e-01 1.198617e-01 7.949682e-01 -1.719257e-02
<VARIANCE> 39
 8.292429e+00 2.873549e+01 3.689283e+01 5.488781e+01 3.462527e+01 5.072415e+01 4.532969e+01 4.426382e+01 5.359227e+01 4.803388e+01 5.174572e+01 2.380617e+01 9.829638e-03 5.479863e-01 1.112596e+00 1.244577e+00 2.403816e+00 1.935300e+00 2.903610e+00 3.289647e+00 3.630672e+00 2.988171e+00 2.896608e+00 1.827576e+00 2.187668e+00 4.315563e-04 2.099379e-01 2.501575e-01 3.622430e-01 5.802583e-01 4.425249e-01 4.881304e-01 7.510169e-01 6.522982e-01 6.745551e-01 5.617587e-01 6.542834e-01 3.632693e-01 1.379326e-04
<GCONST> 9.274144e+01
<MIXTURE> 3 7.298530e-02
<MEAN> 39
 -4.078769e+00 -3.319766e+00 -7.567452e+00 -1.105085e+01 -4.358213e+00 -9.956512e+00 -1.106770e+01 -8.538658e+00 -9.008300e-01 4.191452e+00 -2.916667e+00 -5.695249e+00 5.857768e-01 -4.420294e-01 7.972407e-01 4.744263e-01 7.287142e-01 5.472426e-01 5.050569e-01 -3.067362e-02 1.223503e-01 -3.836223e-01 -3.016973e-01 1.341513e-01 6.703108e-02 -3.051468e-02 -1.665276e+00 3.105571e-01 2.542034e-01 5.703354e-01 3.170671e-01 7.183541e-01 1.003558e+00 8.174441e-01 -2.098933e-01 -6.651844e-01 4.121869e-02 5.717282e-01 -3.212215e-02
<VARIANCE> 39
 1.316415e+01 1.267619e+01 2.274062e+01 2.941512e+01 2.093506e+01 4.191877e+01 4.990775e+01 3.356480e+01 3.505532e+01 2.267313e+01 3.422189e+01 1.893937e+01 1.574281e-02 2.877757e+00 1.586551e+00 1.476679e+00 2.056085e+00 1.818878e+00 2.629248e+00 3.173222e+00 2.647318e+00 2.437045e+00 1.874105e+00 2.277902e+00 1.709606e+00 1.685991e-03 7.110972e-01 3.449902e-01 4.109117e-01 5.994270e-01 5.086970e-01 7.401031e-01 9.696537e-01 6.899891e-01 6.254923e-01 4.197909e-01 6.168265e-01 3.795208e-01 5.159490e-04
<GCONST> 9.477335e+01
<MIXTURE> 4 7.370639e-02
<MEAN> 39
 -1.822422e+00 -1.127171e+01 -2.084301e+00 -1.813194e+01 -5.530908e+00 -4.459255e+00 -1.776622e+01 1.735001e+00 -7.932984e-01 8.532378e+00 -6.326107e+00 -4.715883e+00 7.138963e-01 -1.786528e-01 6.831738e-01 -2.487483e-02 5.204037e-01 3.143168e-01 -1.998719e-01 6.253933e-01 -6.181091e-01 -1.084920e-01 -2.499800e-01 -1.242892e-01 1.894325e-01 -1.768830e-02 -8.281670e-01 1.050229e+00 -2.824690e-01 9.671238e-01 1.891409e-01 -1.005619e-02 1.146157e+00 -6.667300e-01 -2.658984e-01 -8.500595e-01 4.426691e-01 1.571922e-01 -2.662326e-02
<VARIANCE> 39
 5.896452e+00 2.178247e+01 2.056361e+01 2.969922e+01 2.630998e+01 4.302181e+01 3.501972e+01 3.644757e+01 2.374929e+01 2.421676e+01 2.126349e+01 1.710666e+01 1.119129e-02 8.598337e-01 1.386904e+00 1.547538e+00 1.698545e+00 2.024649e+00 2.225477e+00 2.492344e+00 2.683098e+00 1.949568e+00 1.661055e+00 1.794860e+00 1.236239e+00 4.752281e-04 4.354397e-01 3.266801e-01 2.686915e-01 4.241856e-01 3.074105e-01 4.624102e-01 6.864526e-01 5.819650e-01 4.734702e-01 4.477938e-01 3.483931e-01 2.492740e-01 1.810768e-04
<GCONST> 8.415590e+01
<MIXTURE> 5 8.946368e-02
<MEAN> 39
 -1.222562e+00 -8.152465e+00 -1.187719e+01 -1.364153e+01 -8.510471e+00 -1.811813e+00 -6.274029e+00 -7.352686e+00 1.045221e+00 7.137582e-01 -2.985142e-01 -5.448614e+00 6.998768e-01 -1.452671e-01 6.267434e-01 5.913350e-02 1.894546e-01 3.572739e-01 1.299384e-01 4.680730e-01 -4.859860e-01 -3.523726e-01 -2.050870e-01 4.736284e-02 3.395683e-01 -1.718665e-02 -2.937523e-01 4.369499e-01 3.526543e-01 2.982787e-01 1.622685e-01 -1.096635e-01 -2.770611e-02 1.487283e-01 -4.823024e-01 -1.843432e-01 -5.827247e-02 2.305025e-01 -1.623572e-02
<VARIANCE> 39
 9.860436e+00 2.437738e+01 3.205369e+01 5.672148e+01 3.128566e+01 5.894896e+01 4.866719e+01 3.736110e+01 5.377548e+01 4.067371e+01 3.995300e+01 3.915830e+01 1.694999e-02 4.151523e-01 7.694545e-01 1.147174e+00 1.890827e+00 1.590631e+00 1.668504e+00 1.793660e+00 1.523978e+00 1.615883e+00 1.732063e+00 1.577801e+00 1.350931e+00 4.387521e-04 1.657073e-01 1.801250e-01 2.600873e-01 2.443276e-01 3.023100e-01 3.374161e-01 2.919951e-01 3.120560e-01 4.228227e-01 3.299750e-01 2.802430e-01 3.048089e-01 1.065719e-04
<GCONST> 8.180553e+01
<MIXTURE> 6 5.345550e-02
<MEAN> 39
 -2.840236e+00 -1.142344e+01 -1.379264e+01 -1.744576e+01 -6.260496e+00 -9.180513e+00 -9.720370e+00 -2.918936e+00 -9.345400e-01 -3.131498e+00 -1.322617e+01 -3.992227e+00 7.645996e-01 5.790490e-01 1.015016e+00 1.583201e-01 6.155744e-01 2.780292e-01 8.013800e-01 -5.554544e-01 -1.453024e+00 -7.170873e-01 9.954876e-01 1.147739e+00 -9.197237e-01 -2.482597e-02 -7.467905e-01 1.099409e+00 7.409948e-01 1.229309e+00 8.390046e-02 1.912334e-01 2.359145e-01 -4.565261e-01 -6.060575e-01 2.884077e-02 9.241642e-01 1.316090e-01 -3.641180e-02
<VARIANCE> 39
 6.970229e+00 1.727310e+01 2.094505e+01 4.204691e+01 3.255441e+01 4.336438e+01 4.757025e+01 3.069591e+01 3.518198e+01 5.422953e+01 2.500652e+01 2.153724e+01 1.014776e-02 6.053038e-01 2.099440e+00 2.026166e+00 2.630068e+00 3.048679e+00 2.383777e+00 2.208176e+00 3.073802e+00 2.481808e+00 2.856290e+00 2.811961e+00 1.924894e+00 1.089333e-03 2.780079e-01 3.031489e-01 3.442963e-01 5.039394e-01 5.125468e-01 4.915692e-01 6.112388e-01 6.737553e-01 6.701773e-01 8.164297e-01 4.378673e-01 4.230908e-01 2.026454e-04
<GCONST> 9.239217e+01
<MIXTURE> 7 6.107177e-02
<MEAN> 39
 -4.157637e-01 -9.074040e+00 -6.606549e+00 -2.035498e+01 -5.007633e+00 -2.607885e+00 -1.517836e+01 -5.271317e+00 -5.127501e+00 9.480524e+00 -2.743568e+00 -4.478364e+00 7.141409e-01 -2.484477e-01 1.933883e+00 -4.785154e-02 2.352084e+00 4.131517e-01 7.203860e-01 1.577254e+00 -1.379856e+00 -8.939810e-01 -1.511162e+00 9.795703e-01 4.415960e-01 -6.658782e-02 -1.308840e+00 1.101821e+00 2.073933e-01 1.604061e+00 2.701468e-01 -8.265711e-02 1.187064e+00 5.773730e-02 -1.681272e-02 -1.448411e+00 -4.622235e-02 2.390706e-01 -4.387457e-02
<VARIANCE> 39
 5.799645e+00 1.700882e+01 2.508678e+01 3.709697e+01 2.456992e+01 5.548875e+01 4.144128e+01 2.792674e+01 3.766887e+01 2.886815e+01 3.441800e+01 2.202893e+01 1.142497e-02 1.456642e+00 2.456193e+00 1.910332e+00 4.242163e+00 2.431054e+00 3.372887e+00 3.891433e+00 3.330425e+00 3.735689e+00 3.247386e+00 2.718734e+00 2.257295e+00 1.683057e-03 4.812628e-01 3.793265e-01 4.745992e-01 5.654331e-01 5.283694e-01 7.586330e-01 8.000427e-01 6.047518e-01 7.267639e-01 5.194255e-01 5.739789e-01 4.752822e-01 3.032640e-04
<GCONST> 9.745233e+01
<MIXTURE> 8 5.942435e-02
<MEAN> 39
 -4.315318e+00 -8.664857e+00 -6.718278e+00 -1.611335e+01 -1.038777e+01 -1.743647e+01 -1.016440e+01 -1.245628e+00 -3.072864e+00 -2.508054e+00 -1.155035e+01 1.034429e+00 7.095105e-01 -9.067795e-01 2.179963e+00 9.959301e-01 2.436818e+00 3.079224e-01 7.208056e-01 3.170044e-01 -6.127439e-01 -5.517353e-01 -5.348558e-01 9.968579e-01 -2.235553e-01 -6.657007e-02 -1.317008e+00 8.978522e-01 3.307253e-02 1.284610e+00 8.092421e-01 1.595487e+00 6.425108e-01 -3.043729e-01 -8.530959e-02 -3.718450e-02 9.331499e-01 -4.674884e-01 -4.627800e-02
<VARIANCE> 39
 7.331088e+00 2.109882e+01 3.601790e+01 3.943237e+01 4.507853e+01 2.656590e+01 4.158250e+01 4.976798e+01 5.582795e+01 4.542826e+01 4.178162e+01 2.779337e+01 1.106158e-02 1.907920e+00 2.716679e+00 2.982854e+00 3.574542e+00 3.547354e+00 4.293875e+00 4.124828e+00 4.069889e+00 4.495926e+00 4.564817e+00 3.117930e+00 3.446797e+00 1.980901e-03 5.951566e-01 5.714726e-01 6.461711e-01 7.461763e-01 8.026298e-01 6.044601e-01 8.113050e-01 9.349988e-01 1.008667e+00 8.439047e-01 7.701453e-01 6.886516e-01 5.752849e-04
<GCONST> 1.067563e+02
<MIXTURE> 9 6.573562e-02
<MEAN> 39
 1.516311e-01 -6.666893e+00 -9.998468e+00 -1.889783e+01 -1.090470e+01 3.094969e+00 -8.933218e+00 -8.016223e+00 -5.949936e+00 1.425478e+00 4.745906e+00 -2.506572e+00 7.194577e-01 1.262277e+00 4.645266e-01 2.536548e-02 -2.174243e+00 -1.398853e+00 1.574566e+00 7.046006e-01 -2.968547e-01 -1.142667e+00 -1.178408e+00 4.656371e-01 1.140807e+00 1.822762e-02 -9.704370e-01 5.664477e-01 2.350781e-01 7.592551e-01 5.326346e-01 -6.343583e-01 5.574312e-01 5.985186e-01 2.532741e-01 -4.716066e-01 -8.750488e-01 1.158192e-01 -2.780830e-02
<VARIANCE> 39
 9.046206e+00 2.492657e+01 3.168818e+01 5.831934e+01 2.851951e+01 4.347498e+01 4.850803e+01 5.148789e+01 5.148686e+01 4.246116e+01 4.355856e+01 2.119604e+01 1.163673e-02 1.281013e+00 1.518025e+00 1.868010e+00 4.463926e+00 2.622508e+00 2.807131e+00 3.413293e+00 3.082986e+00 4.959126e+00 3.108076e+00 2.877401e+00 2.293867e+00 9.187267e-04 4.297317e-01 4.562818e-01 5.044697e-01 7.427344e-01 5.478661e-01 5.717154e-01 8.713277e-01 8.250019e-01 8.325576e-01 7.153224e-01 6.746595e-01 4.530823e-01 2.526675e-04
<GCONST> 1.003044e+02
<MIXTURE> 10 4.420467e-02
<MEAN> 39
 -4.783176e+00 -7.935186e+00 -5.183666e+00 -1.644595e+01 -6.611320e+00 -1.521200e+01 -8.422509e+00 -1.187608e+00 7.186717e-01 5.740544e-01 -1.047291e+01 7.237780e-01 6.986709e-01 -3.306172e-01 9.768950e-01 5.136126e-01 1.045355e+00 -1.229864e-01 -2.040098e-01 6.684283e-02 -4.721276e-01 -2.403622e-01 -6.149311e-01 2.874102e-01 2.705144e-01 -2.709524e-02 -4.863088e-01 6.340346e-01 -2.944628e-02 9.442548e-01 1.130902e-01 8.646216e-01 4.507564e-02 -3.921478e-01 -4.424010e-01 -2.242470e-01 5.445235e-01 -4.231534e-01 -2.715561e-02
<VARIANCE> 39
 7.347526e+00 2.032002e+01 2.739068e+01 3.685921e+01 3.363755e+01 3.609991e+01 4.358188e+01 3.950225e+01 3.149982e+01 6.905131e+01 3.341708e+01 2.420741e+01 1.466387e-02 4.216805e-01 1.038155e+00 1.680029e+00 1.382133e+00 1.271886e+00 2.259070e+00 1.490318e+00 1.779630e+00 1.873978e+00 1.842824e+00 1.877414e+00 2.116709e+00 5.279082e-04 2.912905e-01 3.550339e-01 2.294573e-01 3.206562e-01 4.288948e-01 3.798886e-01 5.265251e-01 5.080466e-01 3.980578e-01 5.678205e-01 4.781027e-01 3.714553e-01 2.452925e-04
<GCONST> 8.589149e+01
<MIXTURE> 11 5.627255e-02
<MEAN> 39
 -2.523393e+00 -1.029842e+01 -3.968624e+00 -1.568893e+01 -5.985059e+00 -7.769960e+00 -1.827947e+01 7.310029e-01 -3.214587e+00 5.701478e+00 -4.729420e+00 -6.618129e+00 6.854494e-01 -1.288329e+00 2.340909e+00 8.273898e-01 3.106209e+00 9.685595e-01 -1.044973e+00 1.258174e+00 -6.436049e-01 1.734555e-01 -1.740982e+00 -6.446545e-01 2.376458e-01 -8.244291e-02 -8.466530e-01 1.013022e+00 -1.708479e-01 7.706400e-01 1.306798e-01 6.832386e-01 1.470826e+00 -6.774915e-01 -1.970221e-01 -7.598463e-01 3.489832e-01 4.378422e-01 -3.547994e-02
<VARIANCE> 39
 6.021977e+00 2.045677e+01 3.717856e+01 3.345168e+01 2.864797e+01 4.881494e+01 3.581854e+01 4.482580e+01 3.950158e+01 4.637851e+01 4.471451e+01 2.564376e+01 9.734442e-03 1.443044e+00 2.224265e+00 2.583687e+00 3.774773e+00 3.344716e+00 5.670819e+00 4.148685e+00 5.601443e+00 4.814153e+00 4.405433e+00 3.749074e+00 2.923230e+00 2.274748e-03 3.722337e-01 3.531286e-01 4.235503e-01 4.794066e-01 4.900924e-01 6.718709e-01 5.323669e-01 7.302890e-01 6.933891e-01 6.862023e-01 6.354368e-01 4.585225e-01 3.110669e-04
<GCONST> 1.013313e+02
<MIXTURE> 12 8.392397e-02
<MEAN> 39
 -9.729426e-01 -9.152761e+00 -1.243528e+01 -1.257272e+01 -7.778174e+00 -2.449070e+00 -1.146282e+01 -1.151209e+00 -5.312288e-01 -3.353895e+00 -1.249794e+00 -6.448642e+00 6.989500e-01 -4.042261e-01 8.068310e-01 1.165601e+00 9.576525e-01 3.458137e-02 -6.901981e-01 3.944117e-01 -4.644639e-01 -9.072999e-01 1.257331e-01 -5.636198e-01 1.798579e-01 -3.520574e-02 -5.190407e-01 6.412726e-01 6.678336e-01 5.103863e-01 1.215118e-01 -2.734357e-01 7.007968e-01 -6.326514e-01 -7.465907e-01 2.466416e-01 -1.320011e-01 3.395679e-01 -2.149983e-02
<VARIANCE> 39
 1.049175e+01 2.472767e+01 3.013984e+01 6.402659e+01 4.840039e+01 6.512161e+01 5.094342e+01 5.081520e+01 6.637217e+01 4.321618e+01 6.005825e+01 4.148076e+01 1.209547e-02 5.973493e-01 1.055678e+00 1.967343e+00 2.410165e+00 2.383810e+00 2.544578e+00 2.850043e+00 3.489771e+00 3.089806e+00 2.571903e+00 2.765613e+00 2.293918e+00 4.157219e-04 2.571703e-01 2.265643e-01 2.809806e-01 6.239241e-01 5.804735e-01 7.236234e-01 5.494739e-01 6.906694e-01 8.875149e-01 4.756867e-01 6.121820e-01 5.230438e-01 1.325430e-04
<GCONST> 9.606261e+01
<MIXTURE> 13 7.994625e-02
<MEAN> 39
 -2.103446e+00 -1.026885e+01 -3.316724e+00 -1.168943e+01 -1.092486e+01 -1.333080e+00 -1.903834e+01 -3.380273e+00 2.160210e+00 1.069578e+00 2.138719e+00 -9.833772e+00 6.914926e-01 -6.061903e-01 1.029469e+00 2.263668e-01 9.503592e-01 9.481719e-01 -7.995082e-01 1.156314e+00 -3.170985e-01 -6.933609e-01 1.075483e-02 -7.755623e-01 4.770029e-01 -3.084251e-02 -1.069695e+00 1.108706e+00 -2.480449e-01 4.304787e-01 8.561485e-01 -3.731845e-01 1.575882e+00 -2.552734e-01 -7.399520e-01 -2.107365e-01 -4.163427e-01 8.932007e-01 -2.695158e-02
<VARIANCE> 39
 6.352489e+00 1.935712e+01 1.630029e+01 2.359360e+01 2.306418e+01 3.548795e+01 3.423967e+01 4.895897e+01 3.483632e+01 3.264091e+01 2.605469e+01 2.288708e+01 1.173636e-02 1.889147e+00 1.782416e+00 2.019602e+00 2.172327e+00 3.116195e+00 3.896120e+00 3.122811e+00 4.189965e+00 3.928781e+00 2.293280e+00 3.469347e+00 2.713790e+00 7.575562e-04 5.474235e-01 2.646531e-01 2.818029e-01 4.848973e-01 4.439099e-01 6.431944e-01 6.115452e-01 8.825746e-01 6.453170e-01 5.631184e-01 3.850038e-01 3.619447e-01 2.279388e-04
<GCONST> 9.340926e+01
<MIXTURE> 14 4.122788e-02
<MEAN> 39
 -4.596120e+00 -1.404404e+01 -7.766721e+00 -1.653045e+01 -9.488197e+00 -8.235515e+00 -1.154892e+01 7.601888e+00 -7.372134e+00 -4.416196e+00 -1.270615e+01 -7.525352e-01 7.378340e-01 3.057954e-01 7.186782e-01 -7.164585e-02 6.029750e-01 2.313126e-01 -1.614365e-01 -1.748830e-01 -9.939125e-01 -1.070061e-01 3.876396e-01 1.159605e-01 -5.802070e-01 -2.041455e-02 -1.701628e-01 1.031625e+00 1.710884e-01 7.608024e-01 -4.965302e-02 -2.423248e-01 3.237039e-01 -1.534901e+00 6.458611e-02 2.974509e-01 4.800956e-01 -3.987897e-01 -2.301142e-02
<VARIANCE> 39
 6.655300e+00 2.154820e+01 2.407614e+01 2.556344e+01 5.107298e+01 3.239672e+01 4.734468e+01 2.497042e+01 3.631864e+01 4.639528e+01 3.168826e+01 2.932774e+01 1.198011e-02 5.729187e-01 1.441914e+00 1.990164e+00 1.475924e+00 3.630916e+00 2.905630e+00 2.455862e+00 3.389601e+00 2.465654e+00 3.148098e+00 2.221674e+00 2.902017e+00 4.117215e-04 1.619164e-01 2.884459e-01 2.685885e-01 5.361573e-01 6.499069e-01 4.506592e-01 6.594938e-01 5.357029e-01 4.973349e-01 6.387666e-01 4.611186e-01 4.283096e-01 1.385406e-04
<GCONST> 8.994747e+01
<MIXTURE> 15 4.743165e-02
<MEAN> 39
 -1.135466e+01 -3.347549e+00 -3.365385e+00 -6.093683e+00 -2.994402e+00 -7.326942e+00 -7.274133e+00 -2.704099e+00 -9.046673e-01 -7.939742e-02 -4.471468e+00 -2.692137e+00 3.782137e-01 1.119804e+00 1.053484e+00 6.391669e-02 1.254436e+00 4.269981e-01 5.430417e-01 -8.071591e-02 -9.272839e-01 -8.902949e-01 1.720506e-01 5.070606e-02 -5.935428e-01 -4.124328e-02 -7.726991e-01 5.004749e-02 -2.108539e-01 -2.930646e-01 2.204271e-02 4.259686e-01 4.361352e-01 2.105020e-01 -3.042886e-01 -1.035821e-01 3.946870e-01 2.850951e-01 2.371707e-03
<VARIANCE> 39
 4.038068e+01 3.075657e+01 2.920178e+01 3.129897e+01 2.541068e+01 4.196009e+01 3.421655e+01 4.559029e+01 2.840558e+01 1.709304e+01 2.397296e+01 2.060572e+01 1.898447e-02 6.163227e+00 2.473171e+00 2.818205e+00 4.179512e+00 3.112589e+00 3.097198e+00 3.498187e+00 3.896261e+00 3.480428e+00 2.140751e+00 2.513738e+00 2.374679e+00 3.812651e-03 1.027111e+00 6.003159e-01 3.809908e-01 6.671260e-01 6.490554e-01 7.088087e-01 7.775450e-01 9.744624e-01 5.857960e-01 3.512329e-01 5.095608e-01 3.971836e-01 4.308235e-04
<GCONST> 1.028258e+02
<MIXTURE> 16 4.189235e-02
<MEAN> 39
 -7.383700e+00 -6.460948e+00 1.172095e+00 -4.418018e+00 -1.171728e+01 -1.359793e+01 -1.094831e+01 1.511113e+00 -7.792616e+00 -5.511859e+00 -8.568234e-01 -2.221139e+00 4.712249e-01 5.797619e-01 8.210172e-01 -2.481171e-01 1.338620e+00 6.288838e-01 3.297164e-01 -1.936038e-01 -2.711000e-01 -5.432131e-01 -4.922323e-01 2.056647e-01 9.740534e-02 -5.054478e-02 -1.297911e+00 3.866054e-01 -7.803562e-01 -4.769845e-02 1.200652e+00 1.290465e+00 9.748439e-01 -3.964421e-01 7.345318e-01 5.726541e-01 -2.117739e-01 1.213973e-01 -2.825086e-02
<VARIANCE> 39
 3.055158e+01 3.315566e+01 3.639394e+01 2.807402e+01 4.554361e+01 3.724880e+01 6.161319e+01 4.899175e+01 4.760338e+01 3.046376e+01 2.663613e+01 2.331278e+01 1.612275e-02 3.551022e+00 2.292722e+00 3.584394e+00 2.996541e+00 5.251162e+00 3.757788e+00 4.775533e+00 4.368631e+00 3.916877e+00 3.422041e+00 2.707439e+00 2.608711e+00 2.565542e-03 6.838849e-01 7.226515e-01 5.846393e-01 5.722377e-01 7.979929e-01 9.100224e-01 1.147261e+00 1.002248e+00 8.301763e-01 7.099851e-01 7.015718e-01 5.448421e-01 5.548446e-04
<GCONST> 1.086679e+02
<STATE> 4
<NUMMIXES> 16
<MIXTURE> 1 6.802333e-02
<MEAN> 39
 -4.447732e+00 -4.970562e+00 -3.647670e+00 -1.271315e+01 -3.923864e+00 -6.620153e+00 -1.490536e+01 -4.585254e+00 2.911652e-01 5.243311e+00 -3.838193e+00 -5.881564e+00 6.340593e-01 -3.808556e+00 2.971437e+00 1.592726e-02 7.773904e-01 2.105551e+00 -1.154663e+00 2.669399e+00 4.189191e-01 1.086580e-01 -1.056471e+00 -5.663608e-01 1.425231e+00 -4.028867e-02 -1.569317e+00 3.605205e-01 -2.554092e-01 1.135836e-01 2.309306e-01 3.031982e-01 9.468754e-01 3.576717e-01 -3.266673e-01 -5.012856e-01 3.640873e-01 5.160850e-01 -3.638486e-03
<VARIANCE> 39
 8.206362e+00 1.446895e+01 1.908282e+01 2.609042e+01 1.769778e+01 3.721085e+01 3.334175e+01 3.666770e+01 2.784702e+01 2.460324e+01 2.674896e+01 1.926710e+01 1.091226e-02 2.000828e+00 2.110236e+00 2.392558e+00 2.712835e+00 2.661941e+00 3.887849e+00 4.271181e+00 4.332195e+00 3.182708e+00 2.812603e+00 2.535949e+00 2.356244e+00 7.750164e-04 2.769033e-01 2.857306e-01 2.842322e-01 3.601696e-01 2.910816e-01 4.534428e-01 5.102985e-01 4.968824e-01 4.099255e-01 3.558111e-01 3.555240e-01 3.360781e-01 1.204104e-04
<GCONST> 8.861485e+01
<MIXTURE> 2 6.852063e-02
<MEAN> 39
 -1.325579e+00 -7.130171e+00 -1.147834e+01 -2.142696e+01 -5.095880e+00 -3.343167e-02 -1.139937e+01 -6.926438e+00 -4.516285e+00 3.871514e+00 1.322276e+00 -4.973376e+00 7.637616e-01 5.232146e-01 1.671365e+00 -4.545035e-02 -1.779797e+00 -6.593023e-02 1.428823e+00 1.341588e+00 -7.192162e-01 -2.316133e+00 -9.166214e-01 1.337691e+00 1.210165e+00 -1.132870e-02 -1.805357e-01 3.649945e-01 3.574393e-01 5.299268e-01 -4.651652e-01 -5.768221e-01 3.784920e-01 3.543169e-01 -5.876236e-02 -6.711372e-01 -4.874766e-01 3.417236e-01 -9.550423e-03
<VARIANCE> 39
 7.630506e+00 2.710951e+01 3.755349e+01 4.725266e+01 3.840886e+01 5.441520e+01 4.881382e+01 4.393780e+01 5.673880e+01 4.870675e+01 5.357393e+01 2.458753e+01 9.771252e-03 4.831357e-01 1.161380e+00 1.284304e+00 2.491399e+00 1.999687e+00 2.920224e+00 3.288620e+00 3.035660e+00 3.395297e+00 2.569374e+00 2.924794e+00 2.023442e+00 3.549831e-04 1.057503e-01 1.831280e-01 2.430241e-01 3.794683e-01 4.146977e-01 4.109028e-01 4.351553e-01 5.221148e-01 5.282899e-01 5.028388e-01 5.261217e-01 2.882539e-01 6.309989e-05
<GCONST> 8.847505e+01
<MIXTURE> 3 5.024777e-02
<MEAN> 39
 5.946882e-01 -5.236295e+00 -9.314468e+00 -1.266821e+01 -7.247511e+00 -2.964090e-01 -8.030598e+00 -7.941045e+00 -7.710061e+00 1.509745e+00 4.460616e+00 -1.184854e+00 5.849513e-01 -2.078912e+00 3.654114e+00 1.127008e+00 3.366556e+00 1.966912e+00 3.012504e-01 2.488663e+00 -2.175007e-01 -1.398517e+00 -2.220695e+00 -1.220522e+00 7.429814e-01 -1.384125e-01 -1.399290e+00 1.392381e-01 5.221751e-01 6.955013e-01 3.516365e-01 -1.932872e-01 1.488714e-01 6.552001e-01 7.381962e-01 -2.231432e-01 -7.830213e-01 -2.793252e-01 -3.056210e-02
<VARIANCE> 39
 6.565177e+00 1.472185e+01 1.904576e+01 3.049188e+01 2.173113e+01 2.759115e+01 3.764415e+01 3.448184e+01 2.992571e+01 3.916473e+01 2.535460e+01 2.040004e+01 1.342495e-02 2.119946e+00 2.985817e+00 2.517899e+00 4.642816e+00 2.830418e+00 4.731840e+00 4.406668e+00 4.489336e+00 4.594851e+00 4.748939e+00 3.668761e+00 2.425681e+00 2.137374e-03 3.686490e-01 3.889291e-01 3.311646e-01 4.878376e-01 4.403184e-01 4.790333e-01 5.547201e-01 5.468575e-01 4.260929e-01 6.193955e-01 4.184914e-01 3.841317e-01 3.100019e-04
<GCONST> 9.643284e+01
<MIXTURE> 4 6.173043e-02
<MEAN> 39
 -3.360542e+00 -6.174056e+00 -1.059265e+01 -1.215457e+01 -1.766851e+00 -1.282800e-01 -3.936544e+00 -2.493433e+00 -3.707834e-01 4.476409e-01 -5.073165e+00 -3.265296e+00 5.144725e-01 -7.803431e-01 2.538232e-01 1.393399e-01 1.007105e+00 9.423656e-01 5.721050e-01 6.469205e-01 -1.664987e-03 -1.782516e-01 -3.457613e-01 -5.803438e-02 3.866611e-01 -3.918456e-02 -1.433211e-01 -1.654068e-01 1.224644e-01 -5.137842e-02 -1.808088e-01 -5.548787e-02 -1.041355e-01 4.901065e-02 -1.291759e-01 -1.175360e-02 1.527590e-01 -3.788747e-02 3.534866e-04
<VARIANCE> 39
 1.022268e+01 2.601841e+01 4.384785e+01 5.849949e+01 4.144406e+01 5.181912e+01 5.963308e+01 4.600881e+01 4.079356e+01 3.636187e+01 3.048779e+01 4.350517e+01 2.505234e-02 8.157367e-01 1.169360e+00 1.288730e+00 1.630221e+00 2.098253e+00 1.854614e+00 2.192307e+00 1.551103e+00 1.703319e+00 1.764192e+00 1.603396e+00 1.735128e+00 8.500790e-04 1.147906e-01 1.599104e-01 2.089542e-01 2.696920e-01 2.935430e-01 2.408125e-01 3.651944e-01 2.867923e-01 2.381601e-01 2.437623e-01 2.680028e-01 2.780916e-01 1.377655e-04
<GCONST> 8.372353e+01
<MIXTURE> 5 6.158009e-02
<MEAN> 39
 -6.959826e-02 -7.731175e+00 -7.403422e+00 -1.145618e+01 -9.345873e+00 -2.094022e-01 -1.041687e+01 -9.484355e+00 -2.321174e+00 1.679005e+00 3.143091e+00 -2.946911e+00 6.268857e-01 -5.669613e-01 1.970742e+00 -2.527736e-01 1.459716e+00 9.652733e-01 -1.780173e-01 1.833903e+00 -5.527566e-01 -1.852999e+00 -1.423179e+00 -1.127418e-01 8.542982e-01 -5.947538e-02 -6.343511e-01 5.166289e-01 1.952774e-01 2.482987e-01 4.193775e-01 -3.380274e-01 2.454270e-01 3.937795e-01 -1.168961e-01 -1.394158e-01 -5.321977e-01 -8.805867e-02 -1.498799e-02
<VARIANCE> 39
 6.062722e+00 1.499592e+01 1.764042e+01 3.827843e+01 1.516285e+01 3.734008e+01 3.903730e+01 2.691512e+01 3.156599e+01 3.024649e+01 2.203660e+01 3.108146e+01 1.007130e-02 8.860159e-01 1.347750e+00 1.709239e+00 3.239779e+00 2.118881e+00 2.662923e+00 3.894911e+00 3.401929e+00 3.221051e+00 2.817323e+00 3.351311e+00 3.323616e+00 8.917779e-04 1.470165e-01 1.931364e-01 2.582120e-01 3.142720e-01 2.242325e-01 3.617786e-01 3.754823e-01 2.855249e-01 3.167058e-01 3.449583e-01 3.046593e-01 3.365222e-01 1.160155e-04
<GCONST> 8.421661e+01
<MIXTURE> 6 7.657196e-02
<MEAN> 39
 -1.912794e+00 -5.039510e+00 -7.231630e+00 -9.014875e+00 -6.460086e+00 -6.850003e+00 -1.276315e+01 -7.391928e+00 7.132906e-03 2.778203e+00 -2.590215e+00 -5.960390e+00 5.680391e-01 -2.147162e+00 3.323917e+00 1.167631e+00 3.120425e+00 1.845431e+00 1.515316e+00 1.737120e+00 -6.927707e-01 -1.751196e+00 -1.048342e+00 4.356654e-01 2.597940e-01 -1.396771e-01 -1.276789e+00 1.338160e-01 2.447411e-01 2.957815e-01 2.379227e-01 3.204638e-01 8.873399e-01 6.288550e-01 -1.889818e-01 -5.041208e-01 -1.353952e-01 4.832926e-01 -3.075125e-02
<VARIANCE> 39
 7.395249e+00 1.454250e+01 2.178090e+01 2.554534e+01 1.506061e+01 2.402102e+01 2.072400e+01 2.598491e+01 2.916490e+01 2.133134e+01 2.991706e+01 1.568344e+01 1.110277e-02 2.378948e+00 1.829614e+00 3.350434e+00 4.248465e+00 2.809330e+00 3.762557e+00 4.256533e+00 5.434080e+00 3.767696e+00 3.467241e+00 3.555902e+00 2.894573e+00 2.213479e-03 4.158365e-01 4.513081e-01 3.607582e-01 4.350850e-01 3.462498e-01 4.247872e-01 4.469326e-01 4.764162e-01 4.759630e-01 4.351729e-01 4.874474e-01 3.328460e-01 3.092393e-04
<GCONST> 9.289085e+01
<MIXTURE> 7 6.231803e-02
<MEAN> 39
 -9.753530e+00 -1.854820e+00 -4.862377e-01 -4.541999e+00 -8.534868e+00 -1.251124e+01 -8.673203e+00 -4.474858e-01 -4.636728e+00 -3.986561e+00 -2.777457e+00 -1.403056e+00 4.122863e-01 -2.074672e+00 1.218515e+00 -3.910524e-01 1.317466e+00 2.077577e+00 2.025057e+00 1.425973e+00 -2.162417e-01 1.914022e-01 7.382698e-03 2.244643e-02 2.608993e-01 -8.444851e-02 -8.635967e-01 -3.919649e-01 -6.664123e-01 -3.216795e-01 5.999279e-01 9.169053e-01 5.716289e-01 1.356793e-02 3.564461e-01 4.548185e-01 4.100742e-02 6.871771e-04 -5.903867e-03
<VARIANCE> 39
 3.208922e+01 3.506875e+01 3.131012e+01 3.449459e+01 5.268446e+01 2.763939e+01 4.543864e+01 4.463136e+01 4.867509e+01 3.658275e+01 2.956880e+01 2.020839e+01 2.401022e-02 3.622082e+00 3.790434e+00 3.680668e+00 3.821723e+00 4.471160e+00 3.905430e+00 4.225486e+00 4.661038e+00 3.820752e+00 3.149791e+00 2.539888e+00 2.226760e+00 5.014641e-03 7.130457e-01 5.191739e-01 4.865542e-01 5.443966e-01 7.084792e-01 5.115908e-01 8.078241e-01 8.607364e-01 9.222460e-01 6.352920e-01 6.905226e-01 4.463001e-01 5.630268e-04
<GCONST> 1.078689e+02
<MIXTURE> 8 7.518896e-02
<MEAN> 39
 -2.315463e+00 -9.586947e+00 -4.486310e+00 -1.086269e+01 -8.172274e+00 -3.261582e+00 -1.422588e+01 -7.605460e-02 -9.721271e-01 4.532621e-01 -2.458291e+00 -8.455670e+00 6.130030e-01 -5.544604e-01 1.920705e+00 1.040746e+00 2.214109e+00 -3.479325e-02 -6.545244e-01 2.397690e+00 -2.216246e+00 -2.653782e+00 1.199590e-01 -2.429682e-01 3.077912e-01 -6.071895e-02 -3.219703e-01 5.917107e-01 4.650057e-02 3.664469e-01 8.146819e-02 -1.634048e-01 8.102006e-01 -6.091087e-01 -5.865158e-01 3.168831e-02 -2.970597e-02 3.792015e-01 -1.160894e-02
<VARIANCE> 39
 6.619038e+00 2.391093e+01 2.668688e+01 3.648910e+01 3.982743e+01 4.542304e+01 3.451229e+01 3.899815e+01 4.979376e+01 3.926224e+01 3.108355e+01 3.002777e+01 1.247452e-02 5.801628e-01 1.414708e+00 2.329938e+00 2.804332e+00 3.593541e+00 3.623451e+00 2.874766e+00 4.383094e+00 4.295504e+00 3.633515e+00 3.326473e+00 2.479069e+00 6.943833e-04 1.719540e-01 2.390064e-01 2.831588e-01 4.022261e-01 3.955486e-01 5.266285e-01 4.552696e-01 4.833003e-01 7.400724e-01 5.235717e-01 4.842193e-01 3.987180e-01 1.069392e-04
<GCONST> 9.254275e+01
<MIXTURE> 9 5.939693e-02
<MEAN> 39
 7.977044e-01 -5.019576e+00 -9.017848e+00 -2.229296e+01 -1.173544e+01 4.358595e+00 -6.596304e+00 -8.277112e+00 -7.566358e+00 -6.683649e-01 3.760454e+00 7.712799e-01 7.207224e-01 4.166091e-01 1.569257e+00 3.825834e-01 -1.308499e+00 -1.016186e+00 4.779771e-01 1.368183e+00 7.397162e-01 -5.673135e-01 -1.923559e+00 -1.055463e+00 8.976905e-01 -1.015456e-02 -5.462893e-01 4.318303e-01 1.378717e-01 8.757369e-01 2.743097e-01 -8.502834e-01 -3.148215e-03 5.403821e-01 5.595607e-01 -1.173530e-01 -6.969456e-01 -4.620287e-01 -1.694632e-02
<VARIANCE> 39
 8.454992e+00 2.006177e+01 3.029704e+01 6.267330e+01 3.997816e+01 4.202489e+01 4.660015e+01 5.125659e+01 4.613282e+01 4.625880e+01 3.870757e+01 1.905658e+01 1.186213e-02 5.511065e-01 1.547412e+00 1.262034e+00 3.116624e+00 2.368192e+00 2.080454e+00 3.792866e+00 1.988420e+00 3.474059e+00 2.987537e+00 2.434157e+00 2.278556e+00 6.418179e-04 2.553312e-01 2.947640e-01 3.022300e-01 6.489097e-01 5.804320e-01 6.020755e-01 6.237037e-01 6.566351e-01 7.077901e-01 6.420543e-01 5.580482e-01 3.953684e-01 1.376775e-04
<GCONST> 9.357637e+01
<MIXTURE> 10 5.328135e-02
<MEAN> 39
 4.742178e-01 -7.339579e+00 -1.274936e+01 -1.486270e+01 -9.589319e+00 1.423852e+00 -7.780537e+00 -5.994347e+00 -2.332680e+00 -2.379781e+00 2.636926e-01 -3.385199e+00 6.779754e-01 -9.883875e-01 2.091425e+00 1.970202e+00 2.510642e+00 6.212381e-01 -1.289961e+00 1.011230e+00 -1.342746e+00 -2.560587e+00 -3.243285e-01 6.910934e-02 -6.535706e-02 -7.667954e-02 -6.488230e-01 3.272453e-01 7.066593e-01 8.459315e-01 4.561798e-01 -5.262828e-01 3.577980e-03 -2.965496e-02 -5.741557e-01 3.875796e-02 -1.909077e-01 -1.658107e-01 -1.921318e-02
<VARIANCE> 39
 6.876777e+00 2.403632e+01 2.377102e+01 6.006396e+01 4.444622e+01 5.282441e+01 5.567043e+01 4.035543e+01 3.932750e+01 4.131709e+01 6.184039e+01 4.494073e+01 1.268980e-02 7.729780e-01 1.621371e+00 2.189517e+00 3.673977e+00 3.181848e+00 3.377588e+00 4.712733e+00 4.651565e+00 5.051781e+00 4.200897e+00 4.751643e+00 2.823399e+00 1.023569e-03 1.853860e-01 2.129774e-01 2.758992e-01 5.798512e-01 4.346354e-01 4.100818e-01 4.963448e-01 5.155444e-01 5.236306e-01 4.435053e-01 7.046438e-01 5.273283e-01 1.652539e-04
<GCONST> 9.771291e+01
<MIXTURE> 11 5.863499e-02
<MEAN> 39
 -6.353130e+00 -4.556925e-01 -8.509748e+00 -1.307383e+01 -8.949623e-01 -5.902306e+00 -9.113547e+00 -7.897447e+00 -3.204151e+00 5.902649e+00 -1.384114e+00 -4.185958e+00 5.336353e-01 -3.563702e+00 1.414972e+00 1.055027e+00 2.507673e+00 8.057736e-01 4.528232e-01 1.672325e+00 1.090997e+00 -1.178762e-01 -1.561918e+00 -8.632678e-02 8.988711e-01 -8.897480e-02 -9.277814e-01 -4.178531e-01 1.142653e-01 3.096837e-01 -3.203171e-01 3.037874e-01 4.680708e-01 6.639999e-01 8.751380e-02 -6.184577e-01 -3.222609e-02 2.458728e-01 -9.308256e-03
<VARIANCE> 39
 1.556150e+01 1.200939e+01 1.903498e+01 3.591445e+01 1.728078e+01 4.018164e+01 3.654596e+01 2.701918e+01 3.299304e+01 1.999172e+01 3.557476e+01 1.907873e+01 1.737210e-02 3.874264e+00 2.088683e+00 3.043176e+00 5.139997e+00 3.263141e+00 4.778028e+00 5.901349e+00 4.201461e+00 4.085780e+00 3.152068e+00 3.351667e+00 2.649576e+00 4.363644e-03 4.922870e-01 2.380382e-01 2.882753e-01 3.635447e-01 3.942629e-01 6.091052e-01 6.278555e-01 4.679965e-01 4.758376e-01 3.332077e-01 5.422449e-01 3.122009e-01 3.499684e-04
<GCONST> 9.730888e+01
<MIXTURE> 12 7.527871e-02
<MEAN> 39
 -5.693240e+00 -4.015700e+00 -6.318820e+00 -1.208548e+01 -8.371252e+00 -1.427837e+01 -1.058968e+01 -2.375997e+00 -1.693315e+00 -3.631356e+00 -1.045630e+01 5.103850e-01 6.157382e-01 -2.870150e+00 2.772526e+00 8.075223e-01 3.661043e+00 1.167850e+00 1.737673e+00 1.663069e+00 -9.231265e-01 -4.635596e-01 -1.171169e+00 1.751919e+00 -3.565630e-01 -1.076632e-01 -1.063659e+00 -1.017968e-01 -2.253721e-01 3.809321e-01 4.918869e-01 1.137441e+00 6.020739e-01 1.174721e-01 -3.204363e-02 3.466334e-01 7.139221e-01 -2.813354e-01 -2.284560e-02
<VARIANCE> 39
 7.894525e+00 1.875363e+01 2.869699e+01 2.886769e+01 3.282961e+01 3.803891e+01 3.490961e+01 3.604400e+01 3.805478e+01 4.926412e+01 3.103224e+01 2.613150e+01 1.143456e-02 2.213566e+00 3.170682e+00 2.705198e+00 3.726340e+00 3.754960e+00 4.757443e+00 5.183726e+00 3.848882e+00 4.014003e+00 4.710660e+00 3.763377e+00 3.343111e+00 3.356391e-03 3.440072e-01 3.353880e-01 3.649944e-01 4.706106e-01 4.954682e-01 7.103072e-01 5.180213e-01 6.115721e-01 5.670484e-01 6.456568e-01 5.452152e-01 4.866575e-01 4.591678e-04
<GCONST> 1.012026e+02
<MIXTURE> 13 5.741507e-02
<MEAN> 39
 -3.344012e+00 -1.008751e+01 -9.133489e+00 -1.466053e+01 -6.820374e+00 -1.073190e+01 -1.207749e+01 9.569464e-01 -5.531957e+00 -2.690464e+00 -1.090103e+01 -3.676571e+00 6.650550e-01 2.759229e-02 1.913357e+00 5.703341e-01 1.847602e+00 -2.547460e-01 1.361668e-01 1.988815e-01 -2.829943e+00 -9.055598e-01 1.014239e+00 4.987593e-01 -9.216328e-01 -4.993272e-02 -3.404070e-01 6.146975e-01 2.941726e-01 4.787877e-01 -2.411587e-01 1.405239e-01 4.356063e-01 -8.769534e-01 -1.349943e-01 2.888690e-02 2.330543e-01 8.347265e-02 -1.305293e-02
<VARIANCE> 39
 7.024779e+00 2.223010e+01 3.396643e+01 3.186740e+01 4.097227e+01 3.854812e+01 4.423655e+01 4.517466e+01 4.154318e+01 6.135772e+01 2.577442e+01 3.000921e+01 1.362983e-02 6.338827e-01 1.884208e+00 2.792186e+00 2.832761e+00 3.270334e+00 3.437316e+00 2.939646e+00 4.275643e+00 3.677731e+00 4.263702e+00 3.520943e+00 3.549525e+00 7.003770e-04 1.566807e-01 1.846722e-01 3.851687e-01 3.276490e-01 4.497984e-01 5.015178e-01 3.736640e-01 6.305528e-01 4.794724e-01 6.357816e-01 4.210894e-01 5.211919e-01 7.515339e-05
<GCONST> 9.334165e+01
<MIXTURE> 14 4.784564e-02
<MEAN> 39
 -1.312944e+01 -4.298643e+00 -5.794956e+00 -4.074759e+00 -2.565584e+00 -2.989290e+00 -3.554704e+00 -1.043433e+00 -1.238454e+00 -2.955101e-01 -2.294979e+00 -2.939622e+00 2.139671e-01 -1.299457e-01 6.449003e-01 -4.970724e-02 4.413938e-01 4.965512e-01 9.036966e-01 5.201054e-01 -6.004637e-01 -1.148629e+00 -5.954489e-02 2.096292e-01 6.542859e-02 -3.343548e-02 2.945203e-01 -3.606273e-01 -1.441595e-01 -9.544160e-01 -4.192206e-01 -2.359519e-01 -3.605144e-01 -2.655748e-02 -1.254168e-01 -4.497661e-02 4.652099e-02 1.975621e-01 3.662865e-02
<VARIANCE> 39
 4.102363e+01 3.075607e+01 3.575745e+01 3.112407e+01 3.151918e+01 3.656561e+01 4.007353e+01 4.531327e+01 4.350842e+01 3.045897e+01 2.384584e+01 2.363869e+01 4.663563e-02 7.359586e+00 3.696083e+00 3.350542e+00 5.297119e+00 4.447884e+00 5.754700e+00 4.782516e+00 4.890999e+00 4.323104e+00 3.095791e+00 2.783960e+00 2.511555e+00 7.369347e-03 1.249209e+00 8.592644e-01 6.133997e-01 6.015217e-01 6.830558e-01 7.247316e-01 1.113587e+00 1.008282e+00 7.688470e-01 6.956325e-01 6.054347e-01 5.134940e-01 8.715935e-04
<GCONST> 1.126946e+02
<MIXTURE> 15 6.447739e-02
<MEAN> 39
 -4.129915e+00 -9.753160e-01 -3.837699e+00 -4.584202e+00 -2.910053e+00 -2.775764e+00 -1.088401e+01 -6.540625e+00 -5.108296e+00 -1.811683e-01 -1.975044e+00 -6.795461e+00 3.388382e-01 -1.863094e+00 2.759427e+00 8.231161e-01 3.354115e+00 1.477752e+00 4.315217e-01 2.341070e+00 -2.863211e-01 -1.087540e+00 -1.478611e+00 -6.941431e-01 5.930395e-01 -1.313435e-01 -7.002369e-01 -5.021009e-01 -2.097046e-01 -7.060705e-01 -2.047449e-01 -7.149277e-02 3.134765e-01 4.502027e-01 3.790353e-01 4.405285e-02 -1.843610e-02 4.125535e-01 1.057422e-02
<VARIANCE> 39
 8.789030e+00 1.812607e+01 2.406714e+01 2.923976e+01 1.791256e+01 3.035019e+01 3.020103e+01 2.578928e+01 2.706684e+01 2.422672e+01 2.940583e+01 1.695323e+01 1.795540e-02 3.036090e+00 2.634214e+00 2.682409e+00 3.575698e+00 3.585151e+00 3.956812e+00 3.548300e+00 4.378855e+00 5.232838e+00 3.875366e+00 4.171265e+00 2.714605e+00 2.865653e-03 3.903373e-01 4.971104e-01 3.579126e-01 4.342158e-01 4.149275e-01 5.602864e-01 6.275606e-01 7.084938e-01 5.405081e-01 4.827276e-01 5.634772e-01 3.814841e-01 3.901855e-04
<GCONST> 9.775458e+01
<MIXTURE> 16 5.948431e-02
<MEAN> 39
 -3.517481e+00 -5.377745e+00 -9.571685e+00 -8.646645e+00 -9.637430e+00 -7.804090e+00 -7.092698e+00 -6.356010e+00 -3.249891e+00 -3.148569e+00 -3.567322e+00 -3.876125e+00 5.970644e-01 -5.073255e-01 9.067348e-01 1.073327e+00 7.468072e-01 1.248563e-01 1.686066e-01 5.798665e-02 -5.546039e-01 -8.805980e-01 -4.431736e-01 -1.918187e-01 3.122701e-01 -3.152236e-02 -2.111159e-01 7.827889e-02 2.490033e-01 -1.937209e-01 2.625664e-01 1.651840e-01 -8.659939e-02 1.242817e-01 -4.880039e-02 7.047581e-02 1.272873e-02 3.139168e-02 -3.865254e-03
<VARIANCE> 39
 1.241787e+01 2.749969e+01 3.995059e+01 5.039528e+01 5.369070e+01 4.892258e+01 5.285658e+01 4.564046e+01 6.619231e+01 9.395857e+01 5.216743e+01 3.095595e+01 1.954239e-02 6.086657e-01 1.093227e+00 2.357089e+00 1.871065e+00 2.803896e+00 2.806447e+00 2.565823e+00 2.960137e+00 3.214124e+00 2.599963e+00 2.235124e+00 1.793232e+00 6.688139e-04 2.150786e-01 2.279850e-01 2.787618e-01 3.759334e-01 4.915744e-01 3.860694e-01 4.641361e-01 4.791640e-01 6.395829e-01 6.900028e-01 4.004194e-01 3.800251e-01 1.064546e-04
<GCONST> 9.405090e+01
<TRANSP> 5
 0.000000e+00 1.000000e+00 0.000000e+00 0.000000e+00 0.000000e+00
 0.000000e+00 3.891301e-01 6.108699e-01 0.000000e+00 0.000000e+00
 0.000000e+00 0.000000e+00 2.622275e-01 7.377725e-01 0.000000e+00
 0.000000e+00 0.000000e+00 0.000000e+00 2.317377e-01 7.682623e-01
 0.000000e+00 0.000000e+00 0.000000e+00 0.000000e+00 0.000000e+00
<ENDHMM>
