~o
<STREAMINFO> 1 39
<VECSIZE> 39<NULLD><MFCC_E_D_A><DIAGC>
~h "b"
<BEGINHMM>
<NUMSTATES> 5
<STATE> 2
<NUMMIXES> 16
<MIXTURE> 1 5.621591e-02
<MEAN> 39
 -8.600865e+00 7.194077e+00 2.244593e+00 3.986752e+00 1.201829e+00 -3.536096e-01 -5.488411e+00 -7.480376e+00 -8.029132e+00 -4.820075e+00 -3.527782e+00 -2.843551e+00 1.019997e-01 -1.802950e+00 -1.687001e-01 6.016774e-01 7.970151e-01 6.588596e-01 5.736187e-01 9.599534e-01 1.172512e+00 6.083829e-01 -3.356845e-01 -3.584705e-01 1.058121e-01 -4.781831e-02 2.384381e-01 -1.374925e+00 -8.857933e-01 -1.203565e+00 -7.930688e-01 -5.154188e-01 -1.345440e-01 4.134137e-01 6.727154e-01 5.872178e-01 2.850562e-01 6.878839e-02 4.197780e-02
<VARIANCE> 39
 4.751104e+00 2.333655e+00 4.303578e+00 6.685426e+00 6.677083e+00 9.317369e+00 1.075000e+01 1.256357e+01 1.074931e+01 1.201133e+01 9.998460e+00 9.909503e+00 1.389054e-02 1.073463e+00 1.247787e+00 1.414299e+00 1.822989e+00 1.163728e+00 1.446065e+00 1.538907e+00 1.593283e+00 1.696663e+00 1.795314e+00 1.435073e+00 1.218152e+00 1.542000e-03 2.180326e-01 3.590842e-01 3.564169e-01 4.957785e-01 4.115464e-01 4.017313e-01 4.886073e-01 4.721912e-01 4.028974e-01 3.979289e-01 3.542925e-01 3.096206e-01 4.340350e-04
<GCONST> 7.018322e+01
<MIXTURE> 2 6.611156e-02
<MEAN> 39
 -3.539882e+00 4.406261e+00 -2.139993e+00 -2.685231e-01 -1.642110e-01 3.019315e-01 -6.579962e+00 -1.045119e+01 -1.033052e+01 -3.637512e+00 7.254051e-02 -3.406068e+00 2.347134e-01 -1.604424e+00 3.137932e+00 1.320442e+00 2.109444e+00 1.935080e+00 1.294722e+00 1.715281e+00 -8.539792e-01 -1.349169e+00 -1.015165e+00 -8.059897e-01 1.778899e-01 -1.065973e-01 -2.342348e-01 -1.328260e+00 -2.000907e-02 -6.845320e-01 -9.005996e-01 -7.117545e-01 -4.897928e-01 9.565154e-01 9.416446e-01 3.086726e-01 -2.124588e-01 -4.578696e-02 3.441256e-02
<VARIANCE> 39
 4.899067e+00 7.996807e+00 9.821759e+00 1.187458e+01 9.332667e+00 1.194023e+01 1.390115e+01 1.124256e+01 1.483566e+01 1.512981e+01 1.181033e+01 1.627716e+01 1.091082e-02 1.169102e+00 1.839880e+00 3.140437e+00 2.823653e+00 2.555898e+00 3.007529e+00 3.183944e+00 3.139940e+00 3.154252e+00 3.612366e+00 2.025887e+00 2.022886e+00 1.342043e-03 2.146774e-01 3.943839e-01 5.343844e-01 4.805005e-01 4.163460e-01 4.861982e-01 4.843656e-01 4.264514e-01 5.633955e-01 4.538671e-01 3.381026e-01 3.723362e-01 2.917270e-04
<GCONST> 8.196517e+01
<MIXTURE> 3 6.768334e-02
<MEAN> 39
 -1.803676e+01 -1.971692e+00 -4.830295e+00 -4.006884e-01 2.259177e-02 1.123156e+00 -1.610550e+00 -9.267452e-01 -6.137513e-01 1.112113e+00 -2.653543e-01 -1.053178e+00 -1.144210e-01 -5.195850e-01 -3.151359e-01 -5.962671e-01 1.142426e+00 4.452012e-01 7.922553e-01 7.807678e-01 6.446227e-01 4.998784e-01 7.301126e-01 5.970192e-01 2.706382e-01 -7.498714e-02 2.280138e-01 -6.678560e-02 7.415044e-02 -7.091525e-01 -4.940923e-01 -6.065603e-01 -2.886275e-01 -8.138208e-02 -2.037733e-01 -3.080756e-01 -1.822713e-01 -1.855575e-02 5.317454e-02
<VARIANCE> 39
 3.792852e+00 1.022826e+01 1.289683e+01 8.632853e+00 1.020668e+01 1.216732e+01 1.097915e+01 1.668246e+01 1.204284e+01 1.490182e+01 1.091625e+01 1.201009e+01 3.099649e-03 3.146564e+00 2.397213e+00 3.492810e+00 3.445179e+00 2.765544e+00 3.127535e+00 2.493963e+00 2.998024e+00 2.423626e+00 2.410199e+00 2.140749e+00 1.995507e+00 6.001104e-03 6.824383e-01 3.741718e-01 5.523257e-01 5.084280e-01 4.902999e-01 4.431257e-01 4.912767e-01 5.606586e-01 4.350286e-01 4.857221e-01 3.688353e-01 3.237447e-01 6.022518e-04
<GCONST> 8.460279e+01
<MIXTURE> 4 5.034112e-02
<MEAN> 39
 -1.119502e+01 4.935669e+00 6.259395e-01 1.285566e+00 -2.593839e+00 -5.258795e+00 -9.379443e+00 -1.039056e+01 -1.064240e+01 -8.292375e+00 -8.014435e+00 -6.655804e+00 7.819112e-02 -2.220133e+00 -2.002726e+00 -9.439875e-01 -3.669254e-01 7.390516e-01 1.315582e+00 2.292012e+00 2.808463e+00 2.258748e+00 1.107588e+00 1.152816e+00 1.272987e+00 -1.990980e-02 7.463835e-01 -1.350746e+00 -1.028805e+00 -1.561733e+00 -8.150737e-01 -4.479609e-01 1.871706e-01 6.763214e-01 7.086652e-01 9.687737e-01 4.819099e-01 4.648485e-01 5.845426e-02
<VARIANCE> 39
 8.199290e+00 5.857924e+00 6.501281e+00 7.548770e+00 8.802166e+00 1.148093e+01 1.371854e+01 1.523436e+01 1.534824e+01 1.429081e+01 1.395699e+01 1.345180e+01 1.898577e-02 1.985859e+00 2.106730e+00 2.239693e+00 3.439919e+00 2.191550e+00 2.888382e+00 2.198563e+00 2.799084e+00 3.608572e+00 3.259541e+00 2.700758e+00 2.313443e+00 6.539664e-03 3.663109e-01 3.988692e-01 7.165627e-01 6.673101e-01 5.888467e-01 6.307454e-01 5.445814e-01 6.046866e-01 5.496498e-01 5.541726e-01 5.181701e-01 4.581379e-01 5.960359e-04
<GCONST> 8.765034e+01
<MIXTURE> 5 8.463468e-02
<MEAN> 39
 -2.924463e+00 6.741530e+00 -2.969424e+00 -4.380692e+00 -4.306977e+00 3.755632e-01 -1.751680e+00 -4.966138e+00 -9.898681e+00 -9.708564e+00 -6.181672e+00 -2.297550e+00 2.200685e-01 -1.483949e+00 1.264714e+00 1.437453e+00 1.444120e+00 6.801731e-01 6.512524e-02 9.493499e-01 3.591071e-01 -1.088221e-01 -3.949803e-01 -8.492436e-01 -4.501455e-01 -6.055304e-02 -6.163354e-02 -1.414591e+00 -4.502098e-01 -5.678411e-01 -2.400795e-01 -3.804984e-01 -9.325814e-01 -1.258107e-01 6.694473e-01 8.679680e-01 7.873939e-01 1.516342e-01 3.744721e-02
<VARIANCE> 39
 5.142786e+00 5.613940e+00 9.568702e+00 1.177584e+01 1.423664e+01 1.276360e+01 1.048750e+01 1.371891e+01 1.375723e+01 1.163340e+01 1.522364e+01 1.509398e+01 1.119813e-02 1.069036e+00 2.840754e+00 2.142921e+00 3.004827e+00 2.401928e+00 2.242900e+00 2.698961e+00 2.212062e+00 2.688914e+00 2.401621e+00 2.682146e+00 1.827396e+00 2.220537e-03 2.170260e-01 3.949895e-01 4.647117e-01 6.801062e-01 4.390075e-01 5.479797e-01 5.225146e-01 4.921761e-01 5.196238e-01 4.851194e-01 4.046081e-01 3.955987e-01 3.389086e-04
<GCONST> 8.215416e+01
<MIXTURE> 6 5.792089e-02
<MEAN> 39
 -9.547289e+00 -6.869152e-01 -7.549635e+00 -4.957715e+00 -3.967240e+00 -1.542765e+00 -3.274805e+00 -4.069869e+00 -4.899920e+00 -2.122145e+00 -3.105190e+00 -2.671218e+00 4.788738e-02 2.044522e-01 -3.221783e-02 -5.821372e-01 3.942595e-01 5.967365e-01 6.621442e-01 5.950533e-01 4.170122e-02 -1.987434e-01 1.072979e-01 5.365508e-01 3.014711e-01 -2.778655e-02 -3.991897e-01 2.720513e-03 7.328353e-01 3.065522e-01 4.055321e-02 -2.151222e-01 -3.020600e-01 6.745745e-02 9.572823e-02 -6.576568e-02 2.631614e-02 4.444304e-03 1.988478e-02
<VARIANCE> 39
 2.811323e+01 2.388535e+01 2.933440e+01 2.332834e+01 2.615585e+01 2.339989e+01 2.284956e+01 2.309657e+01 2.361414e+01 2.108558e+01 1.828380e+01 1.772460e+01 1.932098e-02 3.611308e+00 2.264149e+00 3.520228e+00 4.414694e+00 2.595476e+00 2.574342e+00 2.499773e+00 3.318413e+00 3.673119e+00 2.810147e+00 2.366557e+00 2.088161e+00 4.207850e-03 5.535778e-01 4.757636e-01 7.945798e-01 9.850064e-01 6.715005e-01 6.879190e-01 6.181849e-01 6.699719e-01 8.120126e-01 5.182365e-01 4.772639e-01 4.215431e-01 6.576953e-04
<GCONST> 9.973750e+01
<MIXTURE> 7 8.281413e-02
<MEAN> 39
 -5.399687e+00 5.537706e+00 1.830518e-01 1.715707e+00 -1.524016e+00 -2.872355e+00 -7.460048e+00 -7.980194e+00 -7.683835e+00 -4.070952e+00 -3.437896e+00 -5.373228e+00 1.684064e-01 -3.107920e-01 2.472809e-01 2.830557e-01 3.742189e-01 4.496340e-01 1.947241e-01 -3.962317e-02 6.202893e-02 9.520787e-02 -1.679563e-02 -5.855908e-03 -3.565643e-03 -1.133456e-02 -1.240820e-01 -5.277191e-01 -1.697595e-01 -3.760724e-01 -1.897480e-01 -3.152815e-02 7.441980e-02 2.016526e-01 1.864849e-01 9.296787e-02 4.532488e-02 1.773256e-01 1.283533e-02
<VARIANCE> 39
 7.391220e+00 8.089856e+00 8.789983e+00 1.705647e+01 2.059913e+01 2.642869e+01 2.272785e+01 1.466243e+01 2.253124e+01 1.750117e+01 1.922010e+01 1.633407e+01 1.571672e-02 4.127612e-01 5.808018e-01 8.324983e-01 1.092982e+00 9.234885e-01 1.037275e+00 1.071970e+00 1.107491e+00 1.181236e+00 1.225554e+00 1.260373e+00 9.194875e-01 5.102408e-04 1.140482e-01 2.504004e-01 2.142060e-01 3.277557e-01 2.581348e-01 2.586816e-01 3.056770e-01 2.539185e-01 3.051191e-01 2.729017e-01 2.822438e-01 2.451857e-01 2.418181e-04
<GCONST> 6.704465e+01
<MIXTURE> 8 6.297237e-02
<MEAN> 39
 -3.969218e+00 1.841597e+00 -1.672692e+00 9.080336e-01 -3.097530e+00 -6.858084e+00 -1.099139e+01 -7.362069e+00 -4.573825e+00 -1.866107e+00 -4.946109e+00 -7.375464e+00 2.711556e-01 -1.159595e+00 3.412190e+00 1.737270e-01 1.911434e+00 2.373753e+00 1.921349e+00 4.601223e-01 -1.657543e+00 -5.775989e-01 -3.093478e-01 -1.642420e-01 -5.806659e-01 -1.063322e-01 -4.493821e-01 -9.507188e-01 2.453841e-01 -8.994794e-01 -7.722129e-01 -1.789776e-01 4.337380e-01 6.349580e-01 -1.976703e-01 -1.815067e-01 1.668677e-01 6.073327e-01 2.642419e-02
<VARIANCE> 39
 6.307692e+00 1.731689e+01 1.476780e+01 2.201483e+01 2.181064e+01 2.158111e+01 1.619020e+01 1.954782e+01 1.803484e+01 1.809911e+01 1.989135e+01 1.204786e+01 1.806326e-02 1.641221e+00 2.731631e+00 4.563540e+00 4.384101e+00 3.628200e+00 3.956791e+00 3.680245e+00 3.208854e+00 4.465397e+00 3.193531e+00 2.861614e+00 2.636827e+00 2.222402e-03 2.423829e-01 4.787165e-01 6.161227e-01 5.343245e-01 6.285229e-01 6.141387e-01 5.539960e-01 5.004250e-01 6.117467e-01 5.238344e-01 4.447615e-01 2.974656e-01 3.513372e-04
<GCONST> 9.290430e+01
<MIXTURE> 9 7.592551e-02
<MEAN> 39
 2.652657e-01 -1.229938e+00 -8.409286e+00 -6.485250e+00 -3.363981e+00 -1.719819e+00 -8.569473e+00 -7.158504e+00 -7.975278e+00 -4.855945e+00 -4.155017e-01 -1.243968e+00 4.512366e-01 -1.605904e+00 3.979765e+00 1.830022e+00 2.318794e+00 1.529058e+00 1.450380e+00 2.733008e+00 -1.066141e+00 -1.789040e+00 -1.551896e+00 -1.424898e+00 -4.033164e-01 -1.337020e-01 -4.789529e-01 -3.955768e-01 4.486773e-01 8.477053e-03 -3.635287e-01 -3.178791e-01 -2.080676e-01 4.906818e-01 4.772119e-01 2.313437e-01 -2.161539e-01 -2.276694e-01 7.530201e-03
<VARIANCE> 39
 5.193238e+00 1.666113e+01 2.097564e+01 2.735335e+01 1.627225e+01 2.525531e+01 2.655282e+01 2.107583e+01 2.473303e+01 2.781479e+01 2.403042e+01 2.209368e+01 1.547791e-02 1.367675e+00 1.888938e+00 4.741458e+00 5.590547e+00 4.890542e+00 5.343270e+00 5.483728e+00 6.036184e+00 4.546786e+00 4.387281e+00 3.793394e+00 2.842545e+00 1.040485e-03 1.362590e-01 3.582899e-01 3.960005e-01 4.741691e-01 4.351622e-01 4.696132e-01 5.607117e-01 5.290102e-01 4.901454e-01 4.845774e-01 4.920462e-01 3.232124e-01 2.407188e-04
<GCONST> 9.386448e+01
<MIXTURE> 10 6.412259e-02
<MEAN> 39
 -3.223131e+00 2.211364e+00 -3.563570e+00 -3.192361e+00 -5.025509e+00 -2.588417e+00 -5.752100e+00 -1.086866e+01 -1.390243e+01 -5.649296e+00 -2.004369e+00 -4.397429e+00 3.249675e-01 -8.307816e-01 3.770595e-01 2.714884e-01 8.735435e-02 6.483331e-01 1.174369e-01 1.992394e-01 7.374552e-01 1.027863e+00 -4.538450e-01 -2.115207e-01 4.370682e-01 -2.035153e-02 -1.330573e-02 -1.147940e+00 -2.988452e-01 -9.823149e-01 -5.063407e-01 -3.704695e-01 -4.647238e-01 7.285005e-01 1.069466e+00 6.729755e-01 1.150028e-01 1.132787e-01 3.838853e-02
<VARIANCE> 39
 5.594759e+00 1.546801e+01 1.727609e+01 3.737971e+01 2.836768e+01 3.685924e+01 3.854702e+01 3.348683e+01 2.949098e+01 3.220601e+01 3.305493e+01 3.084363e+01 1.738462e-02 1.415031e+00 2.479930e+00 2.120186e+00 5.159983e+00 2.866040e+00 3.197165e+00 3.483595e+00 4.743960e+00 5.922373e+00 3.438027e+00 3.693618e+00 2.629169e+00 2.025326e-03 2.939316e-01 4.439341e-01 6.483079e-01 9.000561e-01 7.579589e-01 7.525927e-01 7.420706e-01 9.799823e-01 7.693476e-01 6.686822e-01 7.166033e-01 5.200370e-01 5.109808e-04
<GCONST> 1.015217e+02
<MIXTURE> 11 6.984768e-02
<MEAN> 39
 -3.829732e+00 4.811712e+00 -1.747650e+00 1.008125e+00 9.604398e-01 -5.636852e-01 -8.201841e+00 -1.068841e+01 -9.108886e+00 -2.379847e+00 -4.254125e-01 -4.798552e+00 1.965965e-01 -8.344699e-01 1.536644e-01 4.219840e-01 1.046313e-01 2.296300e-01 -6.693097e-02 2.685541e-01 2.247773e-01 3.493778e-01 -8.954740e-02 -3.687878e-01 2.310486e-01 -6.954545e-03 -1.880299e-01 -1.393273e+00 -1.143089e-01 -9.701158e-01 -1.036543e+00 -7.092088e-01 -1.035740e-01 8.756291e-01 7.524203e-01 1.150101e-01 -7.259226e-02 2.139751e-01 4.259429e-02
<VARIANCE> 39
 4.069193e+00 7.547818e+00 8.305737e+00 1.368785e+01 8.762412e+00 1.484471e+01 1.455628e+01 9.571191e+00 1.542472e+01 1.475047e+01 1.357057e+01 1.620705e+01 1.106690e-02 1.376550e+00 1.741580e+00 1.001504e+00 1.478866e+00 1.100300e+00 1.476107e+00 1.457109e+00 1.520832e+00 2.027397e+00 1.366542e+00 1.537079e+00 1.162036e+00 1.310968e-03 2.883914e-01 4.284467e-01 5.324239e-01 4.794797e-01 5.107296e-01 5.136902e-01 4.804307e-01 3.846215e-01 5.692342e-01 4.881158e-01 3.630068e-01 3.558955e-01 4.281765e-04
<GCONST> 7.590090e+01
<MIXTURE> 12 5.195245e-02
<MEAN> 39
 -1.933260e+01 -2.067683e+00 -5.156344e+00 -7.841190e-01 -1.449487e+00 3.589822e-01 -6.175916e-01 5.111355e-01 -1.332383e-01 8.416158e-01 1.725210e-02 -1.023064e-01 -1.503891e-01 -7.764497e-02 -1.258120e-02 2.955588e-02 1.240324e-01 9.297416e-02 1.660374e-01 8.819117e-02 3.206707e-02 5.661164e-02 -7.385894e-03 -2.819800e-02 -3.828987e-02 -3.622371e-04 4.472450e-01 -5.025276e-02 6.841327e-02 -3.000509e-01 -1.714322e-01 -3.353474e-01 -2.965043e-01 -2.205512e-01 -1.376734e-01 -1.938835e-01 -1.603804e-01 -7.470348e-02 2.802144e-02
<VARIANCE> 39
 1.010582e+00 2.833875e+00 3.479815e+00 5.184684e+00 5.650196e+00 6.524327e+00 6.548455e+00 8.707801e+00 9.094764e+00 8.216112e+00 8.354780e+00 7.256699e+00 1.097022e-04 2.283471e-01 3.418593e-01 4.756119e-01 5.794976e-01 7.436702e-01 9.424217e-01 8.017063e-01 1.186421e+00 1.114874e+00 1.268834e+00 9.951443e-01 9.026268e-01 1.538885e-05 1.277365e-01 1.704758e-01 1.622399e-01 2.638586e-01 2.299187e-01 3.001185e-01 2.689988e-01 2.863571e-01 2.988335e-01 2.978825e-01 2.698002e-01 2.437510e-01 4.324123e-04
<GCONST> 4.238480e+01
<MIXTURE> 13 5.269042e-02
<MEAN> 39
 -7.525434e+00 5.740602e+00 -3.739017e-01 -8.215766e-01 -5.312370e+00 -8.832879e+00 -1.335096e+01 -1.331541e+01 -1.132475e+01 -7.876227e+00 -9.184203e+00 -8.813658e+00 2.076414e-01 -2.045907e+00 4.130017e-01 1.009182e+00 1.228682e+00 1.100119e+00 1.006498e+00 9.670706e-01 5.337344e-01 -1.973064e-02 -7.663893e-01 -6.902675e-03 2.426539e-01 -5.825663e-02 2.816759e-02 -1.729148e+00 -8.907323e-01 -1.266735e+00 -3.997972e-01 -3.802315e-02 8.853645e-01 1.451685e+00 9.329113e-01 9.190081e-01 6.093671e-01 8.161054e-01 4.086002e-02
<VARIANCE> 39
 4.361354e+00 3.805928e+00 8.132604e+00 1.187435e+01 1.198689e+01 1.534820e+01 1.377252e+01 1.534986e+01 1.993859e+01 2.007468e+01 1.755423e+01 1.767298e+01 1.836701e-02 2.755821e+00 2.382307e+00 2.503247e+00 3.737524e+00 2.396261e+00 3.494299e+00 2.913269e+00 2.960080e+00 3.001199e+00 2.972117e+00 2.394821e+00 2.412547e+00 4.763684e-03 3.018689e-01 3.668463e-01 5.665315e-01 6.438935e-01 6.936423e-01 7.311202e-01 6.049756e-01 5.234447e-01 6.658491e-01 6.747857e-01 5.125087e-01 5.047873e-01 6.849790e-04
<GCONST> 8.987441e+01
<MIXTURE> 14 7.045350e-02
<MEAN> 39
 -1.893628e+01 -2.400223e+00 -5.367598e+00 -1.377018e+00 -1.705202e+00 -5.123003e-01 -1.995895e+00 -6.069466e-01 -7.427846e-01 6.267671e-01 -2.192636e-01 -4.896677e-01 -1.506240e-01 4.988627e-01 -3.514504e-01 -3.157166e-01 -6.756461e-02 -4.729021e-01 -3.629639e-01 -8.425291e-02 -1.750479e-01 -1.101321e-01 -1.963560e-01 -6.213105e-02 -1.381714e-02 1.308519e-02 4.712350e-01 -1.620037e-01 7.999169e-02 -6.901144e-01 -2.361746e-01 -4.278668e-01 -1.774230e-01 -5.881806e-02 -7.502725e-02 -2.203309e-01 -1.601851e-01 -5.341050e-02 6.254061e-02
<VARIANCE> 39
 1.165984e+00 2.815291e+00 4.966585e+00 5.658276e+00 6.595565e+00 7.843307e+00 7.927782e+00 8.005335e+00 8.670879e+00 9.590723e+00 7.627879e+00 7.710462e+00 1.097022e-04 9.347857e-01 1.425306e+00 1.465225e+00 1.765932e+00 1.242529e+00 1.708406e+00 1.631602e+00 1.484720e+00 1.709934e+00 1.725202e+00 1.237279e+00 1.077721e+00 5.564857e-03 4.219575e-01 2.335611e-01 3.229329e-01 4.017986e-01 3.608918e-01 4.318235e-01 3.742966e-01 3.676999e-01 3.619751e-01 3.672523e-01 2.821226e-01 2.503706e-01 7.052445e-04
<GCONST> 6.260258e+01
<MIXTURE> 15 4.138736e-02
<MEAN> 39
 -4.064562e+00 2.143898e+00 -4.863619e+00 -4.484026e+00 -7.016272e+00 -9.758254e+00 -1.408660e+01 -1.353966e+01 -1.153862e+01 -6.260671e+00 -1.001350e+01 -1.089326e+01 3.270421e-01 -1.480999e+00 2.804537e+00 1.475456e+00 2.265838e+00 5.501131e-01 8.620696e-01 -2.716836e-01 -1.773563e+00 -8.427487e-01 -1.598385e+00 -4.878565e-01 -1.234517e+00 -9.201503e-02 -3.731477e-01 -1.096882e+00 -4.261267e-02 -8.774241e-01 -1.105465e-01 -1.478559e-01 6.405135e-01 1.185966e+00 4.684203e-01 3.995435e-01 2.732038e-01 9.708177e-01 2.913051e-02
<VARIANCE> 39
 3.427452e+00 1.121838e+01 9.479696e+00 1.687071e+01 1.620084e+01 2.373499e+01 1.892446e+01 2.189444e+01 2.602863e+01 3.086744e+01 2.802763e+01 2.109469e+01 1.620425e-02 1.040979e+00 2.356196e+00 2.652445e+00 4.624052e+00 2.844499e+00 3.359070e+00 3.492777e+00 3.517262e+00 3.471606e+00 4.146644e+00 2.975491e+00 3.521067e+00 1.869464e-03 1.886869e-01 4.283213e-01 4.690000e-01 5.454720e-01 7.074563e-01 7.709309e-01 8.810294e-01 8.453510e-01 7.754735e-01 8.512741e-01 7.299817e-01 5.161272e-01 3.196505e-04
<GCONST> 9.401260e+01
<MIXTURE> 16 4.490440e-02
<MEAN> 39
 -1.147541e+01 4.677029e+00 9.076918e-01 3.256176e+00 9.214646e-01 1.203541e-02 -4.003753e+00 -4.654952e+00 -5.414312e+00 -3.894424e+00 -4.131036e+00 -4.064298e+00 -7.496120e-03 1.099324e+00 8.881142e-01 2.317988e-01 5.116286e-01 4.487535e-01 1.491876e-01 -2.711631e-01 -7.955057e-01 -8.397557e-01 -3.825550e-01 -1.913058e-01 -3.457368e-01 7.739056e-03 -7.879441e-02 -7.810284e-01 -4.629191e-01 -8.829923e-01 -5.632610e-01 -3.213537e-01 -1.197954e-01 1.417171e-01 1.868956e-01 2.463100e-01 2.987802e-01 2.374222e-01 3.199834e-02
<VARIANCE> 39
 1.056281e+01 6.627007e+00 6.560103e+00 9.645114e+00 1.017069e+01 1.258454e+01 1.537758e+01 1.463567e+01 1.432108e+01 1.327213e+01 1.115039e+01 1.125999e+01 1.218403e-02 4.560762e+00 2.658575e+00 2.657973e+00 3.317958e+00 2.065213e+00 2.914034e+00 3.186729e+00 3.588285e+00 3.032188e+00 2.153288e+00 2.111483e+00 2.004490e+00 5.578404e-03 4.170065e-01 3.331162e-01 3.266180e-01 4.914561e-01 4.002291e-01 4.056600e-01 4.197971e-01 5.070033e-01 4.331301e-01 3.361928e-01 3.175175e-01 2.876393e-01 7.125855e-04
<GCONST> 8.431274e+01
<STATE> 3
<NUMMIXES> 16
<MIXTURE> 1 6.565984e-02
<MEAN> 39
 -1.535201e+01 2.312501e+00 -8.770370e-01 2.630398e+00 1.161561e+00 1.114244e+00 -2.748508e+00 -3.112182e+00 -4.303723e+00 -3.576047e+00 -4.186389e+00 -3.783404e+00 -8.501986e-02 -1.206971e+00 -2.758353e+00 -1.530896e+00 -1.920865e+00 -8.487628e-01 -5.802583e-01 1.084146e+00 2.076195e+00 2.245865e+00 1.726372e+00 1.328280e+00 1.229503e+00 5.417985e-02 1.324928e+00 -6.408557e-01 -4.461316e-01 -1.343613e+00 -1.050209e+00 -1.045386e+00 -6.641513e-01 -2.632567e-01 -1.443090e-01 2.180199e-01 1.651365e-01 1.135216e-01 7.564151e-02
<VARIANCE> 39
 4.396393e+00 6.475198e+00 6.268111e+00 7.401334e+00 8.806669e+00 9.801541e+00 1.052696e+01 1.134528e+01 1.051923e+01 1.160232e+01 9.576593e+00 1.185867e+01 6.465757e-03 1.740009e+00 1.454843e+00 1.597381e+00 2.624215e+00 2.483732e+00 3.211096e+00 3.079052e+00 2.519907e+00 2.300754e+00 2.304076e+00 2.225039e+00 1.865804e+00 5.932404e-03 3.377441e-01 3.333029e-01 5.854563e-01 6.016799e-01 4.225168e-01 6.474014e-01 4.697974e-01 4.970738e-01 5.408834e-01 4.492541e-01 3.764368e-01 3.569085e-01 3.851614e-04
<GCONST> 7.978848e+01
<MIXTURE> 2 6.147224e-02
<MEAN> 39
 -1.651657e+01 -5.581532e+00 -5.291048e+00 -3.610806e+00 -2.060034e+00 -2.269619e+00 -1.762377e+00 -8.358452e-01 -8.672222e-01 3.557808e-01 -6.667776e-01 -7.371795e-01 1.630383e-01 6.579508e-01 -2.570902e+00 -1.539499e+00 -2.307135e+00 -1.160977e+00 -1.320626e+00 -7.999853e-03 1.261723e+00 1.565556e+00 1.215039e+00 9.454901e-01 6.381730e-01 1.246610e-01 1.779984e+00 3.101883e-01 -1.407907e-01 -6.551991e-01 -6.341780e-01 -6.024790e-01 -1.006387e+00 -6.926758e-01 -8.016764e-01 -4.439636e-01 -3.718769e-01 -3.599594e-01 4.650883e-02
<VARIANCE> 39
 8.586789e+00 1.401366e+01 1.275579e+01 1.459394e+01 1.521240e+01 1.865556e+01 1.401256e+01 1.462975e+01 1.540291e+01 1.576181e+01 1.269104e+01 1.414063e+01 2.811974e-02 2.658522e+00 2.480202e+00 2.696451e+00 2.524939e+00 2.657935e+00 2.220817e+00 3.190160e+00 3.062627e+00 2.755458e+00 2.874983e+00 2.887197e+00 1.818982e+00 3.017814e-03 4.241646e-01 5.336257e-01 8.985163e-01 7.642729e-01 5.653370e-01 9.269900e-01 7.122584e-01 6.403463e-01 9.028068e-01 6.627003e-01 7.642646e-01 6.754488e-01 4.912338e-04
<GCONST> 9.347388e+01
<MIXTURE> 3 5.276700e-02
<MEAN> 39
 -1.021928e+01 6.656301e+00 2.394236e+00 4.280807e+00 1.759847e+00 1.085670e+00 -2.858919e+00 -4.908825e+00 -7.124799e+00 -6.121307e+00 -5.121145e+00 -3.122279e+00 2.885231e-02 -1.116820e+00 -2.752281e+00 -1.538605e+00 -1.905832e+00 -8.298345e-01 -5.324479e-01 1.191861e-01 9.256790e-01 1.857471e+00 1.347534e+00 7.641882e-01 3.150839e-01 6.002579e-02 9.536883e-01 -1.128605e+00 -1.165829e+00 -1.623807e+00 -1.096280e+00 -4.308089e-01 -3.428324e-01 -1.979579e-01 2.725172e-01 6.677585e-01 7.169536e-01 1.803672e-01 6.283387e-02
<VARIANCE> 39
 3.588928e+00 2.185663e+00 3.619399e+00 6.012405e+00 6.565090e+00 6.409142e+00 7.608453e+00 9.525492e+00 1.209878e+01 9.257977e+00 8.666579e+00 8.456365e+00 1.192390e-02 2.075727e+00 1.833693e+00 1.544723e+00 3.105811e+00 2.267451e+00 1.842192e+00 1.740197e+00 2.186494e+00 2.235961e+00 2.222160e+00 1.824384e+00 1.298408e+00 3.760300e-03 1.921605e-01 2.842163e-01 4.123680e-01 4.929689e-01 4.233647e-01 4.789707e-01 4.537734e-01 3.914255e-01 4.650604e-01 4.379570e-01 3.345878e-01 3.626710e-01 2.078804e-04
<GCONST> 7.197334e+01
<MIXTURE> 4 8.569651e-02
<MEAN> 39
 -1.047941e+01 -1.181705e+00 -1.771145e+00 -1.625546e+00 -4.864757e-01 -1.701352e+00 -3.776132e+00 -5.104344e+00 -5.244163e+00 -4.460456e+00 -4.458389e+00 -3.393553e+00 2.741793e-01 3.359739e-01 -3.413877e+00 -2.371254e+00 -3.541338e+00 -1.867477e+00 -8.183762e-01 -6.269642e-01 6.715995e-01 2.202976e+00 1.720248e+00 1.484038e+00 8.094234e-01 1.370054e-01 1.247076e+00 -2.554780e-01 -6.214057e-01 -1.164096e+00 -8.894436e-01 1.333909e-01 -5.276049e-01 -1.745987e-01 6.677116e-02 2.400698e-01 4.576428e-01 3.170654e-03 3.634880e-02
<VARIANCE> 39
 1.086539e+01 1.625698e+01 1.214437e+01 1.409354e+01 1.051212e+01 1.407895e+01 1.109872e+01 1.209583e+01 1.380456e+01 1.405780e+01 1.149456e+01 8.451355e+00 1.483674e-02 1.985210e+00 1.453725e+00 2.161209e+00 3.858352e+00 2.839604e+00 2.625303e+00 3.671727e+00 3.428210e+00 2.864479e+00 2.434214e+00 2.237668e+00 2.177800e+00 2.074098e-03 3.225492e-01 6.452700e-01 6.455591e-01 8.968378e-01 6.156043e-01 9.644805e-01 9.291447e-01 7.102357e-01 6.795446e-01 6.960699e-01 6.020414e-01 4.178108e-01 2.220957e-04
<GCONST> 8.900010e+01
<MIXTURE> 5 5.542221e-02
<MEAN> 39
 -2.821169e+00 1.658703e+00 -4.862915e+00 -4.537137e+00 -3.273054e+00 -9.983376e-01 -6.424870e+00 -9.678774e+00 -1.111484e+01 -6.039804e+00 -2.006806e+00 -3.588404e+00 3.298365e-01 6.792837e-02 -1.750373e+00 -1.046827e+00 -2.748799e+00 -9.210116e-01 -3.481959e-01 -5.403120e-01 1.098241e+00 2.327444e+00 1.301306e+00 6.992584e-01 5.456232e-01 7.989214e-02 2.779760e-01 -1.124107e+00 -4.727569e-01 -1.169419e+00 -5.736994e-01 -3.106350e-01 -4.089790e-01 5.444197e-01 8.024951e-01 7.336301e-01 2.329108e-01 -2.208524e-02 4.331047e-02
<VARIANCE> 39
 5.058407e+00 1.405629e+01 1.191436e+01 4.089445e+01 2.269946e+01 2.459202e+01 2.345746e+01 1.772662e+01 2.189413e+01 2.468641e+01 3.172666e+01 2.425112e+01 1.390241e-02 1.495896e+00 2.331421e+00 1.704259e+00 4.229911e+00 2.229559e+00 3.065270e+00 3.120297e+00 3.553990e+00 4.505294e+00 3.212197e+00 3.506522e+00 2.148732e+00 2.425220e-03 2.412059e-01 4.061344e-01 4.495996e-01 7.890963e-01 5.488444e-01 7.482361e-01 8.506119e-01 6.912488e-01 6.841198e-01 6.804048e-01 7.622200e-01 5.325482e-01 2.513321e-04
<GCONST> 9.463431e+01
<MIXTURE> 6 6.712246e-02
<MEAN> 39
 -1.450649e+01 -8.005703e+00 -8.103622e+00 -6.609562e+00 -3.432534e+00 -4.204093e+00 -3.678860e+00 -1.804813e+00 2.445240e-01 1.176972e+00 3.975894e-01 -5.161481e-02 3.540800e-01 3.179857e+00 -1.429709e+00 -2.354019e+00 -3.973648e+00 -1.582174e+00 -6.165695e-01 -1.101260e+00 -8.200705e-01 1.429414e-01 8.036383e-01 6.536865e-01 3.155673e-01 1.804900e-01 1.400711e+00 8.867271e-01 1.147148e-02 -5.873408e-01 -2.557014e-01 5.211621e-01 -4.564943e-01 -5.445822e-01 -7.901661e-01 -4.027713e-01 -3.165510e-01 -2.456363e-01 8.029883e-03
<VARIANCE> 39
 7.394688e+00 1.138553e+01 1.051785e+01 1.378391e+01 1.359511e+01 1.393569e+01 1.742459e+01 1.464593e+01 1.695530e+01 1.460933e+01 1.386172e+01 1.237855e+01 1.514631e-02 2.472932e+00 2.536691e+00 2.522942e+00 4.252014e+00 2.435010e+00 2.504282e+00 2.995413e+00 2.896348e+00 2.717054e+00 2.717413e+00 2.613745e+00 2.067201e+00 2.613790e-03 2.973801e-01 5.994995e-01 5.063671e-01 8.352392e-01 7.007743e-01 6.980902e-01 1.000482e+00 9.101902e-01 8.845518e-01 7.078874e-01 6.331759e-01 6.061677e-01 3.354858e-04
<GCONST> 9.143806e+01
<MIXTURE> 7 4.192953e-02
<MEAN> 39
 -1.881189e+01 -8.340595e-01 -3.643908e+00 9.599608e-01 -9.108906e-03 2.135637e+00 4.357930e-01 1.443499e+00 1.177797e+00 1.500326e+00 -1.717577e-01 -4.551514e-01 -1.287056e-01 5.331575e-01 -1.359956e+00 -5.947416e-01 -1.476039e+00 -9.167199e-01 -1.015302e+00 -1.329772e-01 1.367921e-01 2.756297e-01 4.317432e-01 5.507115e-01 6.408523e-01 9.261195e-02 1.298170e+00 -2.986266e-01 -8.613971e-02 -1.233858e+00 -8.798009e-01 -9.326409e-01 -8.247526e-01 -8.356424e-01 -7.464204e-01 -4.691723e-01 -2.584220e-01 -2.354583e-01 7.484552e-02
<VARIANCE> 39
 2.553762e+00 4.184045e+00 4.506684e+00 6.386078e+00 5.468562e+00 8.359661e+00 8.000256e+00 9.211917e+00 7.897359e+00 7.409894e+00 7.016648e+00 9.236252e+00 1.381384e-03 2.465567e+00 1.831818e+00 1.825743e+00 2.738132e+00 1.947163e+00 2.048476e+00 2.857366e+00 2.827315e+00 2.700598e+00 2.860552e+00 2.241612e+00 1.820646e+00 5.175294e-03 3.393625e-01 4.036645e-01 5.254975e-01 5.147930e-01 4.415255e-01 6.774274e-01 4.754655e-01 5.049022e-01 4.900353e-01 3.289452e-01 4.460730e-01 3.523695e-01 4.770436e-04
<GCONST> 7.470848e+01
<MIXTURE> 8 5.376236e-02
<MEAN> 39
 -1.307373e+01 -4.510603e+00 -9.063544e-01 -8.697313e-01 -2.223345e+00 -7.291312e+00 -5.474597e+00 -1.139277e+00 -1.079653e-01 -2.640775e+00 -4.027963e+00 -2.410353e+00 3.297165e-01 6.433157e-01 -3.341169e+00 1.831858e+00 -1.105084e+00 -3.539767e+00 -3.202399e+00 -1.263134e+00 1.796447e+00 -7.086730e-02 -9.245127e-01 5.389547e-01 9.033714e-01 1.451937e-01 8.843425e-01 -3.111284e-02 8.648549e-01 -3.626833e-01 -1.227743e+00 1.123011e-01 -4.875917e-01 -1.460607e-01 -1.260071e+00 -1.644770e-01 6.135244e-01 -6.870835e-02 1.827380e-02
<VARIANCE> 39
 1.267342e+01 1.639013e+01 1.137138e+01 1.172105e+01 1.125744e+01 1.595399e+01 1.931271e+01 1.674746e+01 1.597769e+01 1.258069e+01 1.114850e+01 1.133118e+01 2.402883e-02 3.182540e+00 2.019618e+00 2.701590e+00 2.840456e+00 3.237032e+00 2.035435e+00 3.929929e+00 2.714428e+00 4.106208e+00 2.710317e+00 1.936811e+00 1.927337e+00 2.125895e-03 2.864687e-01 5.971011e-01 3.956499e-01 5.350573e-01 4.990298e-01 6.282384e-01 5.967069e-01 5.706784e-01 7.925896e-01 5.702755e-01 3.957131e-01 3.488296e-01 3.390427e-04
<GCONST> 8.869419e+01
<MIXTURE> 9 6.195523e-02
<MEAN> 39
 -4.547170e+00 6.525368e+00 -1.498036e+00 -1.614984e+00 -1.357646e+00 1.609810e+00 -2.510491e+00 -7.672124e+00 -1.138622e+01 -7.539013e+00 -2.394463e+00 -5.149675e-01 1.820613e-01 -8.602010e-01 -2.297054e+00 -8.858015e-01 -1.584434e+00 -7.853483e-01 -1.082277e+00 -8.116352e-01 3.006497e-01 1.934724e+00 1.604831e+00 5.513554e-01 4.285758e-02 7.501251e-02 4.891806e-01 -1.323643e+00 -8.365636e-01 -1.149357e+00 -7.956805e-01 -3.765218e-01 -7.542831e-01 8.198150e-02 8.359745e-01 8.076755e-01 6.506042e-01 -1.581743e-01 5.174609e-02
<VARIANCE> 39
 5.196328e+00 5.510185e+00 7.643071e+00 9.509215e+00 7.715497e+00 9.036518e+00 9.952354e+00 9.791596e+00 7.904616e+00 1.191925e+01 1.181642e+01 8.668013e+00 9.853394e-03 2.224159e+00 1.637326e+00 1.667450e+00 3.608381e+00 2.728944e+00 1.928842e+00 2.217636e+00 2.333428e+00 2.300023e+00 2.076911e+00 2.050812e+00 1.400265e+00 2.672104e-03 2.076644e-01 3.316743e-01 3.523740e-01 5.521573e-01 4.419718e-01 6.620175e-01 6.538847e-01 4.558219e-01 4.165655e-01 4.576597e-01 3.947712e-01 3.249229e-01 2.444079e-04
<GCONST> 7.700235e+01
<MIXTURE> 10 6.977484e-02
<MEAN> 39
 -5.987918e+00 1.497326e+00 -8.935404e-01 1.872478e-01 -2.668392e+00 -6.701483e+00 -1.139640e+01 -9.059901e+00 -7.219135e+00 -4.394401e+00 -5.650778e+00 -7.912314e+00 2.807741e-01 -1.229805e+00 -2.400757e+00 8.936235e-01 -1.547116e+00 -1.812022e+00 -1.226731e+00 1.008034e+00 1.974670e+00 6.472014e-01 1.736469e-01 6.820430e-01 1.488722e+00 7.144296e-02 6.755774e-02 -1.050829e+00 3.299200e-01 -1.198243e+00 -1.275105e+00 -4.531538e-01 2.091016e-01 6.401114e-01 -2.904747e-01 2.551327e-01 2.250340e-01 5.605736e-01 4.094394e-02
<VARIANCE> 39
 1.220248e+01 1.657174e+01 1.643083e+01 2.067965e+01 2.141879e+01 2.507888e+01 2.109273e+01 2.308200e+01 2.455871e+01 2.684878e+01 3.226445e+01 2.232785e+01 1.753990e-02 1.891791e+00 2.405959e+00 3.321760e+00 3.871907e+00 3.046337e+00 4.098860e+00 5.297457e+00 3.366207e+00 4.565854e+00 3.165776e+00 3.264092e+00 2.235643e+00 2.666002e-03 4.147549e-01 5.346918e-01 8.575132e-01 5.734479e-01 8.032006e-01 6.592638e-01 7.452254e-01 9.154111e-01 7.623369e-01 8.832365e-01 5.488622e-01 5.066176e-01 3.336863e-04
<GCONST> 9.960873e+01
<MIXTURE> 11 8.008298e-02
<MEAN> 39
 -1.540896e+01 -4.356214e+00 -5.157619e+00 -4.648027e+00 -3.042112e+00 -2.485782e+00 -1.907192e+00 -6.381625e-01 -7.385567e-01 -1.178544e-01 -1.089608e+00 -4.645639e-01 1.563380e-01 3.525179e+00 -1.416408e+00 -6.661142e-01 -2.763637e+00 -1.791579e+00 -1.863583e+00 -1.564407e+00 -6.153469e-01 -1.628387e-01 -1.926963e-01 -4.315478e-01 -5.916485e-01 2.093574e-01 9.774820e-01 -4.634848e-01 -1.932250e-01 -6.528352e-01 -4.530852e-01 -1.481379e-01 -5.982461e-01 -6.493607e-02 -1.926691e-01 1.236328e-01 -8.655047e-02 -2.357997e-01 3.130194e-02
<VARIANCE> 39
 8.874990e+00 1.283284e+01 1.054725e+01 1.674743e+01 1.609776e+01 1.802524e+01 1.667562e+01 1.366629e+01 1.711441e+01 1.511819e+01 1.175792e+01 1.078235e+01 1.949236e-02 1.693468e+00 1.967671e+00 2.350735e+00 3.643829e+00 2.206469e+00 4.193264e+00 2.809905e+00 2.055865e+00 2.638971e+00 2.709983e+00 2.473781e+00 2.039528e+00 2.217998e-03 2.445573e-01 4.188359e-01 7.056223e-01 7.073815e-01 5.918789e-01 8.629054e-01 7.566333e-01 5.691888e-01 6.682696e-01 5.665876e-01 6.433585e-01 4.677804e-01 4.261280e-04
<GCONST> 8.953062e+01
<MIXTURE> 12 6.271583e-02
<MEAN> 39
 -9.810022e+00 -2.925017e+00 -4.682749e+00 -6.400916e+00 -5.165004e+00 -6.146576e+00 -5.267216e+00 -4.178635e+00 -4.514614e+00 -2.997285e+00 -3.431435e+00 -3.098482e+00 4.417529e-01 8.907576e-01 -3.881588e+00 -2.327205e+00 -4.075108e+00 -1.906220e+00 -1.050799e+00 2.427655e-01 2.558150e+00 2.441646e+00 2.064600e+00 9.840106e-01 9.820919e-01 1.485220e-01 9.131524e-01 -4.385436e-01 -2.620213e-01 -4.804824e-01 -2.426151e-01 -1.451827e-01 -4.326002e-01 -1.072124e-01 -2.662348e-01 2.685134e-01 -2.008884e-01 -2.244911e-01 2.138311e-02
<VARIANCE> 39
 1.416923e+01 1.420884e+01 1.658385e+01 1.868313e+01 1.977579e+01 1.842453e+01 2.670047e+01 3.127682e+01 2.381336e+01 2.790267e+01 2.125576e+01 2.132430e+01 1.774278e-02 2.469210e+00 2.306520e+00 4.619191e+00 4.336998e+00 4.461032e+00 4.333735e+00 6.317154e+00 5.058740e+00 4.685987e+00 4.125441e+00 3.983608e+00 3.236732e+00 3.128287e-03 3.898119e-01 5.852891e-01 6.147257e-01 8.130574e-01 7.159795e-01 9.835261e-01 1.093445e+00 1.053337e+00 7.992226e-01 9.800457e-01 7.949541e-01 6.248602e-01 2.177955e-04
<GCONST> 1.030854e+02
<MIXTURE> 13 8.215987e-02
<MEAN> 39
 -1.916246e+01 -1.869125e+00 -4.887908e+00 -5.741481e-01 -1.384169e+00 4.003793e-01 -8.993912e-01 1.260534e-01 -6.348619e-01 4.485829e-01 1.229436e-01 1.265702e-01 -1.500748e-01 1.526335e+00 -1.089389e+00 -1.090593e-01 -1.699873e+00 -1.272763e+00 -1.774262e+00 -6.334125e-01 -1.309336e-01 6.374431e-02 -4.359885e-01 -3.057909e-01 -8.337830e-03 1.442268e-01 1.233592e+00 -4.387172e-01 -3.729349e-02 -1.046359e+00 -7.301413e-01 -5.412686e-01 -5.649811e-01 -3.589704e-01 -3.139632e-01 -3.027022e-02 -1.889395e-01 -2.897624e-01 6.865558e-02
<VARIANCE> 39
 1.192805e+00 2.592895e+00 3.330618e+00 5.150949e+00 5.295465e+00 6.876740e+00 8.086611e+00 8.593536e+00 8.496210e+00 9.237228e+00 7.871287e+00 7.709869e+00 1.097022e-04 1.402812e+00 1.196936e+00 2.120328e+00 2.173544e+00 2.043608e+00 2.684247e+00 2.228575e+00 2.102255e+00 2.585318e+00 2.266722e+00 1.554608e+00 1.473637e+00 2.924489e-03 1.753173e-01 2.575634e-01 5.773798e-01 4.411103e-01 4.071530e-01 5.897884e-01 4.133867e-01 4.092889e-01 5.147052e-01 4.379154e-01 4.440554e-01 2.733382e-01 2.216303e-04
<GCONST> 6.520901e+01
<MIXTURE> 14 6.929574e-02
<MEAN> 39
 -6.804501e+00 5.838933e+00 1.313495e+00 3.524746e+00 1.950550e+00 -8.863484e-01 -7.778062e+00 -9.645118e+00 -7.370991e+00 -1.943951e+00 -1.621558e+00 -4.497862e+00 1.390122e-01 -1.039353e+00 -2.797308e+00 -7.710826e-01 -2.034814e+00 -1.662280e+00 -1.590228e+00 4.712567e-01 1.995119e+00 1.886275e+00 3.062703e-01 -1.913653e-01 7.183804e-01 8.878376e-02 5.010557e-01 -1.589570e+00 -3.513647e-01 -1.272809e+00 -1.405723e+00 -6.954568e-01 -3.245762e-01 8.189226e-01 5.215064e-01 1.836453e-01 1.569027e-01 9.550686e-02 5.671624e-02
<VARIANCE> 39
 6.772746e+00 5.376677e+00 7.193119e+00 9.138206e+00 6.988606e+00 1.031020e+01 8.431347e+00 1.060339e+01 1.372057e+01 1.109371e+01 1.035327e+01 9.962083e+00 1.094532e-02 1.936033e+00 1.608193e+00 1.949008e+00 2.144390e+00 2.117460e+00 2.292122e+00 2.462418e+00 2.254169e+00 2.337241e+00 2.003805e+00 1.873911e+00 1.912537e+00 2.347446e-03 2.374320e-01 4.000946e-01 6.526358e-01 5.533953e-01 4.786748e-01 5.240563e-01 6.363551e-01 4.754985e-01 7.210104e-01 5.571517e-01 3.142885e-01 3.514775e-01 2.750769e-04
<GCONST> 7.873628e+01
<MIXTURE> 15 4.647594e-02
<MEAN> 39
 -5.055231e+00 6.815660e+00 -8.685969e-01 -4.203012e+00 -6.015519e+00 -1.990199e+00 -2.085919e+00 -3.744643e+00 -7.550698e+00 -8.548084e+00 -8.494506e+00 -5.346440e+00 1.998708e-01 -1.245136e+00 -2.539037e+00 -1.062246e+00 -9.469143e-01 2.332214e-01 -5.879060e-01 -6.521550e-01 6.061267e-02 1.357978e+00 1.260656e+00 1.339125e+00 8.723593e-01 5.454956e-02 6.923572e-01 -1.167936e+00 -1.071624e+00 -1.526213e+00 -4.716478e-01 1.238432e-01 -6.461809e-01 -2.702875e-01 1.156951e-01 6.375325e-01 1.023798e+00 6.830605e-01 5.426278e-02
<VARIANCE> 39
 1.125728e+01 1.048316e+01 1.188384e+01 1.813075e+01 1.825996e+01 2.060876e+01 1.619943e+01 1.707336e+01 1.776953e+01 1.348248e+01 1.242619e+01 1.420033e+01 1.426512e-02 1.461424e+00 1.890449e+00 1.765203e+00 3.153516e+00 1.902392e+00 2.127855e+00 1.640359e+00 2.579027e+00 2.203946e+00 2.042231e+00 2.010464e+00 2.176440e+00 1.902719e-03 3.418992e-01 5.234019e-01 5.519826e-01 1.004363e+00 6.742026e-01 7.288244e-01 7.665089e-01 6.802761e-01 5.788010e-01 6.874027e-01 5.505318e-01 3.351205e-01 3.480336e-04
<GCONST> 8.781793e+01
<MIXTURE> 16 4.369665e-02
<MEAN> 39
 -1.434413e+01 -6.430167e+00 -2.088124e+00 -4.761559e+00 -8.289104e+00 -9.108810e+00 -9.514489e-01 2.368751e+00 -2.603935e+00 -4.438612e+00 -1.198264e+00 5.687077e-01 3.819263e-01 2.032434e+00 -1.886641e+00 2.595741e+00 -2.759425e+00 -4.181042e+00 -3.222297e+00 -8.444740e-01 -4.812072e-01 -1.951886e+00 1.902393e-01 2.046645e-01 4.921997e-01 1.790617e-01 6.346233e-01 4.362831e-01 8.435768e-01 -5.926632e-01 -4.303785e-01 1.578802e-01 -9.575655e-01 -1.200764e+00 -8.427234e-01 4.992672e-01 -5.122943e-01 -4.675135e-01 2.542487e-03
<VARIANCE> 39
 1.074022e+01 1.242477e+01 1.608526e+01 2.157475e+01 1.889534e+01 3.063389e+01 1.891099e+01 2.134394e+01 2.231291e+01 1.672229e+01 2.012791e+01 1.854584e+01 2.557950e-02 2.202329e+00 2.577475e+00 2.577235e+00 4.715111e+00 2.553146e+00 3.896346e+00 3.840227e+00 5.103899e+00 3.632404e+00 4.923962e+00 2.971881e+00 2.137833e+00 2.671328e-03 2.837624e-01 4.603361e-01 5.797943e-01 9.087110e-01 5.227818e-01 1.167035e+00 6.047627e-01 9.779575e-01 7.801240e-01 6.546993e-01 1.069976e+00 5.506833e-01 5.337846e-04
<GCONST> 9.884277e+01
<STATE> 4
<NUMMIXES> 16
<MIXTURE> 1 5.355913e-02
<MEAN> 39
 -2.122491e+00 -2.913506e+00 -9.604527e+00 -1.740495e+01 -1.163033e+01 3.532388e-01 -4.188434e+00 -6.720934e+00 -4.806666e+00 -7.873367e-01 2.865123e+00 1.024377e+00 6.929749e-01 2.591461e+00 -2.338655e+00 -2.128109e+00 -5.557537e+00 -3.497206e+00 2.052948e+00 -3.119595e-01 -2.866919e-01 1.167170e+00 1.145896e+00 2.364797e+00 -3.328880e-03 1.462965e-01 -4.492775e-04 3.634420e-01 4.777967e-01 7.073839e-01 5.049133e-01 4.665451e-01 1.314290e-01 3.604636e-02 -2.621132e-01 -4.244622e-01 -3.843816e-01 -6.643677e-01 -2.651230e-02
<VARIANCE> 39
 7.575923e+00 1.153745e+01 1.141139e+01 1.921522e+01 1.776125e+01 1.965789e+01 2.053432e+01 2.831454e+01 1.597569e+01 2.420577e+01 1.705924e+01 1.088792e+01 7.953696e-03 1.906419e+00 5.744108e+00 3.433385e+00 4.001258e+00 3.277138e+00 5.144236e+00 5.272605e+00 5.225175e+00 5.039219e+00 4.661857e+00 2.841634e+00 2.830740e+00 1.626047e-03 2.673037e-01 3.363170e-01 1.810879e-01 3.365700e-01 4.589200e-01 4.261163e-01 3.153244e-01 4.667406e-01 4.497100e-01 3.798930e-01 3.102700e-01 2.717275e-01 1.977521e-04
<GCONST> 8.855774e+01
<MIXTURE> 2 7.243863e-02
<MEAN> 39
 -8.440801e+00 -4.188529e+00 -7.705918e+00 -9.871791e+00 -6.096860e+00 -4.625102e+00 -4.677308e+00 -4.035120e+00 -2.248278e+00 -5.942057e-01 -5.633056e-01 2.483775e-01 5.409642e-01 2.856727e+00 -2.048097e+00 -2.092146e+00 -6.010471e+00 -3.465835e+00 1.281494e+00 -6.200706e-01 -5.702420e-01 8.158619e-01 1.422205e+00 1.793869e+00 4.579435e-01 1.713962e-01 7.399910e-01 4.951234e-01 3.664891e-01 -4.068624e-01 -3.309118e-01 1.053627e+00 4.262908e-02 -3.546295e-01 -4.794867e-01 -2.472641e-01 -6.690404e-03 -4.882962e-01 -7.990154e-03
<VARIANCE> 39
 8.087164e+00 9.263330e+00 8.896558e+00 1.542522e+01 1.322667e+01 1.137874e+01 1.384565e+01 1.115497e+01 1.465213e+01 1.651436e+01 1.059519e+01 8.742703e+00 1.351246e-02 2.237856e+00 5.499418e+00 3.058571e+00 4.026850e+00 3.359355e+00 3.431805e+00 4.124120e+00 3.930700e+00 5.357740e+00 3.852503e+00 3.454320e+00 3.061472e+00 2.794203e-03 2.444388e-01 6.108099e-01 3.607030e-01 6.252574e-01 5.975800e-01 5.585389e-01 5.319285e-01 5.199393e-01 6.526146e-01 5.276297e-01 4.669779e-01 3.942579e-01 2.275845e-04
<GCONST> 8.951955e+01
<MIXTURE> 3 7.321908e-02
<MEAN> 39
 1.028197e+00 -7.968983e+00 -1.096263e+01 -2.040040e+01 -1.506236e+01 5.709572e+00 -3.941768e+00 -8.839255e+00 -1.648982e+00 4.914232e-01 6.765149e+00 -2.540530e+00 8.028481e-01 2.409003e+00 -2.277693e+00 -1.500003e+00 -3.653943e+00 -2.313573e+00 2.732247e+00 -3.076648e-02 -8.067713e-01 1.065166e+00 2.205721e-01 1.680411e+00 -1.473640e+00 1.117146e-01 -9.111166e-01 4.884128e-01 6.133975e-01 1.459537e+00 1.219230e+00 -2.444268e-01 1.268662e-01 4.082576e-01 -1.450307e-01 -3.860010e-01 -8.961149e-01 -3.076496e-01 -4.884549e-02
<VARIANCE> 39
 6.032682e+00 2.202846e+01 2.033936e+01 2.865893e+01 2.334507e+01 3.066215e+01 5.439076e+01 3.902310e+01 3.786408e+01 3.188875e+01 3.168289e+01 2.852786e+01 6.721596e-03 1.825097e+00 3.535555e+00 2.554968e+00 4.404423e+00 3.497857e+00 5.162151e+00 6.128133e+00 4.588122e+00 4.570861e+00 4.748886e+00 3.321515e+00 3.404197e+00 2.155598e-03 2.699246e-01 2.445785e-01 2.286358e-01 2.771694e-01 3.035980e-01 4.191590e-01 4.479888e-01 5.141957e-01 5.050555e-01 3.607469e-01 4.092675e-01 3.679769e-01 1.870243e-04
<GCONST> 9.476104e+01
<MIXTURE> 4 5.298060e-02
<MEAN> 39
 -4.593489e+00 -9.903027e+00 2.275594e+00 -4.111062e+00 -1.307999e+01 -1.331028e+01 -1.296575e+01 9.865459e-01 -2.273113e+00 -4.156616e+00 -1.000979e-02 3.701273e-02 7.010529e-01 2.019985e+00 -3.078997e+00 2.018453e+00 -1.595172e+00 -4.367028e+00 -1.872116e+00 -2.619290e+00 1.935319e+00 -8.586846e-01 -4.510196e-01 1.481482e+00 6.921809e-01 1.295276e-01 -3.290082e-01 8.124333e-01 5.972398e-02 2.487845e-01 6.075253e-01 9.974223e-01 5.409633e-01 -2.758451e-01 -5.604706e-01 1.261943e-01 3.427161e-03 -4.063824e-01 -3.909893e-02
<VARIANCE> 39
 7.437632e+00 1.507695e+01 2.102634e+01 1.558200e+01 2.174006e+01 1.808437e+01 1.993015e+01 1.526092e+01 2.192345e+01 1.937762e+01 1.117071e+01 8.869609e+00 8.493022e-03 2.240213e+00 3.064836e+00 3.203516e+00 3.396189e+00 3.280237e+00 4.186198e+00 4.127471e+00 4.641502e+00 5.416308e+00 4.148335e+00 3.004106e+00 1.805984e+00 1.791116e-03 2.530800e-01 2.871706e-01 2.102560e-01 2.409609e-01 3.730834e-01 3.058104e-01 4.572666e-01 3.486277e-01 3.605397e-01 2.854758e-01 2.337763e-01 2.398124e-01 2.155369e-04
<GCONST> 8.491514e+01
<MIXTURE> 5 6.007242e-02
<MEAN> 39
 -4.408682e+00 -4.739084e+00 -1.152303e+01 -7.741621e+00 -3.335574e+00 -4.911882e+00 -9.218126e+00 -7.628038e+00 -3.306165e+00 -8.911229e-01 1.835378e+00 8.295414e-01 5.887178e-01 3.881764e+00 -1.997277e+00 -4.179632e+00 -1.566703e+00 -7.699136e-01 -1.384466e+00 -4.069531e+00 -8.589880e-02 1.786323e+00 3.882613e-01 1.612346e+00 9.921492e-01 1.418129e-01 3.986778e-01 2.011601e-01 2.889115e-02 5.432465e-01 -7.174958e-03 5.763271e-02 -3.448103e-01 6.417789e-01 1.565035e-01 -6.188273e-01 -4.359737e-01 -2.318064e-01 -1.442192e-02
<VARIANCE> 39
 1.483232e+01 7.419578e+00 1.496618e+01 1.220603e+01 1.000539e+01 1.170499e+01 1.835747e+01 1.306033e+01 1.502876e+01 1.486708e+01 1.145349e+01 1.555376e+01 1.240372e-02 3.285495e+00 3.800921e+00 2.727997e+00 3.018264e+00 3.396201e+00 3.443362e+00 5.659656e+00 5.345239e+00 6.383198e+00 4.681131e+00 3.540808e+00 3.101173e+00 1.515605e-03 3.751863e-01 3.216600e-01 3.887914e-01 3.212891e-01 4.397227e-01 3.953391e-01 6.983697e-01 5.268339e-01 5.397125e-01 4.734002e-01 3.943463e-01 3.992977e-01 2.861015e-04
<GCONST> 8.951718e+01
<MIXTURE> 6 7.260736e-02
<MEAN> 39
 -1.718944e+00 -1.144440e+01 -7.199156e+00 -1.270728e+01 -9.348808e+00 -8.184082e+00 -1.182394e+01 -2.893097e+00 1.928198e+00 4.155681e+00 1.473912e+00 -6.166778e+00 7.689697e-01 1.572815e+00 -3.716427e+00 -9.289843e-01 -2.933939e+00 -2.283840e+00 -1.007178e+00 -1.086303e+00 2.209643e+00 2.039207e+00 1.316393e+00 -1.404401e-01 -1.180414e+00 1.250501e-01 -3.829289e-01 8.124818e-01 4.224954e-01 9.016116e-01 5.660506e-01 6.306950e-01 6.832923e-01 -6.267360e-02 -8.105366e-01 -8.405678e-01 -6.139092e-01 5.585156e-04 -3.803858e-02
<VARIANCE> 39
 8.234456e+00 1.735915e+01 2.636831e+01 2.667505e+01 2.050791e+01 4.046418e+01 3.989407e+01 4.559996e+01 4.124913e+01 2.580319e+01 3.988670e+01 1.958691e+01 9.262734e-03 2.282323e+00 2.283235e+00 3.002129e+00 4.611208e+00 3.672688e+00 4.036299e+00 7.261033e+00 5.406381e+00 4.810373e+00 4.559844e+00 4.579528e+00 2.859341e+00 1.848608e-03 2.276080e-01 1.943759e-01 2.556220e-01 3.168904e-01 3.189938e-01 4.156289e-01 3.533913e-01 5.530939e-01 4.911352e-01 3.649765e-01 3.992308e-01 3.862950e-01 2.207426e-04
<GCONST> 9.509293e+01
<MIXTURE> 7 7.777088e-02
<MEAN> 39
 -1.295750e+01 -5.642038e+00 -5.207516e+00 -6.737392e+00 -3.069202e+00 -3.795288e+00 -5.041095e+00 -3.732206e+00 -9.241773e-01 2.488824e-01 -2.338511e+00 -2.124503e+00 4.103057e-01 1.888463e+00 -9.050772e-01 -1.527968e+00 -2.380581e+00 -7.427807e-01 -1.529223e+00 -1.600417e+00 1.659557e-01 2.270492e-01 2.679651e-01 3.315478e-01 2.988794e-01 1.179816e-01 8.501655e-01 6.213656e-01 -1.982953e-01 1.037455e-01 -7.503096e-03 -2.216816e-01 -4.787222e-01 -7.463811e-02 -6.615407e-01 -4.342026e-01 1.548632e-02 2.879232e-03 -2.113525e-03
<VARIANCE> 39
 1.378108e+01 1.898157e+01 2.095685e+01 2.853610e+01 1.877848e+01 2.205115e+01 3.300763e+01 2.887735e+01 2.197136e+01 2.202220e+01 1.810165e+01 1.547541e+01 2.064334e-02 1.002950e+01 4.208864e+00 4.672133e+00 4.851132e+00 3.214308e+00 4.696683e+00 8.069467e+00 6.259969e+00 5.385202e+00 4.470270e+00 2.954284e+00 2.859172e+00 3.370710e-03 4.537360e-01 5.354985e-01 6.687527e-01 6.677446e-01 7.147997e-01 6.225425e-01 1.082051e+00 1.114317e+00 9.607734e-01 6.854169e-01 5.495253e-01 5.281717e-01 3.891615e-04
<GCONST> 1.052328e+02
<MIXTURE> 8 6.403674e-02
<MEAN> 39
 -7.923615e+00 -7.838452e+00 6.037784e+00 -1.053992e+01 -1.684968e+01 -1.522078e+01 -5.873864e+00 -3.254052e+00 -1.217654e+01 -6.472969e-01 -2.037295e+00 -1.890061e+00 6.764849e-01 8.736187e-01 -1.773481e+00 2.935826e+00 -4.315097e+00 -3.708440e+00 -1.543940e+00 -3.100234e-01 -1.177951e+00 -2.616476e+00 2.273399e+00 -7.107204e-01 4.476354e-01 1.156237e-01 -1.869039e-01 9.106985e-01 -3.077949e-01 2.207012e-01 9.116653e-01 9.824384e-01 -2.904942e-01 -6.715320e-01 3.335935e-01 1.945882e-02 -6.699596e-01 -3.348622e-01 -3.445044e-02
<VARIANCE> 39
 8.794964e+00 2.285858e+01 3.440459e+01 2.549610e+01 2.127460e+01 3.005217e+01 2.216595e+01 3.836375e+01 2.898933e+01 2.483004e+01 2.016791e+01 1.756305e+01 1.121326e-02 2.793469e+00 3.850563e+00 3.533841e+00 2.982967e+00 3.456377e+00 6.827834e+00 6.041220e+00 8.533191e+00 5.457881e+00 4.327518e+00 3.872047e+00 3.173786e+00 2.581022e-03 2.633182e-01 3.744420e-01 3.245342e-01 4.872076e-01 3.817087e-01 6.137814e-01 4.779836e-01 5.831465e-01 5.417268e-01 5.582380e-01 3.471639e-01 3.950638e-01 3.230567e-04
<GCONST> 9.835738e+01
<MIXTURE> 9 5.583976e-02
<MEAN> 39
 6.485646e-01 -1.480333e+01 -8.444850e+00 -2.221033e+01 -1.186784e+01 6.206039e+00 -1.134372e+01 -1.329986e+00 -3.199495e+00 7.764374e+00 2.716639e+00 -7.571358e+00 8.502690e-01 9.048778e-01 -2.799417e+00 -2.462026e-01 -1.892601e+00 -4.893558e-01 1.762410e+00 -8.734818e-01 1.568869e+00 5.712386e-01 1.102868e+00 -1.039913e+00 -1.697996e+00 6.154780e-02 -8.452726e-01 1.081295e+00 4.280021e-01 1.757337e+00 9.721643e-01 -6.896737e-01 6.943862e-01 -1.583025e-01 -1.094719e-01 -1.029355e+00 -7.755151e-01 3.015682e-01 -4.619798e-02
<VARIANCE> 39
 5.895382e+00 1.663339e+01 2.140074e+01 4.294715e+01 2.467833e+01 4.550145e+01 4.219223e+01 3.193093e+01 3.576713e+01 2.811900e+01 4.027050e+01 2.615977e+01 7.841678e-03 9.319098e-01 1.647880e+00 1.182811e+00 3.161186e+00 2.762715e+00 3.008324e+00 2.588295e+00 2.187201e+00 2.030813e+00 2.453614e+00 2.847842e+00 2.356350e+00 8.429383e-04 2.491685e-01 2.429744e-01 2.590359e-01 3.956874e-01 2.267335e-01 5.969222e-01 4.519301e-01 5.136786e-01 5.226875e-01 4.143413e-01 4.710695e-01 3.879477e-01 1.299138e-04
<GCONST> 8.764996e+01
<MIXTURE> 10 5.559811e-02
<MEAN> 39
 -3.234501e+00 -5.961637e-01 -6.934706e+00 -1.402524e+01 -7.137023e+00 -6.860183e-01 -5.922439e+00 -6.598550e+00 -6.990366e+00 -4.211593e+00 -6.989827e-01 -4.583213e-01 5.088878e-01 9.630935e-01 -1.877641e+00 -1.290370e+00 -5.003496e+00 -1.621540e+00 5.056853e-01 -9.060708e-01 6.400810e-01 1.251135e+00 1.320629e+00 1.562950e+00 9.292108e-01 1.143931e-01 2.524174e-01 -1.702908e-01 1.013017e-02 -3.568436e-01 -8.027500e-02 1.776788e-01 -1.395758e-01 -7.424736e-03 -8.960502e-02 2.755221e-01 -5.875813e-02 -2.924923e-01 8.545307e-03
<VARIANCE> 39
 9.017689e+00 1.183648e+01 1.505658e+01 4.714470e+01 1.649349e+01 2.399564e+01 2.153175e+01 1.617928e+01 1.724679e+01 1.894515e+01 3.125899e+01 1.679026e+01 1.508115e-02 9.269027e-01 3.289322e+00 2.437635e+00 5.041811e+00 3.360405e+00 3.392626e+00 3.513403e+00 4.153410e+00 3.524683e+00 3.290251e+00 2.907420e+00 2.375326e+00 1.673740e-03 1.887312e-01 3.250692e-01 2.366378e-01 6.700906e-01 4.470529e-01 5.300257e-01 5.508698e-01 5.751854e-01 5.197407e-01 3.742274e-01 6.035147e-01 3.615534e-01 2.022342e-04
<GCONST> 9.044521e+01
<MIXTURE> 11 6.468262e-02
<MEAN> 39
 -6.995860e+00 -5.545508e+00 -3.890199e+00 -5.379638e+00 -6.766991e+00 -1.033889e+01 -9.734571e+00 -3.793100e+00 2.076813e-01 5.172746e-01 -1.572469e+00 -2.560138e+00 6.040600e-01 1.443551e+00 -4.583178e+00 -2.132322e-01 -2.966747e+00 -3.770872e+00 -2.641415e+00 -2.126302e+00 2.793600e+00 2.037807e+00 1.171738e+00 5.238984e-01 4.947798e-01 1.625915e-01 4.117134e-01 4.501144e-02 3.553699e-01 5.644333e-02 -1.708060e-01 4.702358e-01 -6.168073e-02 2.490807e-01 -5.825626e-01 -3.033678e-01 -4.564012e-02 -2.116244e-01 -9.292154e-03
<VARIANCE> 39
 1.141885e+01 1.068172e+01 1.320939e+01 1.464159e+01 1.513459e+01 1.673784e+01 2.256874e+01 1.745288e+01 1.665973e+01 1.474743e+01 1.380134e+01 1.284945e+01 1.195513e-02 1.806419e+00 2.263581e+00 3.142224e+00 4.332704e+00 3.282705e+00 3.570692e+00 6.522730e+00 4.460510e+00 4.255655e+00 4.191204e+00 2.765165e+00 2.652981e+00 1.492247e-03 2.500487e-01 3.370583e-01 2.594990e-01 4.242608e-01 4.083152e-01 4.393931e-01 7.131795e-01 5.051595e-01 5.687019e-01 4.535147e-01 4.646875e-01 4.065976e-01 2.100121e-04
<GCONST> 8.882123e+01
<MIXTURE> 12 7.669096e-02
<MEAN> 39
 -1.121040e+01 -5.050331e+00 -5.476987e+00 -7.554002e+00 -6.215040e+00 -7.428979e+00 -4.464834e+00 -6.739791e-01 1.979181e-01 -1.296483e+00 -2.379563e+00 -9.407815e-01 5.067216e-01 4.432118e+00 -2.433163e+00 -7.706149e-01 -3.597347e+00 -2.591659e+00 -2.622574e+00 -1.934145e+00 -2.050930e-01 -5.152448e-01 3.058035e-01 -1.183166e+00 -8.684216e-01 2.276029e-01 5.339073e-02 -3.210384e-01 -2.087616e-02 -4.127971e-02 3.999469e-02 4.224038e-01 7.867445e-02 7.834467e-02 -3.093842e-01 2.539459e-01 -2.035119e-01 -1.225787e-01 -2.126712e-02
<VARIANCE> 39
 8.903979e+00 1.227093e+01 1.766166e+01 1.317433e+01 1.918912e+01 2.235324e+01 2.205672e+01 1.628459e+01 1.941418e+01 1.910055e+01 1.302551e+01 1.370475e+01 1.810595e-02 8.619924e-01 2.223031e+00 5.357837e+00 4.214550e+00 4.269397e+00 6.715145e+00 5.520504e+00 4.027119e+00 4.474455e+00 3.354661e+00 4.969129e+00 2.735396e+00 1.947025e-03 2.253714e-01 3.149419e-01 4.600224e-01 5.422645e-01 6.493251e-01 5.950740e-01 7.765016e-01 6.502813e-01 6.841349e-01 6.110843e-01 5.595535e-01 4.511153e-01 3.876025e-04
<GCONST> 9.438389e+01
<MIXTURE> 13 5.234588e-02
<MEAN> 39
 -4.177243e+00 -7.674463e+00 -1.203557e+01 -1.372029e+01 -7.983702e+00 -8.055312e+00 -5.693436e+00 -2.103891e+00 -7.049913e-01 1.376825e+00 -4.316472e+00 -4.667593e+00 7.493908e-01 2.214287e+00 -4.256798e+00 -3.073678e+00 -4.584128e+00 -1.077240e+00 -8.911890e-01 7.273429e-01 2.099220e+00 1.354741e+00 1.703362e+00 -1.273440e+00 -2.134166e-01 1.705201e-01 -1.649948e-01 2.804333e-01 5.796378e-01 7.672424e-01 6.082938e-01 4.030119e-01 -7.607782e-02 -4.881685e-01 -7.954919e-01 -4.799920e-01 -4.451234e-01 -9.405356e-02 -3.112193e-02
<VARIANCE> 39
 6.866859e+00 9.543648e+00 1.742368e+01 2.487826e+01 1.623866e+01 4.160407e+01 2.180953e+01 2.152822e+01 1.890204e+01 2.375515e+01 2.941009e+01 1.683908e+01 5.200992e-03 2.308622e+00 2.984472e+00 3.556655e+00 5.262938e+00 4.034697e+00 8.209509e+00 6.226728e+00 5.153384e+00 5.006898e+00 6.530221e+00 3.689192e+00 4.694757e+00 2.085804e-03 2.710551e-01 3.387759e-01 2.775774e-01 3.387108e-01 3.795186e-01 4.810658e-01 5.266149e-01 6.141220e-01 4.004306e-01 4.483578e-01 4.534878e-01 4.438294e-01 3.171667e-04
<GCONST> 9.468881e+01
<MIXTURE> 14 5.088171e-02
<MEAN> 39
 -4.667630e+00 -3.143029e+00 -1.034034e+01 -1.412180e+01 -6.489846e+00 -2.099811e+00 -4.323337e+00 -4.444474e+00 -3.175822e+00 5.919750e-01 1.657591e-01 -2.022297e+00 6.516141e-01 4.622651e+00 -1.187779e+00 -1.906376e+00 -5.611224e+00 -2.051495e+00 1.203836e+00 -1.199740e+00 -1.357945e+00 -8.843501e-01 6.653325e-01 3.188355e-01 -9.139797e-01 1.824534e-01 -5.183799e-01 -1.435299e-01 2.739247e-01 4.862274e-01 3.505844e-01 4.480714e-01 6.866710e-02 1.145331e-01 4.632939e-02 -7.491652e-02 -2.414917e-01 -2.070211e-01 -3.661413e-02
<VARIANCE> 39
 9.865175e+00 9.369983e+00 1.309237e+01 1.781989e+01 1.245589e+01 1.663377e+01 1.693454e+01 1.504786e+01 1.946932e+01 2.244316e+01 1.562190e+01 1.348860e+01 9.244715e-03 1.109153e+00 6.124849e+00 3.967573e+00 5.306806e+00 5.266142e+00 3.253368e+00 5.850364e+00 5.074448e+00 5.930243e+00 6.375381e+00 5.778708e+00 4.759016e+00 4.572791e-03 2.310349e-01 3.883630e-01 2.876223e-01 3.707125e-01 3.366745e-01 3.923872e-01 5.056418e-01 4.386011e-01 5.211407e-01 3.894753e-01 3.043764e-01 3.692444e-01 1.552730e-04
<GCONST> 9.130035e+01
<MIXTURE> 15 5.609312e-02
<MEAN> 39
 -9.427799e+00 -6.761084e+00 4.082983e+00 2.320407e-01 -9.016029e+00 -1.246802e+01 -8.018129e+00 -1.671894e+00 -5.089513e+00 -5.957412e+00 -1.421302e+00 -7.215446e-01 5.110058e-01 1.174109e+00 -2.138622e+00 3.934672e+00 -1.407762e+00 -4.924557e+00 -1.273705e+00 -1.429620e+00 5.668231e-01 -2.471053e+00 -1.225174e+00 1.287880e+00 2.668310e-01 1.165973e-01 1.335497e-01 6.761714e-01 2.709377e-01 -4.107597e-01 -1.890731e-01 1.095180e+00 3.544799e-02 -3.917116e-01 -6.605078e-01 2.609902e-01 1.965917e-01 -3.857085e-01 -1.661220e-02
<VARIANCE> 39
 1.223006e+01 9.332178e+00 1.755263e+01 1.055987e+01 2.101395e+01 1.588725e+01 2.199916e+01 2.007260e+01 2.648534e+01 1.718288e+01 1.537149e+01 1.330006e+01 1.244910e-02 3.445997e+00 3.957967e+00 2.878800e+00 3.751503e+00 3.348545e+00 4.125987e+00 3.532616e+00 5.782576e+00 5.029422e+00 3.337033e+00 2.577008e+00 2.902416e+00 2.043925e-03 3.527736e-01 3.408232e-01 3.208493e-01 4.009606e-01 4.947833e-01 5.547706e-01 5.449427e-01 4.578307e-01 6.691872e-01 4.031479e-01 4.829505e-01 3.997432e-01 2.647097e-04
<GCONST> 9.182549e+01
<MIXTURE> 16 6.117637e-02
<MEAN> 39
 -6.820067e-01 -1.094297e+01 -1.486611e+01 -2.317366e+01 -4.657660e+00 -2.195782e+00 -3.550808e+00 -5.328707e+00 -3.955034e+00 5.740666e+00 -4.379543e+00 -6.479408e+00 8.486821e-01 1.647510e+00 -2.411528e+00 -1.782564e+00 -3.284426e+00 1.076835e+00 7.241341e-01 5.263574e-01 -1.201594e-01 -2.365893e-01 1.057086e+00 -1.635039e+00 -1.000557e+00 9.419575e-02 -1.008925e+00 5.838990e-01 8.997546e-01 1.831925e+00 5.390821e-01 1.262708e-01 -1.155243e-02 6.607844e-02 -4.524738e-02 -8.058846e-01 -9.713747e-02 3.413038e-01 -5.462339e-02
<VARIANCE> 39
 5.555599e+00 2.087438e+01 2.616748e+01 3.052509e+01 1.658864e+01 3.354565e+01 4.195107e+01 2.845409e+01 4.650412e+01 4.366710e+01 6.246416e+01 2.905173e+01 4.281407e-03 2.203221e+00 2.845025e+00 2.310857e+00 5.119932e+00 2.135270e+00 2.645397e+00 3.203637e+00 3.923161e+00 3.965713e+00 4.443412e+00 3.408203e+00 3.031622e+00 2.529415e-03 2.457722e-01 2.867983e-01 2.854014e-01 2.673192e-01 2.890266e-01 4.422033e-01 4.592363e-01 4.459939e-01 6.962968e-01 5.317516e-01 6.868903e-01 4.857610e-01 1.910219e-04
<GCONST> 9.445716e+01
<TRANSP> 5
 0.000000e+00 1.000000e+00 0.000000e+00 0.000000e+00 0.000000e+00
 0.000000e+00 7.151942e-01 2.848057e-01 0.000000e+00 0.000000e+00
 0.000000e+00 0.000000e+00 5.648987e-01 4.351012e-01 0.000000e+00
 0.000000e+00 0.000000e+00 0.000000e+00 4.511019e-01 5.488981e-01
 0.000000e+00 0.000000e+00 0.000000e+00 0.000000e+00 0.000000e+00
<ENDHMM>
