~o
<STREAMINFO> 1 39
<VECSIZE> 39<NULLD><MFCC_E_D_A><DIAGC>
~h "ch"
<BEGINHMM>
<NUMSTATES> 5
<STATE> 2
<NUMMIXES> 16
<MIXTURE> 1 5.671419e-02
<MEAN> 39
 -2.338527e+01 1.770660e+00 3.524442e+00 -8.036464e+00 3.801658e-01 -4.714279e+00 -5.775774e+00 -5.576128e-01 -5.534861e+00 -3.289694e+00 -2.801804e+00 -1.892186e+00 3.203475e-01 -4.493429e+00 -1.063834e-01 -1.101976e+00 -7.508720e-02 2.836660e+00 2.829961e+00 1.055147e+00 1.196650e+00 1.297508e+00 1.110861e+00 1.097256e+00 1.998875e-01 -4.351693e-02 7.892140e-01 -1.251746e+00 -3.743490e-01 -6.312779e-01 -1.240384e+00 -9.714587e-02 -8.150408e-02 4.277514e-02 2.052213e-01 2.326677e-01 5.559187e-03 1.181586e-01 4.739023e-02
<VARIANCE> 39
 2.538636e+01 1.431391e+01 2.566049e+01 1.576760e+01 2.141438e+01 2.078144e+01 2.396819e+01 2.631228e+01 1.874496e+01 1.892560e+01 1.608990e+01 1.140554e+01 2.669106e-02 4.007359e+00 2.796721e+00 4.482381e+00 3.717879e+00 3.883641e+00 2.737275e+00 2.634352e+00 3.738541e+00 3.682292e+00 2.169394e+00 2.239594e+00 2.330628e+00 7.308258e-03 5.149243e-01 3.835093e-01 6.217950e-01 4.569132e-01 4.004722e-01 5.441478e-01 6.495260e-01 7.002842e-01 5.287417e-01 5.036447e-01 4.748322e-01 3.274128e-01 5.197370e-04
<GCONST> 9.633476e+01
<MIXTURE> 2 5.345379e-02
<MEAN> 39
 -2.565050e+01 -3.266019e+00 -5.248182e+00 -1.054312e+01 1.572103e+00 -4.498416e+00 -4.787319e-01 -1.079898e-01 -1.636217e+00 2.352672e+00 -5.000476e-01 4.555956e-02 3.600606e-01 -3.285097e+00 -7.249249e-02 -5.155219e-01 -1.544285e+00 1.125649e+00 6.633931e-01 8.706867e-01 1.513015e+00 9.336697e-01 1.160412e+00 1.207612e+00 7.332687e-01 9.699595e-02 7.034242e-01 3.563892e-01 7.477130e-01 -1.127116e-01 -1.095961e+00 -2.649870e-01 -5.270735e-01 -3.729455e-01 -6.133794e-01 -6.454549e-01 -4.873889e-01 -2.048055e-01 3.003831e-02
<VARIANCE> 39
 1.550456e+01 3.318619e+01 1.633743e+01 2.081132e+01 1.756046e+01 1.091356e+01 1.598442e+01 2.091964e+01 1.182160e+01 1.210858e+01 1.347025e+01 8.033156e+00 3.333633e-02 2.733627e+00 2.728473e+00 3.378603e+00 3.108536e+00 2.954212e+00 2.389393e+00 2.277862e+00 2.319271e+00 2.578652e+00 2.129992e+00 1.783045e+00 1.822473e+00 3.748560e-03 5.274074e-01 6.766562e-01 5.523397e-01 5.998706e-01 4.730017e-01 3.650269e-01 4.724973e-01 5.976076e-01 4.504827e-01 4.104923e-01 4.206236e-01 3.461929e-01 9.146987e-04
<GCONST> 9.057194e+01
<MIXTURE> 3 7.488739e-02
<MEAN> 39
 -2.120335e+01 -1.177518e+01 -2.382394e+00 -1.430402e+01 -4.700967e+00 1.904562e+00 -7.772493e+00 6.402659e-01 1.818805e-01 -3.187064e+00 9.039357e-01 3.408673e-02 3.829512e-01 -3.378162e+00 -8.292130e-01 4.771349e-01 -2.510814e+00 -7.788740e-01 7.414413e-01 1.857902e-01 6.678975e-01 1.527446e+00 4.107443e-01 1.163247e+00 9.261408e-01 1.376462e-01 7.250766e-02 1.216480e+00 6.987194e-01 1.041481e+00 -4.154944e-01 -7.097954e-01 4.538881e-01 -3.573400e-01 -4.619847e-01 6.239853e-02 -4.240030e-01 -2.305085e-01 1.333319e-02
<VARIANCE> 39
 8.607379e+00 1.320025e+01 1.182078e+01 1.106851e+01 1.310171e+01 1.304769e+01 1.199087e+01 1.615122e+01 1.297290e+01 9.289766e+00 9.062362e+00 8.479487e+00 2.060927e-02 3.165625e+00 2.631661e+00 3.031125e+00 3.206544e+00 2.214316e+00 2.002090e+00 2.436116e+00 3.296400e+00 2.872568e+00 1.667037e+00 2.062437e+00 1.244999e+00 2.592125e-03 4.146801e-01 3.979952e-01 4.303398e-01 4.557385e-01 4.439546e-01 5.233757e-01 5.346088e-01 6.508790e-01 5.255465e-01 4.154322e-01 3.197406e-01 3.485183e-01 6.758845e-04
<GCONST> 8.450227e+01
<MIXTURE> 4 5.111046e-02
<MEAN> 39
 -1.350301e+01 1.687278e+00 4.881835e+00 -9.969541e+00 -9.988330e+00 -9.445950e+00 -6.228719e+00 -4.806199e+00 -8.602761e+00 -5.092049e+00 -3.501614e+00 -2.465948e+00 4.470943e-01 -3.283532e+00 1.916713e+00 -1.379324e+00 2.828017e+00 4.209658e+00 2.515666e+00 1.032811e+00 3.221613e-01 1.654459e+00 4.643120e-01 6.495725e-01 -9.627904e-02 -1.558006e-01 -3.130222e-01 -1.324623e+00 -6.913682e-01 -3.444037e-01 2.211434e-01 4.774867e-01 1.186612e-01 6.365049e-01 3.955740e-01 6.387063e-01 3.545808e-02 1.963730e-01 1.037508e-02
<VARIANCE> 39
 1.419521e+01 1.643538e+01 3.847722e+01 2.923550e+01 2.414238e+01 3.053604e+01 2.285157e+01 3.242368e+01 2.146564e+01 1.957115e+01 2.222584e+01 1.606643e+01 2.335520e-02 2.887017e+00 4.083230e+00 5.128517e+00 5.365945e+00 2.974140e+00 4.360248e+00 3.312559e+00 4.995030e+00 3.215000e+00 3.543092e+00 3.908245e+00 2.288256e+00 2.716064e-03 3.311128e-01 3.456760e-01 5.323637e-01 7.324309e-01 6.461626e-01 6.640007e-01 4.801999e-01 5.950144e-01 3.989497e-01 4.547808e-01 4.650719e-01 3.119334e-01 7.240287e-04
<GCONST> 9.931680e+01
<MIXTURE> 5 4.559074e-02
<MEAN> 39
 -1.806397e+01 -4.798709e-01 -2.329068e+00 -3.938335e-01 -1.283698e+00 -6.910039e-01 -3.831982e+00 -1.947096e+00 -2.649156e+00 -1.494384e+00 -2.197906e+00 -1.688869e+00 -8.554710e-02 -2.878003e+00 -1.678382e+00 -9.346369e-01 -1.014151e+00 1.300693e+00 2.484802e+00 1.289362e+00 1.109990e+00 1.352636e+00 1.623430e+00 1.492114e+00 5.897097e-01 -3.483175e-02 3.432408e-01 -9.893923e-01 2.055538e-01 -1.575180e+00 -8.976719e-01 -6.230924e-01 -4.816218e-01 6.571016e-02 9.922699e-03 -1.654343e-01 2.742272e-02 7.670748e-02 9.128753e-02
<VARIANCE> 39
 6.152596e+00 7.551287e+00 9.770341e+00 1.285679e+01 1.154957e+01 1.337766e+01 1.262823e+01 1.185915e+01 1.025912e+01 1.241264e+01 1.203372e+01 1.013597e+01 5.310982e-03 2.066968e+00 4.634585e+00 2.465832e+00 5.809751e+00 3.676323e+00 3.183786e+00 2.928066e+00 4.134780e+00 4.222553e+00 3.113836e+00 2.119188e+00 1.963626e+00 8.196793e-03 4.140212e-01 5.313890e-01 7.387016e-01 9.316984e-01 5.800454e-01 7.013530e-01 5.175088e-01 5.225198e-01 5.979921e-01 4.453509e-01 4.875619e-01 3.035962e-01 4.901987e-04
<GCONST> 8.893547e+01
<MIXTURE> 6 7.429565e-02
<MEAN> 39
 -1.502781e+01 2.583644e+00 1.862013e+00 8.826683e-01 -1.937307e+00 -2.260886e+00 -5.915688e+00 -5.281973e+00 -6.758760e+00 -5.444715e+00 -5.411657e+00 -4.724496e+00 5.929019e-03 -2.977736e+00 -1.586966e+00 -2.200431e+00 -6.185169e-01 2.246079e+00 2.674999e+00 1.119090e+00 6.621214e-01 1.657725e+00 1.371919e+00 5.830663e-01 6.353608e-01 -6.708931e-02 -1.172595e-01 -1.439390e+00 5.006113e-02 -1.622712e+00 -1.042096e+00 -4.420801e-01 -2.327337e-01 5.619987e-01 3.518051e-01 3.311661e-01 5.833654e-01 4.491291e-01 7.563329e-02
<VARIANCE> 39
 1.292975e+01 1.279084e+01 1.892134e+01 1.606038e+01 1.662103e+01 1.418881e+01 1.514081e+01 1.853696e+01 1.214740e+01 1.555732e+01 1.236231e+01 1.328794e+01 1.417082e-02 2.184380e+00 4.206987e+00 3.576070e+00 6.554641e+00 4.330726e+00 3.717954e+00 2.818387e+00 3.566055e+00 3.511518e+00 2.961815e+00 2.513230e+00 2.405714e+00 5.455601e-03 4.358705e-01 6.514505e-01 6.212127e-01 7.443155e-01 6.053999e-01 5.422327e-01 5.752795e-01 6.825923e-01 5.028148e-01 5.161196e-01 3.829618e-01 3.871284e-01 6.602356e-04
<GCONST> 9.441848e+01
<MIXTURE> 7 7.019854e-02
<MEAN> 39
 -2.649352e+01 -4.382260e+00 1.471981e+00 -8.809030e+00 -1.000729e+00 1.628400e+00 -3.726140e+00 1.410751e+00 -1.348779e+00 -9.509866e-01 7.293593e-01 -5.309076e-01 2.820778e-01 1.085577e-03 -9.088061e-01 1.453697e-01 -6.553759e-01 -5.499370e-01 4.178244e-01 -1.176239e-01 -1.417947e-01 3.010916e-01 -3.091126e-01 1.474565e-01 -7.215196e-02 2.523690e-02 -2.693149e-01 1.879177e-01 -5.524874e-02 -1.216675e-01 -2.768062e-01 -3.076026e-01 6.507470e-02 -5.284726e-02 1.075663e-02 -3.603376e-02 -6.323303e-02 -1.915330e-02 3.540629e-02
<VARIANCE> 39
 2.547202e+01 2.619293e+01 2.456732e+01 1.767534e+01 2.060634e+01 1.609340e+01 2.013211e+01 1.726125e+01 1.208212e+01 1.253086e+01 9.964994e+00 6.532004e+00 3.723653e-02 2.245535e+00 1.870787e+00 2.765905e+00 2.793143e+00 1.535132e+00 1.311138e+00 1.566778e+00 1.581149e+00 1.154100e+00 1.200485e+00 7.193654e-01 8.383072e-01 9.380710e-03 4.110905e-01 3.421468e-01 5.077876e-01 2.942939e-01 2.652840e-01 2.738194e-01 2.833404e-01 2.941490e-01 2.400858e-01 2.686263e-01 1.566984e-01 1.828183e-01 7.143521e-04
<GCONST> 7.954426e+01
<MIXTURE> 8 4.815849e-02
<MEAN> 39
 -2.186570e+01 -1.108261e+01 2.889064e+00 -1.164278e+00 -7.957505e+00 1.262617e+00 -2.538969e+00 -2.847418e+00 -6.443084e-01 -1.893104e+00 -2.232336e+00 -3.886387e-02 2.523148e-01 -3.859210e+00 -8.913366e-01 2.259017e-01 -2.019772e+00 1.225075e-01 3.050737e+00 1.988777e+00 -2.835584e-01 3.602235e-01 1.036771e+00 8.485880e-01 4.576888e-02 3.504211e-03 8.303708e-01 1.499822e-01 -4.839712e-01 -7.813455e-01 -3.942063e-02 -1.103305e+00 -8.978198e-01 4.539126e-01 1.992682e-01 -1.765853e-01 1.973171e-02 7.247771e-04 5.500093e-02
<VARIANCE> 39
 2.264121e+01 2.761155e+01 1.967772e+01 4.439863e+01 1.776907e+01 2.550928e+01 2.749739e+01 1.824867e+01 1.621856e+01 2.287236e+01 1.551717e+01 1.003637e+01 3.182964e-02 4.846254e+00 4.415051e+00 3.586029e+00 4.172761e+00 4.689322e+00 4.363261e+00 3.103700e+00 2.759666e+00 2.114637e+00 3.557584e+00 1.721112e+00 1.765949e+00 6.570909e-03 6.093010e-01 7.416521e-01 6.139375e-01 7.160980e-01 5.746977e-01 7.174785e-01 7.344641e-01 5.609384e-01 6.360591e-01 6.970424e-01 5.066878e-01 4.229127e-01 8.161032e-04
<GCONST> 1.009255e+02
<MIXTURE> 9 8.643806e-02
<MEAN> 39
 -1.900428e+01 -1.489668e+01 -1.940120e+00 -9.504200e+00 -9.638896e+00 3.251235e+00 -4.028041e+00 -4.702923e+00 1.735403e+00 -9.127394e-01 -1.621224e+00 8.709697e-01 3.651612e-01 -2.401381e+00 -1.370639e+00 7.946991e-01 -2.312250e+00 -1.525546e+00 4.343097e-01 3.456906e-01 -4.381379e-01 6.406633e-01 -7.374313e-02 2.727675e-01 2.421994e-01 1.496818e-01 -4.235350e-01 1.302088e+00 5.661350e-01 6.738003e-01 2.548633e-01 -7.992716e-01 8.237609e-02 4.588415e-01 -3.371994e-01 -1.948413e-01 2.442119e-02 -2.106952e-01 9.210494e-03
<VARIANCE> 39
 1.179814e+01 1.814269e+01 1.309184e+01 2.253556e+01 1.709508e+01 1.728044e+01 2.083367e+01 1.464746e+01 1.050990e+01 1.420428e+01 1.007602e+01 8.656225e+00 1.714645e-02 2.664427e+00 3.073342e+00 3.022620e+00 3.076214e+00 2.444057e+00 2.485888e+00 2.341790e+00 1.987953e+00 1.811915e+00 2.581122e+00 1.512735e+00 1.414240e+00 2.068697e-03 4.541385e-01 4.947631e-01 4.286129e-01 5.593947e-01 5.127534e-01 5.467726e-01 6.939654e-01 4.407990e-01 4.169782e-01 5.411250e-01 3.287231e-01 2.550092e-01 8.714049e-04
<GCONST> 8.695468e+01
<MIXTURE> 10 7.217547e-02
<MEAN> 39
 -1.954693e+01 -2.212932e+00 -5.000026e+00 -1.064580e+00 -1.432447e+00 6.643023e-01 -1.222179e+00 -3.690358e-01 -1.249300e-01 1.165273e+00 -2.813742e-01 -1.455023e-01 -1.359298e-01 4.390119e-02 -2.075675e+00 3.016264e-01 -1.765231e+00 -8.535966e-01 2.220431e-01 -6.975499e-01 -3.160314e-01 2.337748e-01 -3.633551e-01 4.430809e-02 1.529371e-01 6.680921e-02 -4.682623e-01 -2.307446e-01 4.927634e-01 -9.013330e-01 -3.103603e-01 -1.755377e-01 -2.953190e-01 -6.224101e-02 -1.779535e-01 -3.912892e-01 -6.581765e-02 -7.284755e-02 6.218379e-02
<VARIANCE> 39
 1.919354e+00 5.371372e+00 6.342753e+00 8.153071e+00 8.472569e+00 9.828595e+00 8.903770e+00 1.047867e+01 9.568390e+00 1.158397e+01 1.068417e+01 9.387514e+00 9.918613e-04 1.527460e+00 3.058867e+00 2.163517e+00 4.692618e+00 1.873650e+00 1.581416e+00 2.326262e+00 2.498209e+00 1.645927e+00 2.057736e+00 1.152060e+00 1.128340e+00 7.119200e-03 4.380547e-01 3.760107e-01 4.344287e-01 5.005017e-01 3.422774e-01 3.850592e-01 3.344239e-01 4.121391e-01 3.161091e-01 3.772676e-01 3.022606e-01 2.671815e-01 8.500188e-04
<GCONST> 7.350626e+01
<MIXTURE> 11 5.279483e-02
<MEAN> 39
 -1.098425e+01 3.433157e+00 1.491328e+00 -5.542554e-01 -5.614777e+00 -7.234996e+00 -9.105443e+00 -7.789955e+00 -8.646291e+00 -6.665413e+00 -7.585001e+00 -5.026825e+00 1.504169e-01 -3.323325e+00 6.044353e-01 -7.449439e-01 1.146556e+00 2.695424e+00 2.617021e+00 1.170755e+00 4.666988e-01 5.802795e-01 9.034748e-02 5.192347e-01 2.430924e-01 -1.216192e-01 -5.543230e-01 -1.761279e+00 -4.347727e-01 -1.743033e+00 -1.924167e-01 2.232422e-01 2.236860e-01 9.862506e-01 8.162252e-01 8.262987e-01 7.267653e-01 4.438079e-01 5.742864e-02
<VARIANCE> 39
 1.745248e+01 1.196309e+01 1.899554e+01 2.136429e+01 2.271247e+01 1.743780e+01 2.339318e+01 2.871107e+01 3.598159e+01 2.301073e+01 1.979295e+01 1.897419e+01 1.862109e-02 2.500784e+00 5.499231e+00 6.044248e+00 7.625967e+00 5.056066e+00 5.251462e+00 4.761833e+00 6.561004e+00 6.347083e+00 3.806505e+00 4.064490e+00 4.039323e+00 4.549611e-03 4.833736e-01 5.839425e-01 5.047693e-01 4.656431e-01 5.888374e-01 5.599021e-01 8.294833e-01 8.075934e-01 7.722078e-01 6.505191e-01 7.532323e-01 4.577706e-01 6.101602e-04
<GCONST> 1.045646e+02
<MIXTURE> 12 7.936362e-02
<MEAN> 39
 -2.190308e+01 -7.432825e+00 1.039452e+00 -9.517788e+00 -1.582730e+00 2.477733e+00 -5.852754e+00 3.842284e-01 -1.809169e+00 -2.858949e+00 -8.816513e-01 -1.631720e+00 2.605279e-01 -3.494073e+00 -2.388991e+00 -1.115579e+00 -2.762392e+00 2.784367e-01 1.690323e+00 3.402826e-01 1.025425e+00 1.827123e+00 9.966496e-01 1.259067e+00 8.777157e-01 8.260343e-02 4.329100e-01 1.679766e-01 4.155513e-01 -4.367201e-02 -1.262562e+00 -1.015285e+00 4.787648e-02 -1.331046e-01 -2.175861e-01 -7.308048e-02 -2.787105e-02 3.599310e-02 5.320306e-02
<VARIANCE> 39
 2.253955e+01 2.453450e+01 1.946527e+01 1.951305e+01 2.067159e+01 1.548034e+01 1.077716e+01 1.836724e+01 1.719950e+01 1.238037e+01 1.186921e+01 1.163541e+01 2.660545e-02 3.175272e+00 2.249789e+00 3.511275e+00 3.184716e+00 3.664106e+00 2.981080e+00 2.659626e+00 3.018383e+00 2.645715e+00 2.042745e+00 2.151289e+00 1.702953e+00 2.909571e-03 5.807593e-01 4.943288e-01 6.518515e-01 5.603108e-01 5.681603e-01 4.992753e-01 3.922683e-01 5.704651e-01 6.075346e-01 3.815468e-01 3.652777e-01 3.850913e-01 4.391942e-04
<GCONST> 9.148519e+01
<MIXTURE> 13 7.464173e-02
<MEAN> 39
 -9.729579e+00 -4.300364e+00 1.454089e+00 -1.481065e+00 -9.330240e+00 -1.083885e+01 -8.644284e+00 -6.416136e-01 -8.727655e-01 -4.962058e+00 -3.899224e+00 5.474855e-01 4.079471e-01 -4.716070e+00 1.898312e+00 6.393814e-01 6.530679e-01 2.218751e+00 3.713243e+00 2.592530e+00 -1.203651e+00 -5.712913e-01 5.510224e-01 3.330801e-01 -7.189650e-02 -1.530416e-01 -4.512041e-01 -1.035227e+00 -7.232253e-01 -1.153218e+00 2.950107e-01 8.261569e-01 -1.886214e-01 3.691839e-01 1.767006e-01 5.084735e-01 4.717388e-01 -2.995739e-01 2.700342e-02
<VARIANCE> 39
 1.642231e+01 2.221686e+01 1.644884e+01 4.802265e+01 2.602598e+01 2.826096e+01 2.423815e+01 2.366782e+01 2.221685e+01 2.519293e+01 1.985526e+01 1.729308e+01 3.781302e-02 2.432148e+00 4.902000e+00 3.784407e+00 3.995372e+00 4.768895e+00 3.564920e+00 6.224459e+00 4.090762e+00 2.799731e+00 5.068524e+00 2.994557e+00 2.470315e+00 3.475391e-03 4.629691e-01 5.578471e-01 3.667048e-01 6.611154e-01 6.290271e-01 7.335056e-01 8.543684e-01 6.488559e-01 4.885637e-01 6.767718e-01 6.592505e-01 4.641533e-01 8.539672e-04
<GCONST> 1.028582e+02
<MIXTURE> 14 5.516498e-02
<MEAN> 39
 -2.132213e+01 -1.008827e+01 -5.354094e+00 -1.503016e+01 -1.017935e+00 -3.523840e+00 -5.475752e+00 1.388809e+00 -3.382972e+00 -1.303969e-01 -2.421113e-01 -4.471582e-01 3.531596e-01 -2.156485e+00 -1.271958e-01 2.633512e-01 -3.134021e+00 -4.838656e-02 -2.802134e-01 -5.559579e-01 4.251216e-01 -3.290048e-01 -1.507201e-01 3.021910e-01 -6.505473e-02 1.617382e-01 -3.978370e-01 1.216531e+00 7.222822e-01 9.597190e-01 -1.879635e-01 2.766806e-01 3.143699e-01 -2.505986e-01 9.397965e-02 -1.205440e-01 -1.731941e-01 -1.510073e-01 2.025500e-04
<VARIANCE> 39
 7.978800e+00 1.662663e+01 1.525384e+01 1.522820e+01 1.173587e+01 1.727755e+01 1.529488e+01 1.224602e+01 9.108373e+00 9.503691e+00 5.853988e+00 5.519092e+00 2.437072e-02 1.762213e+00 2.799454e+00 2.459000e+00 3.224214e+00 1.877042e+00 1.966810e+00 1.762251e+00 1.065549e+00 1.312590e+00 1.337843e+00 9.849161e-01 1.048552e+00 2.509436e-03 2.834428e-01 3.648781e-01 4.757010e-01 5.727872e-01 3.328310e-01 4.379478e-01 3.959866e-01 3.290101e-01 3.210180e-01 3.276827e-01 1.741940e-01 1.863254e-01 7.065236e-04
<GCONST> 7.652189e+01
<MIXTURE> 15 5.025066e-02
<MEAN> 39
 -1.896900e+01 -1.881419e+00 -4.364296e+00 -8.757550e-01 -1.661703e+00 1.468717e-01 -1.652041e+00 -5.783638e-02 -9.871902e-01 2.062459e-01 -2.707714e-01 -5.915313e-01 -1.502620e-01 -1.290366e+00 -2.204586e+00 -1.072536e+00 -1.851987e+00 1.430028e-01 1.463620e+00 5.938354e-01 8.683065e-01 1.284966e+00 9.634946e-01 7.581131e-01 6.021504e-01 1.934877e-02 4.089717e-01 -5.170683e-01 5.279098e-01 -1.235845e+00 -8.499078e-01 -8.149401e-01 -7.510184e-01 -2.891793e-01 -3.156358e-01 -4.837193e-01 -2.499797e-01 -4.293829e-02 8.575464e-02
<VARIANCE> 39
 1.273193e+00 2.953860e+00 3.258449e+00 3.891817e+00 6.314168e+00 6.412313e+00 7.685720e+00 8.713936e+00 1.032310e+01 8.760827e+00 9.493704e+00 7.608662e+00 1.097022e-04 1.715127e+00 4.644923e+00 2.450218e+00 4.868603e+00 3.106606e+00 3.933615e+00 3.310945e+00 3.146084e+00 2.541852e+00 2.100580e+00 2.247351e+00 2.457095e+00 8.129106e-03 4.615234e-01 6.468607e-01 6.114544e-01 8.085550e-01 6.897053e-01 4.798387e-01 4.199836e-01 4.769548e-01 6.202453e-01 3.763021e-01 4.236436e-01 3.231675e-01 7.203683e-04
<GCONST> 7.578027e+01
<MIXTURE> 16 5.475098e-02
<MEAN> 39
 -1.818008e+01 -6.402669e+00 -3.863116e+00 -5.880500e+00 -2.163314e+00 -1.186828e+00 -5.309269e+00 -2.690900e+00 -4.624365e+00 -2.094508e+00 -3.226716e+00 -2.859248e+00 1.064487e-01 -2.094867e+00 -1.792668e+00 -2.078951e-01 -1.247575e+00 -1.888489e-01 1.556533e+00 2.978019e-01 6.109499e-01 1.069674e+00 1.350153e-01 8.917517e-01 4.557038e-01 2.241759e-02 3.775083e-03 1.605641e-01 4.802346e-01 -3.690055e-01 -5.876541e-01 -3.876398e-01 1.179022e-01 6.620759e-02 2.465205e-01 4.084301e-02 1.451667e-01 2.451869e-01 4.811508e-02
<VARIANCE> 39
 2.770523e+01 4.270702e+01 3.864976e+01 4.211626e+01 5.655670e+01 3.857545e+01 4.885425e+01 5.085899e+01 5.488622e+01 4.082538e+01 3.144909e+01 2.125377e+01 3.916072e-02 5.378641e+00 4.386918e+00 4.065800e+00 3.818121e+00 4.539165e+00 3.526112e+00 4.059473e+00 4.231996e+00 3.992970e+00 3.445714e+00 3.219721e+00 2.291640e+00 5.979472e-03 1.049415e+00 1.099998e+00 1.406530e+00 1.051424e+00 1.162855e+00 9.884467e-01 1.332549e+00 1.210597e+00 1.146309e+00 1.104175e+00 7.193491e-01 6.738192e-01 1.355409e-03
<GCONST> 1.177143e+02
<STATE> 3
<NUMMIXES> 16
<MIXTURE> 1 6.655665e-02
<MEAN> 39
 -2.690622e+01 -5.618953e+00 -3.205762e+00 -1.536421e+01 -2.632269e+00 -5.400971e-02 -6.013707e+00 2.068183e+00 -9.957548e-01 -1.413918e+00 1.586528e+00 -5.125622e-01 5.519273e-01 -2.873322e+00 1.864899e+00 1.314185e+00 -1.637509e-01 -4.352654e-01 4.210162e-01 8.292015e-01 1.257363e-02 4.448929e-01 1.528609e-01 1.668516e-01 1.358113e-01 9.834005e-02 6.304912e-01 4.511079e-01 5.247403e-01 1.213583e+00 -2.839370e-01 -2.360528e-01 3.764581e-01 -4.200892e-01 -2.676504e-01 -4.516861e-02 -4.173313e-01 -8.847517e-02 -2.812335e-02
<VARIANCE> 39
 1.183604e+01 8.542688e+00 1.946798e+01 1.559579e+01 1.567757e+01 1.676176e+01 1.008741e+01 1.328931e+01 1.223152e+01 1.061247e+01 8.454687e+00 9.067188e+00 1.497343e-02 1.658023e+00 2.109698e+00 1.799422e+00 2.347076e+00 2.203606e+00 1.909828e+00 1.563074e+00 1.599299e+00 1.380476e+00 1.340257e+00 1.374276e+00 1.320606e+00 2.101657e-03 4.035526e-01 3.220577e-01 4.214001e-01 3.581524e-01 3.547578e-01 4.003218e-01 2.819017e-01 3.397727e-01 3.857754e-01 2.868920e-01 2.991476e-01 2.543256e-01 3.542206e-04
<GCONST> 7.662350e+01
<MIXTURE> 2 5.072296e-02
<MEAN> 39
 -3.087867e+01 -6.489984e+00 4.409516e+00 -1.025135e+01 -7.440942e+00 7.321622e-01 -3.922768e+00 -1.872371e-01 1.359046e+00 -3.051365e+00 -1.454219e+00 1.160931e+00 6.602257e-01 1.448598e-01 2.495085e-01 -4.131771e-02 2.580405e-01 2.634250e-01 -4.283656e-02 -2.328184e-02 8.965255e-02 8.231681e-02 -8.547878e-03 -2.321333e-01 7.803233e-04 -5.261813e-03 6.070489e-01 6.958967e-03 -2.890533e-01 1.102140e-01 2.505681e-01 1.824035e-02 6.447141e-02 -5.093661e-02 -1.833105e-01 1.411688e-01 6.229660e-02 -1.600699e-01 -2.060102e-02
<VARIANCE> 39
 1.128493e+01 1.027601e+01 1.122917e+01 1.340604e+01 1.406369e+01 1.440242e+01 1.921881e+01 1.325046e+01 1.499712e+01 1.080321e+01 1.198403e+01 1.034605e+01 1.815038e-02 7.503100e-01 9.373520e-01 9.754272e-01 9.228445e-01 1.662731e+00 1.204073e+00 1.142270e+00 1.137490e+00 9.552705e-01 1.256237e+00 1.111673e+00 9.821962e-01 1.319162e-03 2.120394e-01 1.513615e-01 1.432455e-01 1.564665e-01 2.155303e-01 2.769008e-01 2.562844e-01 2.354553e-01 2.104062e-01 2.658169e-01 2.234611e-01 1.667684e-01 1.742837e-04
<GCONST> 6.464101e+01
<MIXTURE> 3 5.913867e-02
<MEAN> 39
 -3.129183e+01 8.882308e-01 -5.138932e-01 -1.365403e+01 1.889769e+00 -1.697616e+00 -1.881766e+00 1.786583e+00 -3.114264e+00 1.113030e+00 -3.029141e-02 -1.071119e+00 6.423199e-01 -2.097508e+00 1.788359e+00 1.642202e+00 2.636999e-01 -5.975116e-02 6.033032e-01 6.523948e-01 3.081059e-01 -1.967500e-01 -1.281932e-01 6.155442e-02 -5.401538e-02 7.413524e-02 1.097052e+00 -5.017076e-01 1.002223e-02 5.629708e-01 -6.009771e-01 -1.340649e-01 -1.373420e-01 -3.081575e-01 -7.218215e-02 -2.622872e-01 -1.877452e-01 9.270151e-03 -3.477265e-02
<VARIANCE> 39
 8.147602e+00 1.302330e+01 2.812131e+01 1.330684e+01 1.174497e+01 2.028279e+01 1.280731e+01 1.588492e+01 9.889038e+00 1.011222e+01 9.396815e+00 9.501054e+00 1.287228e-02 1.139457e+00 1.653162e+00 1.578361e+00 1.790986e+00 1.686473e+00 1.955581e+00 1.494128e+00 1.516303e+00 1.307124e+00 1.121155e+00 1.044630e+00 1.120642e+00 1.530694e-03 3.100058e-01 2.869841e-01 4.402995e-01 4.020477e-01 3.306819e-01 4.061047e-01 2.508131e-01 3.496855e-01 2.704131e-01 2.312585e-01 2.438371e-01 2.765135e-01 3.382535e-04
<GCONST> 7.348761e+01
<MIXTURE> 4 7.483960e-02
<MEAN> 39
 -2.839836e+01 -5.870871e+00 -2.539709e-01 -1.468240e+01 -9.812333e+00 -1.256601e+00 -2.889153e+00 -3.146592e-03 -2.574859e-01 -1.212125e+00 1.337708e+00 7.296050e-01 6.627968e-01 5.207984e-01 -2.757775e-01 4.208207e-01 9.644585e-01 -1.059460e+00 -1.150920e+00 4.391329e-01 -4.411023e-02 -2.538086e-01 -2.474577e-02 -5.378767e-01 5.281169e-03 1.007378e-02 9.674265e-01 -2.018330e-01 1.057644e-01 8.581735e-01 5.453494e-01 -1.141787e-01 -2.205568e-01 -3.062170e-02 -1.861003e-01 -1.157021e-01 -3.511077e-01 -1.773971e-01 -2.688462e-02
<VARIANCE> 39
 8.011870e+00 9.923146e+00 1.189600e+01 1.066286e+01 1.584113e+01 1.326425e+01 1.582034e+01 1.787987e+01 1.617174e+01 1.220598e+01 1.122043e+01 8.634072e+00 1.155813e-02 1.533094e+00 1.305168e+00 1.765451e+00 1.699801e+00 1.922905e+00 1.811391e+00 1.419575e+00 1.992054e+00 1.620472e+00 1.293907e+00 1.317721e+00 8.947376e-01 9.371569e-04 4.174969e-01 3.397577e-01 3.608204e-01 2.814005e-01 2.623680e-01 3.074224e-01 3.595905e-01 4.148923e-01 3.134187e-01 2.539041e-01 2.701884e-01 1.942765e-01 2.255292e-04
<GCONST> 7.276370e+01
<MIXTURE> 5 5.843373e-02
<MEAN> 39
 -3.283777e+01 -6.219623e+00 9.061529e+00 -7.675645e+00 -7.036472e+00 2.761177e+00 -6.455782e-01 -2.145808e+00 2.830969e+00 -3.479221e+00 -1.425959e-01 1.352877e+00 6.979529e-01 -9.038228e-01 2.558278e-01 1.035655e+00 4.596533e-01 -6.753229e-01 -6.570916e-01 7.495469e-01 1.071512e-01 -1.251411e-01 4.966162e-02 5.352609e-03 1.528954e-01 4.430410e-02 1.325181e+00 -4.270597e-01 -9.809042e-01 7.539440e-04 -7.987172e-02 -4.081375e-01 -2.210780e-01 5.495960e-02 -3.011104e-01 1.475741e-01 -9.702562e-02 -2.674690e-01 -3.391914e-02
<VARIANCE> 39
 5.839640e+00 1.285006e+01 7.326051e+00 1.330277e+01 1.345371e+01 1.448265e+01 2.035139e+01 1.243161e+01 1.189335e+01 1.355881e+01 1.452859e+01 1.094205e+01 1.422322e-02 1.970097e+00 1.815162e+00 2.325619e+00 2.135467e+00 1.613452e+00 1.454154e+00 1.957018e+00 1.468245e+00 1.367867e+00 1.323290e+00 1.231619e+00 1.038291e+00 1.177121e-03 3.152205e-01 2.344923e-01 2.286913e-01 2.661491e-01 2.529987e-01 2.664916e-01 3.022961e-01 2.255285e-01 2.308325e-01 2.447695e-01 2.869255e-01 1.927398e-01 1.652781e-04
<GCONST> 7.089627e+01
<MIXTURE> 6 6.738212e-02
<MEAN> 39
 -3.009383e+01 -4.195456e+00 4.813044e+00 -9.879299e+00 -2.355255e+00 4.270682e+00 -4.342213e+00 1.274609e+00 1.366893e+00 -3.591778e+00 6.220049e-01 5.440772e-02 5.078798e-01 -1.852027e+00 8.134253e-02 7.899963e-01 -3.536189e-01 -9.581158e-01 1.702714e-01 8.320478e-01 -1.860337e-01 6.387824e-01 1.864175e-01 8.961834e-02 3.892627e-01 9.355103e-02 9.377144e-01 -1.168689e-01 -3.967990e-01 1.407199e-01 -5.920400e-01 -7.813954e-01 2.044611e-02 -2.848437e-01 -3.685760e-01 2.132111e-01 -2.493101e-01 -5.701066e-02 -7.348590e-03
<VARIANCE> 39
 1.135802e+01 1.181759e+01 1.132305e+01 7.526748e+00 1.006739e+01 9.727602e+00 9.656692e+00 1.245380e+01 1.172628e+01 7.835024e+00 8.241404e+00 8.179954e+00 2.432158e-02 2.335302e+00 2.432191e+00 2.515758e+00 1.667571e+00 2.276676e+00 1.781393e+00 1.868692e+00 1.881511e+00 1.428064e+00 1.324306e+00 1.331215e+00 1.075895e+00 2.027944e-03 5.685297e-01 3.056750e-01 3.431225e-01 2.830594e-01 2.899775e-01 3.095718e-01 3.174718e-01 3.057117e-01 3.323070e-01 2.908007e-01 2.273832e-01 2.052792e-01 6.152352e-04
<GCONST> 7.441538e+01
<MIXTURE> 7 5.348200e-02
<MEAN> 39
 -2.840662e+01 -3.701927e+00 9.193791e-01 -1.403438e+01 -4.976087e+00 -9.074304e-01 -1.283391e+00 3.839758e-01 -1.920011e+00 2.836476e-01 -2.330411e-01 -1.543956e-01 6.248885e-01 3.674757e+00 -3.778263e-01 6.345107e-01 4.750622e-01 -2.458722e+00 -1.755097e+00 -8.369952e-01 -1.474063e+00 -1.103024e+00 -1.174533e+00 -1.363359e+00 -3.336332e-01 -3.129185e-02 1.447609e+00 -1.847674e-01 5.601332e-02 -1.272390e-01 -5.401288e-01 -8.762691e-01 -6.909338e-01 -2.131764e-01 -6.691151e-01 -2.687748e-01 -3.860081e-01 -2.165621e-01 2.972412e-03
<VARIANCE> 39
 7.513403e+00 9.311625e+00 1.828557e+01 1.324700e+01 1.817384e+01 1.639209e+01 1.435356e+01 1.657164e+01 1.774744e+01 1.264202e+01 1.249279e+01 1.237259e+01 1.121853e-02 2.235715e+00 1.163883e+00 1.366114e+00 1.409519e+00 1.994342e+00 2.310678e+00 2.020597e+00 1.746354e+00 1.740499e+00 1.442618e+00 1.223211e+00 1.069934e+00 8.266473e-04 2.707208e-01 3.699332e-01 4.674815e-01 4.912192e-01 4.302073e-01 4.670932e-01 4.030248e-01 5.336350e-01 4.153979e-01 3.787439e-01 3.956943e-01 3.274528e-01 1.889477e-04
<GCONST> 7.765829e+01
<MIXTURE> 8 5.742533e-02
<MEAN> 39
 -2.533921e+01 -1.032415e+01 -1.664494e+00 -1.204907e+01 -1.027878e+01 1.691304e+00 -2.167164e+00 -4.160526e+00 1.493107e+00 -1.085786e+00 -2.432857e-01 3.661574e-01 5.633046e-01 -2.814332e+00 1.458665e+00 1.425090e+00 6.192106e-02 -6.585446e-01 -7.794256e-01 1.131737e+00 6.906484e-01 -1.351605e-02 -2.072245e-02 3.161353e-01 -4.950394e-02 8.482434e-02 5.805554e-01 6.327960e-01 4.796075e-01 1.154781e+00 3.947447e-01 -5.410502e-01 -8.796871e-02 3.499964e-01 -3.910643e-01 -1.501178e-01 -2.089658e-01 -1.870638e-01 -2.568336e-02
<VARIANCE> 39
 9.186302e+00 9.813758e+00 1.603466e+01 2.612011e+01 1.354624e+01 1.519634e+01 2.372692e+01 1.158492e+01 1.110433e+01 1.130699e+01 1.039624e+01 8.729020e+00 1.338746e-02 2.379806e+00 2.526468e+00 2.363102e+00 2.340336e+00 2.050813e+00 1.875552e+00 1.958317e+00 1.938312e+00 1.180518e+00 1.686383e+00 1.180957e+00 1.030583e+00 1.252292e-03 3.950367e-01 4.140218e-01 3.981105e-01 5.084658e-01 2.977479e-01 3.380758e-01 5.482911e-01 3.019257e-01 3.442678e-01 3.787651e-01 2.776005e-01 2.621341e-01 3.337647e-04
<GCONST> 7.840919e+01
<MIXTURE> 9 8.381128e-02
<MEAN> 39
 -3.030670e+01 -8.819717e+00 5.644315e+00 -8.247344e+00 -1.244495e+01 8.683280e-02 3.621352e-01 -2.256547e+00 2.564842e-01 -1.048520e+00 -1.057822e+00 1.111365e-01 7.073201e-01 1.276933e+00 -6.688911e-01 -5.412806e-01 1.043407e+00 -1.272340e+00 -2.073311e+00 7.264194e-01 3.767448e-01 -8.248619e-01 2.370183e-01 -1.033056e-02 -4.957192e-01 6.835256e-05 1.416799e+00 -4.419260e-02 -6.535100e-01 1.922613e-01 4.931313e-01 -3.603699e-01 -5.849489e-01 1.661257e-01 -1.263124e-01 -2.144467e-01 3.300034e-02 -9.914524e-02 -2.754535e-02
<VARIANCE> 39
 5.913201e+00 8.872993e+00 9.330691e+00 1.305468e+01 1.422208e+01 1.343537e+01 1.567187e+01 1.380716e+01 1.154312e+01 1.530744e+01 1.195061e+01 9.314914e+00 1.186101e-02 1.263746e+00 7.942128e-01 1.578123e+00 1.999842e+00 1.515849e+00 1.279819e+00 1.683836e+00 1.429242e+00 1.203619e+00 1.694310e+00 1.371643e+00 9.808847e-01 8.118070e-04 5.581980e-01 2.231399e-01 3.210517e-01 2.592846e-01 3.481294e-01 3.683516e-01 3.747002e-01 3.836613e-01 3.201991e-01 3.630617e-01 2.574101e-01 2.229287e-01 1.751859e-04
<GCONST> 7.088675e+01
<MIXTURE> 10 5.880560e-02
<MEAN> 39
 -3.179044e+01 -4.917894e-01 -4.050481e-01 -1.180463e+01 5.062271e-01 -1.737590e+00 -1.708515e+00 1.230524e+00 -1.322538e+00 5.936657e-01 4.903147e-02 7.566399e-01 6.159431e-01 1.176601e-01 -7.090205e-02 5.010746e-01 9.914237e-02 -1.398334e-01 1.387965e-01 -7.967153e-02 -5.129635e-02 9.610772e-02 -6.696215e-02 -1.731872e-01 -1.221000e-01 5.799103e-04 2.184202e-01 -6.825048e-02 -2.501514e-02 4.452896e-02 -6.315488e-02 -6.976128e-02 -1.061308e-02 -3.217385e-02 -8.911081e-02 -1.516214e-01 -1.115485e-01 -1.007351e-01 -9.721806e-03
<VARIANCE> 39
 7.807008e+00 1.255826e+01 2.270796e+01 1.195941e+01 1.373390e+01 1.716316e+01 2.545672e+01 1.546022e+01 1.201424e+01 1.413898e+01 1.287547e+01 9.086943e+00 2.012388e-02 5.716356e-01 7.006677e-01 7.210891e-01 8.609028e-01 9.476188e-01 1.128505e+00 1.065466e+00 1.088853e+00 1.094785e+00 1.210028e+00 9.071155e-01 7.175003e-01 1.525018e-03 1.402238e-01 1.251899e-01 2.034860e-01 1.484873e-01 1.755154e-01 2.012350e-01 2.795996e-01 2.083760e-01 2.127947e-01 2.181882e-01 2.192919e-01 1.756892e-01 2.109133e-04
<GCONST> 6.296770e+01
<MIXTURE> 11 6.927316e-02
<MEAN> 39
 -3.267526e+01 1.388290e+00 7.912281e-01 -1.248877e+01 3.011446e+00 -2.367501e+00 -1.491193e+00 3.230563e+00 -4.441110e+00 9.065505e-01 -2.404577e-01 -1.001435e+00 6.798106e-01 -4.889299e-02 -7.052893e-01 1.323619e-01 -4.085295e-01 -9.078516e-01 2.168812e-01 1.060730e-02 5.592101e-02 -1.916541e-02 -2.273752e-01 2.979694e-01 6.307920e-02 2.610988e-02 1.115372e+00 -5.525881e-01 -2.978669e-01 4.390982e-02 -7.303582e-01 -2.528527e-01 -2.213935e-01 -4.314941e-01 1.299182e-01 -1.429634e-01 -1.480207e-01 8.725674e-02 -2.386286e-02
<VARIANCE> 39
 5.646787e+00 1.373073e+01 1.569705e+01 1.027708e+01 1.035042e+01 1.400685e+01 1.534247e+01 1.436046e+01 9.626456e+00 1.254338e+01 1.273143e+01 8.589743e+00 1.767277e-02 1.446013e+00 1.323442e+00 2.083796e+00 1.429055e+00 1.466275e+00 1.786333e+00 1.767871e+00 1.596398e+00 1.209542e+00 1.473699e+00 1.517177e+00 1.013689e+00 2.085003e-03 3.572827e-01 2.534468e-01 2.645309e-01 2.698778e-01 3.542716e-01 3.283271e-01 3.744170e-01 3.062143e-01 3.311495e-01 2.850876e-01 2.859519e-01 2.237006e-01 3.355409e-04
<GCONST> 7.304379e+01
<MIXTURE> 12 6.244646e-02
<MEAN> 39
 -2.993427e+01 -7.716840e+00 4.004266e+00 -1.122189e+01 -9.238311e+00 3.664723e+00 -3.009587e+00 -2.409572e+00 1.993122e+00 -1.098776e+00 -9.295619e-01 8.884205e-01 6.316900e-01 -1.950292e+00 3.392433e-01 1.350171e+00 9.219307e-01 -1.559075e+00 -1.043192e+00 1.362891e+00 4.666898e-02 -1.856935e-01 5.318321e-01 -8.841114e-02 -2.330568e-01 6.592635e-02 1.521616e+00 1.155887e-01 -4.048871e-01 9.145125e-01 1.566701e-01 -9.860634e-01 -6.433297e-02 1.288431e-01 -6.731548e-01 -1.735462e-01 -1.323747e-01 -3.120741e-01 -3.421327e-02
<VARIANCE> 39
 1.073856e+01 1.025005e+01 1.365665e+01 1.677921e+01 1.629807e+01 1.296223e+01 1.679599e+01 1.360775e+01 1.285997e+01 1.558064e+01 1.193646e+01 8.967767e+00 1.030635e-02 2.647864e+00 2.244145e+00 2.072116e+00 2.160838e+00 2.292344e+00 2.656070e+00 2.340523e+00 2.583418e+00 2.363893e+00 2.091963e+00 1.843627e+00 1.204898e+00 1.345078e-03 4.236117e-01 3.071837e-01 3.779015e-01 3.835767e-01 4.378745e-01 4.133341e-01 5.603606e-01 4.155927e-01 3.714073e-01 5.000638e-01 3.689976e-01 2.427550e-01 3.919104e-04
<GCONST> 8.159050e+01
<MIXTURE> 13 7.466231e-02
<MEAN> 39
 -3.063157e+01 -2.967530e+00 1.700081e+00 -1.420185e+01 -4.624455e+00 3.332656e-01 -2.444654e+00 5.149847e-02 -2.326532e+00 -3.093551e-01 9.884470e-01 -2.684846e-01 7.111354e-01 1.656365e+00 -1.103823e+00 -2.195708e-01 2.710639e-01 -1.875687e+00 -5.752708e-01 3.958331e-01 -7.585442e-01 -8.333004e-02 -2.812894e-02 -4.251129e-01 3.299750e-01 -1.803768e-02 1.228371e+00 -2.064015e-01 -1.917369e-01 1.908733e-01 -2.167480e-01 -5.575620e-01 -2.411957e-01 -9.086893e-02 -2.002438e-01 -2.503549e-01 -4.219741e-01 -1.604681e-01 -1.992141e-02
<VARIANCE> 39
 8.175509e+00 8.641063e+00 1.529932e+01 9.118871e+00 1.297430e+01 1.407754e+01 1.498428e+01 1.521959e+01 1.538844e+01 1.365573e+01 1.023816e+01 1.283797e+01 9.832839e-03 7.313136e-01 8.496365e-01 1.152869e+00 1.070668e+00 1.598859e+00 1.511642e+00 1.095711e+00 1.236272e+00 1.353165e+00 1.379785e+00 1.498134e+00 1.056195e+00 6.782407e-04 3.114570e-01 2.389100e-01 2.759936e-01 2.227851e-01 2.103299e-01 3.244841e-01 3.469363e-01 3.493246e-01 3.267410e-01 3.131029e-01 2.446427e-01 2.693130e-01 1.381949e-04
<GCONST> 6.775380e+01
<MIXTURE> 14 6.115505e-02
<MEAN> 39
 -2.921392e+01 -1.079738e+01 5.130117e+00 -4.025876e+00 -1.026309e+01 3.772928e-01 1.337264e+00 -3.476150e+00 3.853200e-01 -6.537886e-02 -1.813917e+00 -1.012490e+00 5.707250e-01 -3.368324e-01 4.440590e-02 2.900826e-01 1.661351e-02 -5.286391e-01 -6.708270e-01 1.915181e-01 2.988573e-01 -2.487922e-01 -2.361488e-01 -9.843425e-02 -3.489222e-01 3.685847e-02 7.329221e-01 8.391743e-02 -3.731622e-01 -1.547843e-01 4.171385e-02 -2.807353e-01 -2.942968e-01 1.840660e-01 -7.675948e-02 -2.434071e-01 2.266277e-02 7.837564e-02 -1.322846e-02
<VARIANCE> 39
 7.943211e+00 1.006982e+01 1.577176e+01 1.788932e+01 1.503244e+01 2.381342e+01 1.896159e+01 1.653983e+01 1.257221e+01 1.082594e+01 1.142554e+01 9.011345e+00 1.855560e-02 1.377025e+00 9.340259e-01 1.466636e+00 1.697249e+00 1.306273e+00 1.680048e+00 1.259604e+00 1.127462e+00 1.132890e+00 1.106742e+00 1.025760e+00 1.014961e+00 2.578820e-03 4.169138e-01 2.046326e-01 2.254230e-01 2.316676e-01 2.154736e-01 3.403386e-01 2.259137e-01 2.536347e-01 1.586458e-01 2.066679e-01 1.710098e-01 1.578820e-01 3.541560e-04
<GCONST> 6.963612e+01
<MIXTURE> 15 5.112763e-02
<MEAN> 39
 -2.821887e+01 -5.543118e+00 1.861637e+00 -1.134083e+01 -7.390756e+00 -7.920978e-01 -2.325590e+00 -1.146957e+00 -2.029530e+00 -2.647088e+00 -1.016288e+00 -7.826949e-03 5.980076e-01 6.115736e-01 -2.800960e-01 -2.595009e-01 -4.947534e-02 -6.973993e-01 -4.622325e-01 9.869948e-02 -2.093815e-01 -7.652605e-02 1.506460e-01 -7.467664e-02 -2.496625e-02 -9.154227e-03 1.874574e-01 -8.855303e-02 -7.626888e-02 -7.162258e-03 9.478460e-02 -2.538473e-02 -1.346820e-01 4.374559e-02 2.195678e-01 1.165220e-01 1.024206e-01 3.316111e-02 -8.693994e-03
<VARIANCE> 39
 1.296158e+01 1.064314e+01 1.599494e+01 1.246422e+01 2.089030e+01 1.606090e+01 1.833766e+01 2.027216e+01 1.448760e+01 1.204035e+01 1.028305e+01 1.124889e+01 1.975403e-02 4.514628e-01 3.570084e-01 7.923840e-01 5.113060e-01 9.669219e-01 9.563711e-01 1.060392e+00 1.452756e+00 1.545951e+00 1.158206e+00 1.301570e+00 1.234899e+00 3.131528e-04 8.865587e-02 9.470330e-02 1.110294e-01 1.211055e-01 1.860737e-01 1.893751e-01 2.120711e-01 3.139521e-01 2.432398e-01 1.905037e-01 2.417272e-01 2.311168e-01 4.642768e-05
<GCONST> 5.915619e+01
<MIXTURE> 16 5.072533e-02
<MEAN> 39
 -3.201300e+01 -3.165471e+00 1.593699e+00 -1.384969e+01 -2.329978e+00 2.427750e+00 -4.054282e+00 2.044075e+00 -2.811767e-02 -8.918228e-01 1.714547e+00 -1.045874e+00 6.703236e-01 -1.504921e-01 -4.089229e-01 9.098940e-02 -4.900826e-01 -1.792916e+00 -3.903115e-01 4.030802e-01 -6.164823e-01 9.477322e-03 -1.273663e-02 -1.977203e-02 4.171562e-01 4.502002e-02 1.157618e+00 -2.935624e-01 -5.611426e-02 5.086540e-01 -3.795726e-01 -6.006851e-01 3.748806e-03 -2.791276e-01 -3.457320e-01 -1.033447e-01 -3.337766e-01 7.530149e-02 -3.093543e-02
<VARIANCE> 39
 1.021434e+01 1.260935e+01 2.688988e+01 1.677036e+01 8.914363e+00 1.125438e+01 1.226334e+01 1.128202e+01 1.287029e+01 1.018544e+01 1.351037e+01 6.268353e+00 1.295413e-02 9.550600e-01 1.546913e+00 2.304880e+00 1.437042e+00 1.414262e+00 1.404185e+00 1.248283e+00 2.042185e+00 1.526901e+00 1.670563e+00 8.875731e-01 1.091185e+00 7.021406e-04 3.161684e-01 4.094579e-01 6.150349e-01 3.711581e-01 2.125552e-01 2.503220e-01 2.429929e-01 2.203402e-01 2.028339e-01 3.033556e-01 3.044609e-01 1.534888e-01 2.474579e-04
<GCONST> 7.046803e+01
<STATE> 4
<NUMMIXES> 16
<MIXTURE> 1 5.586943e-02
<MEAN> 39
 -2.534996e+01 -1.074401e+01 1.256642e+00 -2.800255e+00 -8.670267e+00 -6.958458e+00 -1.060300e+00 3.582645e+00 -1.907706e+00 -3.186352e+00 1.246099e+00 2.469123e-01 5.942467e-01 2.296082e+00 -6.779870e-01 -1.142736e+00 1.938611e+00 1.572723e+00 -3.060874e-01 -6.578563e-01 1.024345e+00 7.883186e-01 3.534791e-02 -6.893922e-02 1.203885e-01 -8.662727e-02 3.460041e-01 5.476818e-01 -5.479752e-01 -4.214532e-01 6.293018e-01 8.915852e-01 -3.643680e-01 -5.568210e-01 2.625455e-01 4.071319e-01 -2.362760e-01 -5.835722e-02 -3.663647e-02
<VARIANCE> 39
 2.249813e+01 1.522334e+01 1.621108e+01 2.224369e+01 2.839828e+01 1.998622e+01 2.201905e+01 2.087295e+01 2.107888e+01 1.905227e+01 1.446735e+01 1.197874e+01 1.645575e-02 1.568297e+00 2.266917e+00 2.629443e+00 2.104257e+00 2.954814e+00 3.510379e+00 2.721548e+00 2.106978e+00 2.757284e+00 2.278810e+00 2.515511e+00 1.401165e+00 4.024066e-03 6.091054e-01 3.667288e-01 4.010813e-01 5.093532e-01 5.865164e-01 5.782440e-01 4.933163e-01 5.103980e-01 5.771629e-01 3.585588e-01 4.556309e-01 3.349374e-01 5.831210e-04
<GCONST> 9.111347e+01
<MIXTURE> 2 3.784748e-02
<MEAN> 39
 -1.331107e+01 -8.508090e+00 1.608937e+00 2.275082e-01 -1.005219e+01 -1.225202e+01 -2.638957e+00 1.177300e+00 -3.030882e+00 -3.734176e+00 -6.666067e-01 -2.827051e+00 5.587341e-01 6.882285e+00 1.741883e-01 -1.869945e+00 1.514358e-01 1.274596e+00 -2.848246e+00 -5.300613e+00 6.010441e-01 7.935295e-01 -1.383767e+00 -7.376890e-01 5.782155e-01 3.119200e-02 -7.180879e-02 -4.190028e-01 -5.490158e-01 -9.326550e-01 1.642815e-01 5.427051e-01 -8.943636e-01 -1.489528e-01 5.597472e-01 1.713573e-01 3.115171e-02 3.363900e-01 2.275169e-02
<VARIANCE> 39
 2.607752e+01 1.116110e+01 1.161210e+01 1.212279e+01 1.319917e+01 2.143025e+01 2.871659e+01 1.306114e+01 1.687676e+01 1.468549e+01 1.124337e+01 7.941062e+00 1.216133e-02 1.011805e+00 2.292687e+00 2.670275e+00 2.159417e+00 3.659634e+00 4.146653e+00 7.507790e+00 4.559635e+00 2.663566e+00 2.698266e+00 2.248669e+00 2.224934e+00 9.612317e-04 5.004092e-01 1.986604e-01 3.149730e-01 3.308348e-01 4.147755e-01 4.656351e-01 6.398606e-01 4.939377e-01 3.805732e-01 3.860656e-01 2.922805e-01 1.640754e-01 1.100813e-04
<GCONST> 8.351073e+01
<MIXTURE> 3 6.242910e-02
<MEAN> 39
 -1.850189e+01 -5.779628e+00 3.878659e+00 -5.949133e+00 -1.055256e+01 -5.123798e+00 -2.072480e+00 -1.510576e+00 -2.357244e+00 -2.453823e+00 -1.875139e+00 -8.541011e-01 5.454020e-01 5.941613e+00 -8.314579e-01 1.166751e+00 5.772155e-01 -1.746130e+00 -2.137205e+00 -2.770873e+00 7.954895e-01 -1.068180e+00 -1.352680e+00 2.263487e-01 -2.806611e-01 2.469111e-02 1.757012e-01 -7.231151e-01 3.707733e-02 -5.812189e-01 -3.842443e-01 1.529885e-01 -8.428187e-01 4.764574e-01 4.175485e-02 -1.326938e-01 3.362294e-01 -7.025894e-02 2.446270e-02
<VARIANCE> 39
 1.293750e+01 1.033626e+01 1.289495e+01 1.501192e+01 1.341416e+01 1.478070e+01 2.264007e+01 1.746967e+01 1.700621e+01 1.204789e+01 1.277758e+01 1.079222e+01 1.267789e-02 9.242109e-01 2.277235e+00 2.666059e+00 2.093163e+00 2.861530e+00 2.365263e+00 4.027644e+00 2.753217e+00 2.530360e+00 2.591740e+00 2.460778e+00 1.883155e+00 7.845847e-04 2.363384e-01 1.834900e-01 2.810641e-01 2.717000e-01 3.356501e-01 3.021029e-01 5.929303e-01 3.559035e-01 3.905538e-01 3.815835e-01 3.811583e-01 2.729023e-01 1.162254e-04
<GCONST> 7.925343e+01
<MIXTURE> 4 7.350543e-02
<MEAN> 39
 -2.502054e+01 -1.172990e+01 2.135184e+00 -3.898811e+00 -1.363224e+01 -6.411639e+00 2.917750e+00 -3.807246e-01 -2.496603e+00 -7.895206e-01 1.087941e+00 -1.953756e+00 6.183429e-01 4.112516e+00 2.344015e-01 -5.371990e-01 1.748600e+00 4.876404e-01 -2.934745e+00 -1.669781e+00 9.133030e-01 -7.702417e-01 -1.093175e+00 -2.126768e-01 -1.592146e-01 -2.263701e-02 1.563828e+00 8.298153e-02 -4.452272e-01 -4.257738e-01 5.780824e-01 -7.376128e-03 -1.708486e+00 -1.343564e-02 3.553825e-01 -3.664075e-01 -2.508864e-01 2.588802e-01 5.042462e-03
<VARIANCE> 39
 1.169440e+01 7.869254e+00 1.166883e+01 1.425964e+01 1.379095e+01 2.365230e+01 1.303308e+01 1.726250e+01 1.495623e+01 1.457092e+01 1.346804e+01 1.313679e+01 1.111770e-02 3.427293e+00 1.114708e+00 2.057791e+00 1.950686e+00 1.830567e+00 2.035680e+00 3.359235e+00 1.951671e+00 1.542741e+00 1.487007e+00 1.635493e+00 1.158253e+00 8.814336e-04 3.480382e-01 3.005224e-01 3.614783e-01 4.323982e-01 4.765210e-01 6.407997e-01 5.217878e-01 6.680664e-01 4.708968e-01 5.195399e-01 3.909414e-01 3.729624e-01 2.974141e-04
<GCONST> 8.113153e+01
<MIXTURE> 5 1.029775e-01
<MEAN> 39
 -2.558492e+01 -8.330265e+00 1.697379e+00 -9.284566e+00 -1.060498e+01 -3.394476e+00 -2.154763e+00 -6.424001e-01 -5.692050e-01 -1.725686e+00 -1.556709e+00 4.110408e-01 6.021008e-01 3.830870e+00 3.169915e-01 3.448185e-01 1.245460e+00 -4.353407e-01 -1.588543e+00 -7.714914e-01 -1.520130e-01 -6.557144e-01 -4.405924e-01 -3.743544e-01 -3.421217e-01 -2.878079e-02 1.318916e+00 -6.039552e-02 2.586933e-01 -4.075287e-02 -1.453339e-01 -1.959625e-01 -7.571796e-01 7.460046e-02 -2.327521e-01 -3.163796e-01 1.586390e-01 -2.082538e-01 1.019429e-02
<VARIANCE> 39
 7.798846e+00 9.099459e+00 1.224953e+01 1.330769e+01 1.811264e+01 1.770591e+01 1.420801e+01 1.725409e+01 1.761908e+01 1.651632e+01 1.576023e+01 1.204098e+01 1.293746e-02 1.900979e+00 1.166485e+00 1.462847e+00 1.424997e+00 1.358014e+00 1.666504e+00 2.166682e+00 1.739985e+00 1.879871e+00 1.251229e+00 1.423767e+00 1.112137e+00 6.237021e-04 2.053271e-01 3.059478e-01 3.994582e-01 3.516236e-01 3.952910e-01 3.566090e-01 5.189671e-01 5.228384e-01 4.565286e-01 4.711305e-01 4.637770e-01 3.534546e-01 1.703516e-04
<GCONST> 7.647025e+01
<MIXTURE> 6 7.292911e-02
<MEAN> 39
 -3.911293e+00 -1.046223e+01 -1.927641e+00 -5.779362e+00 -1.127645e+01 -1.243822e+01 -1.120543e+01 1.669762e+00 -8.722435e-01 -5.212276e+00 -1.327754e+00 -1.826218e+00 7.114194e-01 5.095209e+00 -1.829586e+00 -1.568109e+00 -1.253560e+00 -2.206278e-01 -1.197518e+00 -3.796578e+00 9.236151e-01 6.928377e-01 -4.381427e-01 5.158084e-01 -4.077854e-01 6.883451e-02 -1.463297e+00 -1.910293e-01 -6.425918e-02 -6.274456e-01 8.180046e-02 9.669918e-01 5.505624e-01 -2.015690e-01 1.270491e-01 4.801657e-01 2.233252e-01 -2.355098e-02 5.268764e-03
<VARIANCE> 39
 9.426159e+00 1.336392e+01 2.913514e+01 2.223179e+01 3.512169e+01 4.355466e+01 4.724734e+01 2.174892e+01 2.673910e+01 1.897183e+01 2.132233e+01 1.871572e+01 9.322387e-03 1.859253e+00 1.975560e+00 2.905898e+00 2.487597e+00 4.612605e+00 5.116340e+00 8.127129e+00 5.913335e+00 4.112298e+00 4.129536e+00 3.829268e+00 3.658651e+00 7.947334e-04 1.795828e-01 1.784562e-01 2.501926e-01 3.320180e-01 5.071667e-01 5.269565e-01 4.921937e-01 3.656060e-01 3.897501e-01 3.291102e-01 4.646510e-01 2.884327e-01 9.832386e-05
<GCONST> 9.119065e+01
<MIXTURE> 7 5.952889e-02
<MEAN> 39
 -2.572834e+01 -1.445158e+00 -2.609607e+00 -9.347123e+00 -2.578893e-01 -2.156334e+00 -2.137097e+00 3.796322e-01 -1.075563e+00 6.905373e-01 -1.794843e+00 3.126648e-01 4.477878e-01 1.545776e+00 1.834015e-01 -1.422915e+00 1.042739e+00 -2.281846e-02 -4.221999e-01 4.678644e-01 -2.627701e-01 5.431941e-02 3.635955e-01 -6.732367e-02 4.436706e-01 -7.148694e-02 5.954441e-02 -2.566342e-01 1.220032e-01 7.088184e-02 -4.327212e-01 3.375440e-02 -6.005027e-02 -8.385000e-02 4.498750e-03 -1.819625e-01 1.363249e-01 5.806446e-02 1.804828e-03
<VARIANCE> 39
 2.737364e+01 3.410959e+01 4.092125e+01 2.968379e+01 2.266819e+01 2.265971e+01 2.286379e+01 2.163692e+01 1.647363e+01 1.022671e+01 8.862363e+00 7.520792e+00 4.308993e-02 2.230995e+00 1.885715e+00 3.020691e+00 2.939434e+00 2.858967e+00 3.509826e+00 1.978858e+00 1.625243e+00 1.562054e+00 1.291616e+00 1.128189e+00 1.201934e+00 5.969664e-03 5.108141e-01 4.506763e-01 5.410923e-01 5.690194e-01 4.882095e-01 4.982266e-01 4.437268e-01 4.255864e-01 3.135175e-01 2.234548e-01 2.224330e-01 2.393881e-01 8.214752e-04
<GCONST> 8.880299e+01
<MIXTURE> 8 5.699028e-02
<MEAN> 39
 -1.705941e+01 -3.212564e+00 2.751035e+00 -1.254387e+01 -9.951091e+00 -6.827819e+00 -4.326051e+00 -5.621763e+00 -8.054971e+00 -5.155121e+00 -5.679076e+00 -2.792330e+00 5.464590e-01 5.589962e+00 -1.039528e+00 -1.501631e-01 -1.334111e+00 -2.501185e+00 -3.033224e+00 -1.854279e+00 -1.522801e+00 -2.496745e+00 -1.141678e+00 -2.374261e+00 -1.103225e+00 2.254240e-02 -2.885700e-01 -4.109682e-01 -3.149644e-01 -4.570189e-01 3.203619e-01 1.607078e-01 -3.940802e-02 6.451074e-01 2.594528e-01 6.733054e-01 2.309524e-01 1.519475e-01 2.313054e-02
<VARIANCE> 39
 1.899271e+01 1.758953e+01 2.019009e+01 1.726965e+01 2.656639e+01 2.516477e+01 2.986354e+01 2.715314e+01 1.633213e+01 1.384039e+01 1.822723e+01 1.487296e+01 1.370539e-02 1.431518e+00 3.098472e+00 5.448607e+00 3.118360e+00 5.126389e+00 4.687515e+00 3.883529e+00 4.217296e+00 3.011891e+00 3.014278e+00 2.959595e+00 2.385456e+00 1.443742e-03 2.902265e-01 2.470630e-01 4.553760e-01 4.228545e-01 4.276097e-01 4.589615e-01 5.014201e-01 5.987513e-01 4.712617e-01 3.591359e-01 4.249754e-01 3.136213e-01 1.608222e-04
<GCONST> 9.155557e+01
<MIXTURE> 9 8.499169e-02
<MEAN> 39
 -2.440385e+01 -1.001924e+01 4.271896e-01 -6.912981e+00 -1.258287e+01 -5.462587e+00 5.130142e-01 -2.494554e-01 -2.337621e+00 -1.498654e+00 2.000304e-02 -4.605473e-01 5.764987e-01 1.999387e+00 -5.318273e-01 -1.205440e+00 9.299421e-01 2.788819e-01 -1.446229e+00 -1.455134e-02 1.144021e+00 7.148644e-02 -1.291954e-01 -2.019984e-01 1.359869e-01 -4.009530e-02 5.375324e-01 1.098888e-01 -6.748289e-02 -3.520030e-02 5.824381e-01 2.923117e-01 -4.885317e-01 1.135851e-02 2.338215e-01 -7.392072e-02 -2.075160e-01 -3.451374e-02 -1.060301e-02
<VARIANCE> 39
 9.827175e+00 7.233600e+00 1.138496e+01 1.007911e+01 1.426795e+01 1.824895e+01 1.913259e+01 1.582450e+01 1.124903e+01 1.189872e+01 1.104933e+01 1.094789e+01 1.463311e-02 1.092232e+00 6.697690e-01 1.190886e+00 1.421651e+00 1.311315e+00 1.665357e+00 1.864563e+00 1.711397e+00 1.253758e+00 1.627534e+00 1.617772e+00 1.142606e+00 8.018913e-04 3.721246e-01 1.580879e-01 2.551038e-01 2.258873e-01 4.023086e-01 3.476215e-01 4.572392e-01 3.684244e-01 2.361972e-01 3.766423e-01 2.703018e-01 2.266296e-01 3.136262e-04
<GCONST> 7.106635e+01
<MIXTURE> 10 4.347095e-02
<MEAN> 39
 -2.186007e+01 -6.989383e+00 -7.559283e-02 -1.295847e+01 -9.869055e+00 -2.094525e+00 2.650672e-01 -1.513805e+00 -2.495131e+00 -9.241619e-02 -3.204981e-01 1.301474e+00 5.507804e-01 4.612658e+00 -1.016760e+00 -1.132324e-01 1.930507e-01 -1.723950e+00 -2.056983e+00 -2.613485e-01 -9.638264e-01 -1.899656e+00 -1.495767e+00 -2.274502e+00 -9.219521e-01 -1.590663e-02 6.002864e-01 -1.789393e-01 -2.793002e-01 -4.700675e-01 1.538734e-01 -5.161003e-01 -6.299852e-01 1.530327e-01 -5.053809e-01 -2.222811e-01 -6.139470e-01 -5.551623e-01 2.814352e-02
<VARIANCE> 39
 9.162991e+00 7.521244e+00 8.822131e+00 1.130496e+01 1.675367e+01 9.904965e+00 1.822793e+01 1.548699e+01 9.109516e+00 2.047578e+01 1.254793e+01 1.168230e+01 7.991322e-03 1.673777e+00 1.482177e+00 2.164813e+00 2.800550e+00 1.859033e+00 3.341692e+00 3.883296e+00 2.168732e+00 1.969341e+00 2.231369e+00 2.410613e+00 1.906858e+00 1.067213e-03 1.919366e-01 2.976673e-01 6.485010e-01 3.264579e-01 5.101644e-01 5.178179e-01 5.438662e-01 4.876814e-01 3.676240e-01 6.432901e-01 3.708017e-01 3.131535e-01 1.314261e-04
<GCONST> 7.987976e+01
<MIXTURE> 11 5.972148e-02
<MEAN> 39
 -1.985905e+01 -1.022935e+01 -5.303830e+00 -4.320360e+00 -3.993246e+00 -7.157705e+00 -5.705463e+00 1.903296e+00 1.651184e+00 2.342689e-01 -1.814615e+00 -5.586696e-01 4.247287e-01 2.806865e+00 1.003298e+00 -1.469536e+00 -8.714750e-02 9.938056e-01 5.021639e-01 -4.992019e-01 -1.317063e+00 -3.123020e-01 8.514400e-01 -1.787091e-02 -5.148899e-01 -7.247842e-02 2.311153e-01 5.187795e-01 3.310243e-01 -6.417899e-01 -4.089904e-01 5.975312e-01 1.946853e-01 -6.317312e-01 -6.494762e-01 -2.395768e-01 1.569138e-01 2.940993e-02 1.396845e-02
<VARIANCE> 39
 1.792652e+01 2.208096e+01 1.873787e+01 3.323050e+01 2.471365e+01 2.052514e+01 2.433647e+01 2.105360e+01 2.296021e+01 1.978092e+01 2.011039e+01 1.718686e+01 2.558406e-02 3.172230e+00 2.237472e+00 2.287591e+00 2.613190e+00 4.703492e+00 5.042359e+00 4.495698e+00 2.870073e+00 3.272013e+00 1.873828e+00 2.384138e+00 2.259614e+00 5.024260e-03 6.443171e-01 3.394879e-01 2.916271e-01 3.664666e-01 7.597945e-01 6.658480e-01 6.500614e-01 5.010507e-01 5.211617e-01 5.094682e-01 5.079785e-01 4.507636e-01 5.846404e-04
<GCONST> 9.672993e+01
<MIXTURE> 12 6.907934e-02
<MEAN> 39
 -9.674139e+00 -5.680304e+00 4.568712e+00 -7.288901e+00 -1.553613e+01 -1.161286e+01 -6.997627e+00 -2.624238e+00 -6.364979e+00 -5.334092e+00 -2.721489e+00 -1.059726e+00 6.321039e-01 5.765175e+00 -1.687558e+00 1.745804e-01 -1.547056e-01 -2.122463e+00 -2.992543e+00 -3.014473e+00 1.014389e+00 -1.424824e+00 -1.294544e+00 2.795060e-01 -1.715788e-01 4.115938e-02 -1.022447e+00 -5.312615e-01 -3.888540e-01 -4.730111e-01 4.162721e-01 7.225925e-01 1.855390e-02 5.985505e-01 4.575496e-01 3.800929e-01 2.917432e-01 8.848678e-03 1.156727e-02
<VARIANCE> 39
 8.665174e+00 1.017504e+01 1.718418e+01 3.218425e+01 1.626755e+01 1.556093e+01 1.836822e+01 1.483004e+01 2.327825e+01 1.488130e+01 1.567666e+01 1.173600e+01 1.187622e-02 1.420275e+00 2.342193e+00 3.817623e+00 2.835052e+00 3.923203e+00 4.201560e+00 5.401324e+00 3.215616e+00 3.935756e+00 3.789804e+00 3.872179e+00 2.753735e+00 1.007017e-03 1.894305e-01 2.005359e-01 2.273968e-01 2.508420e-01 5.073181e-01 2.854555e-01 3.260342e-01 2.986202e-01 3.517127e-01 2.933332e-01 3.162403e-01 2.089882e-01 7.416555e-05
<GCONST> 8.275803e+01
<MIXTURE> 13 6.903607e-02
<MEAN> 39
 -2.687608e+01 -9.727729e+00 2.189883e+00 -8.100822e+00 -1.276313e+01 -2.238854e+00 9.841734e-01 -2.286394e+00 -1.341859e+00 -4.063048e-01 -1.928109e+00 -3.350728e+00 6.118035e-01 1.676650e+00 -4.421556e-01 -7.219431e-01 5.786257e-01 -2.229320e-01 -1.284164e+00 -1.482836e-01 -7.069700e-02 -6.926375e-01 -2.775942e-01 -3.609409e-01 -4.381888e-01 -3.047867e-02 7.098458e-01 1.149031e-01 4.330783e-02 9.904497e-02 3.188866e-01 -1.511365e-01 -4.774640e-01 1.715823e-01 6.212992e-03 -2.667966e-01 1.423962e-01 3.891515e-01 -1.030060e-02
<VARIANCE> 39
 9.968026e+00 9.827105e+00 9.617046e+00 1.582972e+01 1.038460e+01 1.652152e+01 2.056951e+01 1.608392e+01 1.482364e+01 1.146898e+01 1.553261e+01 8.787744e+00 1.940336e-02 8.072140e-01 5.106230e-01 1.059550e+00 1.378554e+00 1.041641e+00 1.437324e+00 1.226334e+00 1.334947e+00 1.251575e+00 1.167895e+00 8.654973e-01 9.701615e-01 3.947795e-04 4.436284e-01 2.080763e-01 2.576952e-01 2.248300e-01 2.615737e-01 3.625827e-01 3.852375e-01 3.210396e-01 3.070849e-01 2.471323e-01 2.483912e-01 1.872157e-01 6.710481e-05
<GCONST> 6.616780e+01
<MIXTURE> 14 5.565231e-02
<MEAN> 39
 -2.839170e+01 -5.288845e+00 4.974093e+00 -9.110338e+00 -4.352691e+00 2.134009e+00 -5.557704e+00 5.621144e-01 2.661262e+00 -4.410799e+00 -5.891023e-01 1.171507e+00 5.974154e-01 2.430069e+00 1.668809e-01 -1.244745e+00 1.505223e+00 7.691446e-01 -7.457962e-01 5.676700e-02 1.908086e-01 -2.529727e-01 3.896445e-01 -2.457528e-01 -1.781081e-01 -9.809689e-02 7.310633e-01 -8.402208e-02 -8.314390e-01 2.004887e-01 -7.157777e-02 -4.436840e-01 3.544008e-01 -9.282809e-02 -4.170293e-01 4.791665e-01 -2.671639e-02 -1.654036e-01 -2.598674e-02
<VARIANCE> 39
 1.892632e+01 2.504360e+01 1.673267e+01 2.078642e+01 2.378333e+01 1.864676e+01 2.304196e+01 2.534758e+01 2.124536e+01 1.309079e+01 2.224557e+01 1.545059e+01 2.066430e-02 1.849084e+00 1.995970e+00 2.709765e+00 3.132002e+00 2.345997e+00 2.902653e+00 2.399882e+00 1.941737e+00 2.025085e+00 2.268694e+00 1.604104e+00 1.413258e+00 5.183463e-03 6.041523e-01 5.517803e-01 3.363762e-01 5.155088e-01 5.004235e-01 4.276437e-01 4.294335e-01 4.720793e-01 4.658015e-01 2.506411e-01 4.503453e-01 3.749880e-01 6.673996e-04
<GCONST> 9.049911e+01
<MIXTURE> 15 5.359234e-02
<MEAN> 39
 -1.820972e+01 -1.015611e+01 -2.118655e+00 -4.281077e+00 -7.890497e+00 -7.406450e+00 -3.489723e+00 2.666824e+00 8.745893e-01 -3.467238e+00 -3.062074e+00 -3.757893e-01 4.952772e-01 5.889903e+00 -5.654919e-01 -1.541633e+00 -3.697717e-01 5.520424e-01 -4.598821e-01 -2.900393e+00 -2.019076e-01 2.083821e-01 -2.005111e-01 -6.162161e-01 -1.105044e+00 2.404068e-02 5.995350e-01 -2.730594e-01 -2.477848e-01 -1.063490e+00 -3.820443e-01 6.825278e-01 -6.997371e-01 -3.983733e-01 -1.157877e-01 2.856379e-01 4.404304e-01 -3.088317e-01 3.357460e-02
<VARIANCE> 39
 1.564835e+01 8.283036e+00 1.147343e+01 1.696134e+01 1.787991e+01 1.377699e+01 1.933051e+01 1.937708e+01 2.160313e+01 1.737237e+01 2.112942e+01 1.194184e+01 7.520707e-03 1.258727e+00 1.433767e+00 1.811804e+00 3.041041e+00 2.368584e+00 3.067333e+00 4.223850e+00 4.036931e+00 3.365023e+00 3.181647e+00 3.329857e+00 2.208769e+00 1.427829e-03 3.807120e-01 2.747256e-01 3.113032e-01 4.634755e-01 3.985331e-01 4.917672e-01 5.898767e-01 6.320569e-01 7.434477e-01 5.685872e-01 6.275892e-01 4.080747e-01 1.104416e-04
<GCONST> 8.660014e+01
<MIXTURE> 16 4.237285e-02
<MEAN> 39
 -2.317575e+01 -5.764653e+00 5.546604e+00 -8.510938e+00 -1.109822e+01 -1.403173e+00 -2.350968e+00 -3.075209e+00 -1.781663e+00 -1.225109e+00 -4.158851e+00 -2.163697e+00 5.816717e-01 6.226154e+00 -4.281773e-01 1.493755e-01 1.013615e+00 -2.196506e+00 -3.930084e+00 -1.617509e+00 -4.287386e-01 -2.141410e+00 -1.377399e+00 -5.102162e-01 -4.976004e-01 -1.638900e-03 8.194605e-01 -4.947726e-01 -4.263797e-01 -4.510271e-01 1.570603e-01 -7.247888e-01 -5.367522e-01 6.271179e-01 -3.413341e-01 -1.081050e-01 4.934071e-01 1.839575e-01 1.506229e-02
<VARIANCE> 39
 1.341161e+01 1.247895e+01 1.556217e+01 2.253356e+01 2.367507e+01 1.847185e+01 2.321165e+01 1.608765e+01 1.521567e+01 1.547864e+01 1.142860e+01 8.797654e+00 1.157257e-02 1.008886e+00 2.166239e+00 3.860332e+00 2.655267e+00 3.640157e+00 2.903393e+00 3.282081e+00 3.105482e+00 3.924682e+00 2.233753e+00 2.068432e+00 2.207603e+00 6.664605e-04 3.062018e-01 2.938720e-01 4.813413e-01 3.222864e-01 7.609570e-01 6.429373e-01 5.607007e-01 4.182616e-01 5.787587e-01 5.833966e-01 3.604301e-01 2.954857e-01 1.558069e-04
<GCONST> 8.590975e+01
<TRANSP> 5
 0.000000e+00 1.000000e+00 0.000000e+00 0.000000e+00 0.000000e+00
 0.000000e+00 7.690952e-01 2.309048e-01 0.000000e+00 0.000000e+00
 0.000000e+00 0.000000e+00 8.000003e-01 1.999997e-01 0.000000e+00
 0.000000e+00 0.000000e+00 0.000000e+00 7.147362e-01 2.852638e-01
 0.000000e+00 0.000000e+00 0.000000e+00 0.000000e+00 0.000000e+00
<ENDHMM>
