~o
<STREAMINFO> 1 39
<VECSIZE> 39<NULLD><MFCC_E_D_A><DIAGC>
~h "d"
<BEGINHMM>
<NUMSTATES> 5
<STATE> 2
<NUMMIXES> 16
<MIXTURE> 1 8.474962e-02
<MEAN> 39
 -7.508146e+00 5.791249e+00 3.145020e+00 2.832228e+00 -4.310863e+00 -6.155725e+00 -7.780133e+00 -5.343315e+00 -4.964364e+00 -5.209671e+00 -6.870953e+00 -4.420148e+00 1.268937e-01 -4.131540e-01 4.001327e-01 1.624666e-01 3.393710e-01 5.278836e-01 4.284992e-01 2.704103e-01 1.720301e-02 -4.989356e-02 6.711614e-02 8.451458e-02 1.525479e-01 -2.284258e-02 -3.126527e-01 -9.968700e-01 -2.852587e-01 -7.316901e-01 -8.818264e-02 1.560930e-01 9.389967e-02 2.449723e-01 3.889078e-02 1.881993e-01 3.625354e-01 1.336771e-01 2.043995e-02
<VARIANCE> 39
 5.109398e+00 7.433661e+00 1.011088e+01 1.623098e+01 2.009030e+01 2.055363e+01 2.209513e+01 2.542603e+01 2.246919e+01 1.609831e+01 1.697418e+01 1.431757e+01 1.257022e-02 7.479919e-01 1.126386e+00 9.459128e-01 1.131430e+00 1.431790e+00 1.564769e+00 1.609520e+00 1.691049e+00 1.370316e+00 1.395560e+00 1.474527e+00 1.002354e+00 8.796295e-04 1.899951e-01 4.073150e-01 3.001120e-01 4.653489e-01 3.377230e-01 3.757131e-01 4.357443e-01 4.798263e-01 3.690197e-01 3.355513e-01 3.268844e-01 2.648320e-01 4.011245e-04
<GCONST> 7.497046e+01
<MIXTURE> 2 5.014010e-02
<MEAN> 39
 -4.779457e+00 -8.339492e-01 6.197746e-01 -1.750627e+00 -8.512321e+00 -5.067455e+00 -6.264228e+00 -8.443492e+00 -8.475885e+00 -3.297760e+00 -6.434182e+00 -5.296966e+00 3.848442e-01 -1.327829e+00 -2.598330e+00 8.572970e-01 -1.862797e+00 1.183902e-01 -3.389000e-01 -1.827938e+00 2.525418e+00 2.425692e+00 -1.135332e+00 9.587787e-01 1.594400e+00 4.137754e-02 1.954603e-01 -8.636014e-01 -1.311939e-01 -7.139055e-01 -5.297090e-01 -4.826401e-01 -4.447133e-01 6.764981e-01 5.261045e-01 3.349268e-01 4.377717e-01 1.855059e-01 3.136583e-02
<VARIANCE> 39
 5.467854e+00 2.975050e+01 1.775875e+01 3.416970e+01 3.676123e+01 2.460658e+01 3.422391e+01 3.593378e+01 4.014483e+01 3.029246e+01 2.695219e+01 2.176666e+01 1.782227e-02 1.054448e+00 2.076736e+00 2.441511e+00 4.042940e+00 4.511230e+00 4.215662e+00 5.309967e+00 4.948514e+00 6.660398e+00 4.125042e+00 4.675655e+00 2.731133e+00 1.030077e-03 1.376883e-01 4.094148e-01 3.929740e-01 5.323479e-01 6.823112e-01 5.339115e-01 7.998834e-01 7.285411e-01 7.630014e-01 5.852588e-01 5.725524e-01 4.240902e-01 1.997612e-04
<GCONST> 9.808932e+01
<MIXTURE> 3 3.647152e-02
<MEAN> 39
 -1.657226e+01 1.331185e+00 -1.863386e+00 1.617400e+00 -4.303210e-01 -4.697564e-01 -3.403335e+00 -3.680317e+00 -4.398490e+00 -3.470799e+00 -4.450601e+00 -3.785740e+00 -1.108425e-01 -1.946614e+00 -2.227199e+00 -1.970974e+00 -1.268754e+00 8.233594e-01 1.338490e+00 1.858630e+00 1.892379e+00 1.933746e+00 1.816248e+00 1.853501e+00 1.214737e+00 -1.397866e-02 6.305843e-01 -6.272136e-01 -2.320476e-02 -1.284482e+00 -1.168033e+00 -9.431512e-01 -1.959842e-01 3.834213e-02 -4.840590e-02 1.712990e-01 2.052100e-01 4.002430e-01 6.627177e-02
<VARIANCE> 39
 4.873651e+00 6.209619e+00 6.665287e+00 6.768548e+00 8.366580e+00 1.028591e+01 1.267878e+01 1.256101e+01 1.101774e+01 1.125367e+01 9.306221e+00 1.027020e+01 2.943370e-03 1.260528e+00 2.508391e+00 1.452304e+00 4.602795e+00 2.832062e+00 2.837696e+00 2.770276e+00 2.967986e+00 2.327463e+00 2.650758e+00 2.278547e+00 2.053594e+00 6.983178e-03 3.082935e-01 4.942112e-01 5.136351e-01 6.872086e-01 6.002685e-01 4.988163e-01 5.680411e-01 5.953528e-01 3.898002e-01 4.411682e-01 4.416212e-01 3.760824e-01 7.068436e-04
<GCONST> 8.159083e+01
<MIXTURE> 4 6.556619e-02
<MEAN> 39
 -5.507193e+00 3.587156e-01 1.928527e+00 -3.609146e-01 -5.123451e+00 -6.191224e+00 -1.039215e+01 -3.631953e+00 -2.717962e+00 -5.558712e+00 -6.745877e+00 -4.499540e+00 3.095974e-01 -9.442203e-01 3.531753e+00 2.763802e-01 3.049104e+00 2.372803e+00 1.091356e+00 1.441508e+00 -1.266517e+00 -7.770452e-01 -4.282075e-01 -1.150233e+00 -5.610257e-01 -1.263216e-01 -1.702309e-01 -7.052519e-01 -1.244267e-01 -7.078181e-01 -4.473021e-01 -8.666011e-02 6.681634e-02 2.952545e-01 1.459736e-03 2.898548e-01 4.585998e-01 2.005644e-01 2.147441e-02
<VARIANCE> 39
 6.414781e+00 2.750671e+01 1.893122e+01 2.938116e+01 2.171322e+01 2.985757e+01 2.445232e+01 3.419651e+01 2.975286e+01 2.392953e+01 2.397260e+01 1.975792e+01 1.960858e-02 1.139641e+00 2.349630e+00 2.860280e+00 2.995808e+00 3.140880e+00 3.676212e+00 3.646946e+00 3.559807e+00 3.527117e+00 3.184182e+00 2.968983e+00 2.590042e+00 1.417814e-03 1.098408e-01 4.197604e-01 2.951649e-01 4.511144e-01 3.523667e-01 4.379207e-01 5.011285e-01 6.054203e-01 4.727541e-01 3.089100e-01 3.991580e-01 3.403963e-01 2.007379e-04
<GCONST> 9.062634e+01
<MIXTURE> 5 7.970829e-02
<MEAN> 39
 -2.085339e+01 -6.237096e-01 -4.316788e+00 -2.038038e+00 -6.580817e-01 -1.137737e-01 -8.540620e-01 -3.048338e-02 -9.090701e-01 7.470518e-01 -4.040142e-01 -6.682390e-02 -3.939291e-02 1.489733e+00 -1.382932e+00 -2.349954e-01 -2.038440e-01 -3.118474e-01 -1.092739e-01 -1.775322e-01 -1.882760e-01 -7.904127e-02 -1.059159e-01 -8.299693e-02 -1.453229e-01 -1.650878e-02 4.043120e-02 -2.738615e-01 -4.234932e-02 -8.240981e-01 -4.776828e-01 -6.887101e-01 -2.722443e-01 -1.012352e-01 -1.628763e-01 -2.891518e-01 -1.660529e-01 -4.121133e-02 6.092101e-02
<VARIANCE> 39
 1.159834e+01 1.450400e+01 1.406231e+01 1.838611e+01 1.410497e+01 1.249669e+01 1.383308e+01 1.423684e+01 1.278689e+01 9.852448e+00 9.152748e+00 1.085348e+01 2.366461e-02 2.651253e+00 3.671925e+00 3.375986e+00 4.172739e+00 2.953327e+00 2.693527e+00 2.450400e+00 2.251547e+00 2.231958e+00 2.002730e+00 1.765610e+00 1.574635e+00 1.181394e-02 5.190608e-01 4.408283e-01 5.395157e-01 4.771414e-01 4.575288e-01 4.771644e-01 4.510645e-01 4.646768e-01 3.744557e-01 2.988207e-01 2.760030e-01 3.074550e-01 7.091103e-04
<GCONST> 8.746278e+01
<MIXTURE> 6 8.450923e-02
<MEAN> 39
 -8.080079e+00 5.958493e+00 3.571881e+00 3.778801e+00 -2.553807e+00 -5.621158e+00 -8.407586e+00 -5.174959e+00 -4.555493e+00 -4.657141e+00 -6.444602e+00 -4.487010e+00 1.024572e-01 -1.790437e+00 -3.339074e+00 -8.565795e-01 -3.024432e+00 -9.021250e-02 8.381539e-01 9.946296e-01 9.322017e-01 1.045340e-01 4.612467e-01 1.257245e+00 1.065238e+00 6.554631e-02 -8.172650e-02 -1.419311e+00 -3.279812e-01 -1.271983e+00 -9.297374e-01 -4.575055e-01 -1.388518e-01 4.100753e-01 2.027235e-01 2.508546e-01 4.767231e-01 3.507118e-01 5.574609e-02
<VARIANCE> 39
 4.247010e+00 5.352466e+00 8.478276e+00 1.081293e+01 1.294065e+01 1.295286e+01 1.343371e+01 1.758200e+01 1.517298e+01 1.515348e+01 1.258500e+01 1.374700e+01 1.154870e-02 1.610534e+00 2.481124e+00 2.710632e+00 3.164497e+00 3.378663e+00 3.820779e+00 3.321140e+00 3.379977e+00 2.731155e+00 2.453075e+00 2.288860e+00 2.118107e+00 2.127556e-03 4.023113e-01 4.916862e-01 4.299111e-01 4.586648e-01 4.967433e-01 4.455662e-01 5.620978e-01 5.015249e-01 5.260414e-01 4.214370e-01 3.775608e-01 3.207214e-01 3.808386e-04
<GCONST> 8.436476e+01
<MIXTURE> 7 6.998362e-02
<MEAN> 39
 -1.215172e+01 -4.701059e+00 -2.671449e-01 -5.825931e-02 -4.429043e+00 -5.632453e+00 -4.597669e+00 -4.518056e+00 -5.948429e+00 -5.874458e+00 -4.590394e+00 -2.674982e+00 2.833423e-01 -2.207398e+00 -1.232707e+00 -4.578184e-01 -3.018943e-01 8.901856e-01 8.229759e-01 1.397115e+00 8.351031e-01 1.077517e+00 4.533440e-01 6.495301e-01 4.307410e-01 -2.144623e-02 6.900134e-01 -2.620667e-01 -3.904436e-01 -1.404140e+00 -8.462329e-01 -2.609984e-01 -6.608625e-01 1.787098e-01 2.409867e-01 4.767973e-01 2.323123e-01 1.630572e-01 4.269766e-02
<VARIANCE> 39
 3.511586e+01 4.737144e+01 3.973506e+01 6.708723e+01 4.505107e+01 4.349047e+01 3.365045e+01 3.576728e+01 3.638530e+01 1.862399e+01 1.975629e+01 1.539774e+01 3.458709e-02 2.934679e+00 4.507993e+00 5.512481e+00 7.307946e+00 5.512889e+00 6.488991e+00 5.235194e+00 7.453821e+00 5.143373e+00 3.775699e+00 3.662003e+00 3.117779e+00 3.042995e-03 5.737917e-01 1.016117e+00 9.934738e-01 1.421510e+00 1.105949e+00 1.146535e+00 1.041838e+00 1.181572e+00 1.123566e+00 6.604197e-01 7.396567e-01 5.625257e-01 4.428329e-04
<GCONST> 1.150072e+02
<MIXTURE> 8 5.051257e-02
<MEAN> 39
 -9.040765e+00 6.070627e+00 1.807236e+00 4.727751e-02 -6.626781e+00 -8.521781e+00 -9.979455e+00 -9.170136e+00 -9.884754e+00 -8.095358e+00 -8.054215e+00 -4.782447e+00 1.461059e-01 -1.689227e+00 1.143451e+00 1.144674e-01 2.034867e+00 2.527036e+00 1.948731e+00 2.432580e-01 -7.526150e-01 -3.264638e-01 -5.275127e-01 3.620375e-02 -9.991818e-01 -9.294730e-02 -3.083221e-01 -1.833381e+00 -7.011129e-01 -1.501262e+00 -2.858554e-01 1.344562e-02 7.490039e-01 1.027368e+00 7.823753e-01 9.598739e-01 6.107128e-01 5.761980e-01 4.296928e-02
<VARIANCE> 39
 6.854430e+00 4.387221e+00 9.717855e+00 1.502162e+01 1.890394e+01 2.041197e+01 1.835663e+01 1.588791e+01 1.637004e+01 1.422205e+01 1.362139e+01 1.746076e+01 1.516249e-02 3.143358e+00 2.898991e+00 3.272472e+00 5.889583e+00 4.426463e+00 4.124684e+00 4.540074e+00 3.292961e+00 3.745202e+00 3.616399e+00 2.481610e+00 2.329800e+00 5.887908e-03 2.621045e-01 4.916183e-01 4.428044e-01 6.520374e-01 5.633403e-01 5.747620e-01 7.554946e-01 5.238349e-01 5.057461e-01 4.469906e-01 4.313426e-01 4.951695e-01 6.937478e-04
<GCONST> 9.278169e+01
<MIXTURE> 9 8.018687e-02
<MEAN> 39
 -5.367687e+00 9.837222e-01 1.723267e+00 6.019828e+00 -3.665488e+00 -9.077333e+00 -1.099741e+01 -4.522469e+00 -1.516635e+00 -4.489951e+00 -9.595778e+00 -6.682594e+00 2.019080e-01 -1.591824e+00 8.827482e-01 5.934845e-01 -4.499371e-01 9.496823e-01 1.390717e+00 1.444421e+00 -3.388490e-01 -8.915799e-01 -1.404322e-01 2.529925e-01 2.913718e-01 -4.767695e-02 -1.022124e-01 -1.621815e+00 -3.456546e-01 -1.790630e+00 -1.062846e+00 8.127028e-02 -2.937701e-01 5.105658e-01 -2.092948e-02 1.388904e-01 1.126279e+00 7.779010e-01 5.698651e-02
<VARIANCE> 39
 4.565513e+00 1.456468e+01 2.377068e+01 2.129509e+01 3.670650e+01 2.457138e+01 2.872108e+01 3.061062e+01 2.252882e+01 2.856242e+01 2.408488e+01 2.702040e+01 8.531060e-03 1.233963e+00 4.166003e+00 3.542028e+00 5.909542e+00 4.602689e+00 4.247704e+00 3.388811e+00 3.376446e+00 2.867983e+00 2.718868e+00 3.628445e+00 2.868248e+00 3.250466e-03 2.985202e-01 5.245163e-01 3.931122e-01 6.141726e-01 7.875214e-01 7.883112e-01 8.859243e-01 8.847063e-01 7.408223e-01 8.158842e-01 4.915943e-01 5.627915e-01 3.232085e-04
<GCONST> 9.880063e+01
<MIXTURE> 10 5.007918e-02
<MEAN> 39
 -1.138145e+01 5.141258e+00 9.570369e-01 1.096461e+00 -3.818062e+00 -6.355666e+00 -9.574263e+00 -1.019672e+01 -1.099068e+01 -8.898781e+00 -9.103086e+00 -7.495361e+00 9.114653e-02 -2.501743e+00 -2.353502e+00 -1.389140e+00 -1.346265e+00 1.923701e+00 1.825251e+00 1.698244e+00 1.636244e+00 1.685874e+00 1.757515e+00 1.776300e+00 8.137968e-01 -5.656367e-05 1.502973e-02 -1.326494e+00 -5.539913e-01 -1.688622e+00 -9.715687e-01 -5.868732e-01 5.759740e-01 8.505950e-01 7.193675e-01 9.212391e-01 7.135633e-01 1.023107e+00 6.083370e-02
<VARIANCE> 39
 8.776217e+00 5.224649e+00 8.047852e+00 1.187397e+01 1.821258e+01 1.707681e+01 1.567469e+01 1.485410e+01 1.335901e+01 1.512075e+01 1.617958e+01 1.519771e+01 1.814599e-02 1.428735e+00 2.453259e+00 2.316878e+00 4.514356e+00 3.265091e+00 3.274129e+00 3.219838e+00 3.325870e+00 2.436918e+00 2.621422e+00 2.271189e+00 2.788010e+00 4.951531e-03 3.732899e-01 5.873908e-01 5.277537e-01 6.193928e-01 6.980417e-01 6.047404e-01 6.713120e-01 6.734184e-01 5.908881e-01 4.961607e-01 5.381308e-01 4.290817e-01 6.125891e-04
<GCONST> 9.040800e+01
<MIXTURE> 11 7.376663e-02
<MEAN> 39
 -9.935433e+00 6.076715e+00 2.985137e+00 3.961042e+00 -1.169078e+00 -3.164075e+00 -6.151738e+00 -5.133676e+00 -5.501861e+00 -5.153015e+00 -5.632089e+00 -3.637352e+00 4.833702e-02 -1.554694e+00 2.205313e-01 -5.115368e-01 7.072541e-01 1.727254e+00 1.834974e+00 1.343192e+00 -1.557390e-02 -1.900044e-01 2.098098e-01 2.495471e-01 -1.292424e-01 -6.706692e-02 -6.714305e-02 -1.903556e+00 -5.252897e-01 -1.639911e+00 -9.233927e-01 -5.052487e-01 -1.807179e-01 5.659548e-01 3.415137e-01 4.341964e-01 5.325209e-01 3.631586e-01 5.820418e-02
<VARIANCE> 39
 5.578269e+00 3.149326e+00 5.754789e+00 9.715144e+00 1.050316e+01 1.255780e+01 1.275097e+01 1.155142e+01 1.237643e+01 1.094940e+01 1.036333e+01 9.518704e+00 1.263859e-02 2.084411e+00 3.880947e+00 2.757274e+00 3.736592e+00 2.814958e+00 2.797715e+00 2.808208e+00 2.454999e+00 3.032724e+00 2.207615e+00 2.351796e+00 1.491037e+00 3.482361e-03 3.149867e-01 5.816272e-01 5.306893e-01 6.898239e-01 5.199427e-01 4.799738e-01 5.496414e-01 5.290040e-01 5.277603e-01 4.910570e-01 3.815717e-01 3.160221e-01 4.624542e-04
<GCONST> 8.301441e+01
<MIXTURE> 12 6.751253e-02
<MEAN> 39
 -9.723313e+00 1.040739e+00 -9.928553e-01 -2.780836e+00 -6.366264e-01 -2.463405e+00 -1.052856e+01 -1.032518e+01 -6.202824e+00 -2.896055e+00 -4.184382e+00 -6.190945e+00 2.174287e-01 -8.736485e-01 1.529921e-02 1.918674e-01 1.303841e+00 9.140776e-01 8.281868e-03 5.398678e-01 4.144962e-01 3.370043e-01 -1.741809e-01 -4.257375e-01 -2.301256e-01 -4.413233e-02 1.595223e-01 -8.305035e-01 -1.923185e-01 -9.332937e-01 -1.025037e+00 -3.802221e-01 3.303567e-01 8.395566e-01 2.464905e-01 4.672571e-02 1.450920e-01 6.103995e-01 3.686434e-02
<VARIANCE> 39
 4.491603e+01 3.542343e+01 4.783106e+01 3.626862e+01 3.498367e+01 5.172385e+01 3.109295e+01 4.476350e+01 3.133298e+01 3.300697e+01 2.604847e+01 1.825933e+01 1.888025e-02 4.032954e+00 5.712447e+00 4.684623e+00 4.937321e+00 4.947880e+00 5.082250e+00 4.117962e+00 5.404027e+00 4.557099e+00 3.452250e+00 3.266160e+00 2.374675e+00 4.141508e-03 7.762806e-01 1.175172e+00 1.092690e+00 1.259454e+00 1.011271e+00 1.136464e+00 8.788069e-01 9.606245e-01 9.047726e-01 9.022844e-01 6.709207e-01 5.038026e-01 7.235002e-04
<GCONST> 1.139848e+02
<MIXTURE> 13 6.186441e-02
<MEAN> 39
 -6.490681e+00 3.463910e+00 -1.913356e-01 -4.597545e+00 -8.318448e+00 -7.000128e+00 -5.878202e+00 -7.990492e+00 -1.041190e+01 -5.998764e+00 -6.831792e+00 -3.553830e+00 3.055556e-01 -2.547574e+00 -2.570951e+00 -4.117398e-01 -1.039488e+00 2.184054e+00 8.393527e-01 2.666324e-01 1.788206e+00 1.979715e+00 3.861272e-01 1.565034e+00 4.414479e-01 1.622179e-03 -2.203819e-01 -9.185896e-01 -1.698616e-01 -6.439956e-01 -4.531457e-01 -3.044803e-01 1.763967e-02 3.974330e-01 4.512982e-01 5.090198e-01 2.010343e-01 2.942824e-01 3.045521e-02
<VARIANCE> 39
 9.007415e+00 1.462069e+01 2.067348e+01 2.763050e+01 3.406908e+01 3.151891e+01 2.391747e+01 3.765852e+01 2.971136e+01 2.716400e+01 3.713963e+01 2.599694e+01 2.026619e-02 2.084749e+00 3.651823e+00 3.657548e+00 4.263934e+00 4.485400e+00 5.305645e+00 4.806467e+00 6.310414e+00 4.215337e+00 4.481636e+00 5.592318e+00 3.941542e+00 1.599686e-03 3.228835e-01 4.790173e-01 4.469528e-01 5.106428e-01 6.956843e-01 5.683897e-01 6.021823e-01 8.802909e-01 6.494265e-01 4.486544e-01 6.017256e-01 3.347945e-01 3.373414e-04
<GCONST> 1.015711e+02
<MIXTURE> 14 3.994283e-02
<MEAN> 39
 -6.415070e+00 2.964524e+00 1.411031e-01 -4.469803e+00 -1.071914e+01 -1.052521e+01 -9.589246e+00 -8.838560e+00 -1.099354e+01 -1.028715e+01 -1.255765e+01 -7.429965e+00 3.108014e-01 -1.044953e+00 2.192760e+00 8.267329e-02 2.244196e+00 1.793671e+00 1.353503e+00 -4.778095e-01 -8.453169e-01 -3.974459e-01 -1.334828e+00 -3.644183e-01 -1.502401e+00 -8.845073e-02 -5.797011e-01 -1.345861e+00 -2.733748e-01 -1.156396e+00 1.629499e-01 6.846435e-02 5.542038e-01 5.764366e-01 5.363644e-01 1.010787e+00 8.280785e-01 7.581019e-01 3.151949e-02
<VARIANCE> 39
 7.937488e+00 1.410482e+01 1.726467e+01 1.709937e+01 2.806409e+01 3.542032e+01 3.374799e+01 2.559935e+01 2.874055e+01 2.662612e+01 2.945660e+01 3.201196e+01 1.777341e-02 1.897989e+00 3.654961e+00 3.414778e+00 4.685360e+00 4.695212e+00 4.570846e+00 4.830014e+00 5.218442e+00 4.533423e+00 3.071432e+00 3.467211e+00 3.313911e+00 2.621505e-03 2.829413e-01 4.715962e-01 5.862101e-01 7.616773e-01 6.438741e-01 9.592609e-01 9.547124e-01 1.072781e+00 7.550623e-01 6.282495e-01 6.986793e-01 6.679788e-01 4.253183e-04
<GCONST> 1.027904e+02
<MIXTURE> 15 4.611462e-02
<MEAN> 39
 -1.292886e+01 4.820023e+00 1.928309e+00 4.043718e+00 1.323705e+00 4.962751e-02 -3.478260e+00 -4.415132e+00 -6.206778e+00 -5.190205e+00 -5.277831e+00 -4.338058e+00 -3.297290e-02 -1.583290e+00 -4.294698e+00 -1.763824e+00 -3.887791e+00 -8.767470e-01 1.102849e-01 8.913339e-01 1.330726e+00 1.145072e+00 1.293593e+00 1.539459e+00 1.159278e+00 1.018073e-01 4.495544e-01 -8.845897e-01 -1.868950e-01 -1.205931e+00 -1.321578e+00 -1.265697e+00 -6.516033e-01 2.452581e-01 3.242086e-01 3.098088e-01 1.459367e-01 3.735072e-01 6.455712e-02
<VARIANCE> 39
 5.343433e+00 4.006019e+00 5.517817e+00 7.078251e+00 7.170445e+00 8.750475e+00 1.091948e+01 1.194738e+01 1.159305e+01 1.086696e+01 9.736698e+00 9.076011e+00 1.046313e-02 1.657859e+00 2.045948e+00 2.975592e+00 3.031046e+00 2.603587e+00 3.398933e+00 3.452932e+00 2.961150e+00 2.537035e+00 2.441121e+00 2.014102e+00 1.803428e+00 2.096460e-03 3.353060e-01 4.890198e-01 4.252143e-01 5.582649e-01 3.641347e-01 2.670925e-01 4.884433e-01 4.419360e-01 5.646310e-01 3.478859e-01 3.719003e-01 2.878637e-01 3.229124e-04
<GCONST> 7.803585e+01
<MIXTURE> 16 5.887084e-02
<MEAN> 39
 -5.868367e+00 -9.624411e-01 3.906967e+00 1.939359e+00 -1.153566e+01 -9.253697e+00 -4.920367e+00 -2.972450e+00 -6.555406e+00 -6.821736e+00 -5.121105e+00 -2.618115e+00 3.124034e-01 -1.378447e+00 3.453947e+00 -4.879986e-01 1.910278e+00 3.373803e+00 1.680574e+00 6.555989e-01 -1.368030e+00 1.886252e-01 -1.742024e-01 -1.282369e+00 -8.053120e-01 -1.229854e-01 -3.500190e-01 -1.094040e+00 -3.014644e-01 -1.319419e+00 6.062273e-02 1.888764e-01 -4.403907e-01 3.926421e-01 7.632940e-02 4.294290e-01 4.978888e-01 1.670084e-01 3.156247e-02
<VARIANCE> 39
 5.321368e+00 2.841184e+01 2.019995e+01 2.991755e+01 2.694121e+01 2.373032e+01 2.226425e+01 2.168869e+01 2.606524e+01 2.037664e+01 2.331990e+01 1.459946e+01 1.916074e-02 1.806007e+00 3.139654e+00 4.101249e+00 4.305318e+00 4.287967e+00 3.597711e+00 3.771048e+00 3.504480e+00 4.052155e+00 4.039039e+00 2.266407e+00 2.227256e+00 1.589813e-03 2.402290e-01 7.620967e-01 5.246586e-01 5.912449e-01 7.549071e-01 5.810937e-01 7.553003e-01 7.400699e-01 6.722711e-01 5.762576e-01 5.018097e-01 2.859259e-01 4.170484e-04
<GCONST> 9.683821e+01
<STATE> 3
<NUMMIXES> 16
<MIXTURE> 1 6.799970e-02
<MEAN> 39
 -1.764050e+01 -8.245099e+00 -3.974918e+00 -1.047318e+01 -2.428230e+00 -3.121007e+00 -1.679291e+00 -6.355106e-01 -2.344242e+00 -1.251848e+00 -1.768157e+00 -1.229956e+00 3.672937e-01 -2.635933e+00 -2.095978e+00 -1.494465e+00 -1.979296e+00 5.659947e-01 1.858975e-01 1.713500e+00 2.245729e+00 2.178307e+00 1.524773e+00 1.813423e+00 1.326778e+00 5.546894e-02 1.073552e+00 7.633365e-01 2.251434e-01 2.270407e-01 -9.798948e-01 -7.670293e-01 -4.496109e-01 -5.690714e-01 -5.404996e-01 -3.049878e-01 -5.075605e-01 -1.068043e-02 1.362171e-02
<VARIANCE> 39
 1.175209e+01 2.493853e+01 2.939235e+01 2.918745e+01 3.049464e+01 2.708798e+01 2.949431e+01 2.777956e+01 2.987124e+01 2.143558e+01 1.910009e+01 1.823842e+01 1.799882e-02 3.007457e+00 3.243405e+00 3.116560e+00 6.036484e+00 4.162481e+00 3.714886e+00 4.147427e+00 3.850738e+00 3.234677e+00 3.522727e+00 3.392964e+00 2.903244e+00 4.267893e-03 5.411239e-01 5.641199e-01 7.644427e-01 1.137414e+00 1.033935e+00 1.114095e+00 8.402506e-01 9.555077e-01 8.857594e-01 7.194273e-01 8.098692e-01 6.860925e-01 6.689727e-04
<GCONST> 1.060679e+02
<MIXTURE> 2 5.154965e-02
<MEAN> 39
 -1.903213e+01 -2.036343e+00 -5.382010e+00 -1.060735e+00 -1.529973e+00 -1.454367e-02 -1.110380e+00 -3.239420e-01 -8.072568e-01 4.343634e-01 5.638894e-02 -4.042083e-01 -1.388061e-01 -1.792831e-01 -2.062516e-01 -1.484837e-01 8.967141e-02 4.653973e-03 2.727405e-01 1.158680e-01 5.125871e-02 1.718974e-01 8.411533e-02 2.615245e-03 1.079836e-01 -7.398889e-03 1.618951e-01 -1.563218e-01 1.360402e-01 -4.339979e-01 -1.541918e-01 -2.820691e-01 -1.667806e-01 -8.539605e-02 -1.804489e-01 -1.362062e-01 -1.133142e-01 1.051302e-02 3.380185e-02
<VARIANCE> 39
 2.652116e+00 4.069489e+00 4.383463e+00 6.052010e+00 7.960727e+00 1.013757e+01 1.191315e+01 9.615398e+00 9.908340e+00 1.362337e+01 9.341105e+00 9.467672e+00 8.258804e-04 1.027548e+00 9.053550e-01 1.721960e+00 1.184752e+00 9.329642e-01 1.334406e+00 1.659043e+00 1.432785e+00 1.600827e+00 1.585783e+00 1.050190e+00 1.158562e+00 8.477888e-04 2.419218e-01 2.654600e-01 3.172674e-01 3.946252e-01 3.133840e-01 3.231267e-01 3.823188e-01 3.807019e-01 3.875374e-01 3.651531e-01 2.772206e-01 2.944366e-01 5.391683e-04
<GCONST> 6.350804e+01
<MIXTURE> 3 6.664969e-02
<MEAN> 39
 -8.383598e+00 -1.131833e+01 3.275711e-01 -5.568597e+00 -1.210778e+01 -3.825077e+00 -7.685005e+00 -3.960617e+00 2.733847e-01 -4.201074e+00 -3.901853e+00 -3.457640e-02 5.075626e-01 4.246013e-02 -2.980701e+00 -6.375279e-02 -2.576540e+00 -1.530601e+00 -4.369881e-01 -1.828879e+00 2.505489e+00 2.631193e+00 3.123188e-01 1.296214e+00 8.676403e-01 8.942302e-02 7.758507e-01 4.867034e-01 -4.761419e-01 -1.040939e-01 2.106619e-01 -4.685688e-01 -2.720376e-01 1.668748e-01 -5.260614e-01 4.902892e-01 2.100401e-02 -4.792958e-01 8.580931e-03
<VARIANCE> 39
 1.271869e+01 2.091554e+01 2.425082e+01 3.522988e+01 2.533380e+01 3.893262e+01 4.113618e+01 2.948540e+01 2.628485e+01 1.833673e+01 1.740580e+01 1.758673e+01 1.672347e-02 1.633849e+00 2.960498e+00 2.872490e+00 4.195613e+00 4.465513e+00 4.357295e+00 5.500500e+00 4.456517e+00 4.343712e+00 3.912059e+00 3.320994e+00 2.981963e+00 2.391619e-03 2.491982e-01 5.631825e-01 4.881961e-01 8.386661e-01 6.222084e-01 1.004540e+00 1.319577e+00 1.081984e+00 1.066662e+00 6.372634e-01 8.498333e-01 5.574943e-01 2.410021e-04
<GCONST> 1.027054e+02
<MIXTURE> 4 5.876605e-02
<MEAN> 39
 -1.299186e+01 -7.013029e+00 -1.811867e+00 -1.191666e+01 -5.038999e+00 -8.110088e+00 -5.419724e+00 -1.434122e+00 -3.531437e+00 -2.303039e+00 -1.217086e+00 1.068433e+00 5.638442e-01 9.937854e-01 -3.292526e+00 -4.217950e-01 -3.364515e+00 -3.258943e+00 -2.096976e+00 -1.407238e+00 1.900810e+00 1.352696e+00 1.320008e+00 9.427669e-01 1.014576e+00 1.656601e-01 1.100610e+00 2.608874e-01 2.013298e-01 7.175885e-01 -8.170347e-01 1.478475e-01 -7.180349e-01 1.694297e-01 6.068382e-02 7.665236e-02 -4.781883e-01 -7.616403e-01 -3.402965e-03
<VARIANCE> 39
 6.439706e+00 1.302959e+01 1.620368e+01 1.749161e+01 1.674673e+01 2.490870e+01 2.044224e+01 2.121568e+01 1.643112e+01 1.491983e+01 1.238786e+01 1.268358e+01 1.250858e-02 1.258881e+00 1.991052e+00 2.256705e+00 2.410817e+00 2.697118e+00 3.055488e+00 4.281641e+00 3.130280e+00 3.612509e+00 2.188289e+00 2.809447e+00 2.733532e+00 1.752704e-03 1.800341e-01 4.179399e-01 6.107687e-01 7.716872e-01 6.238275e-01 7.820937e-01 6.678029e-01 7.949679e-01 8.000370e-01 6.093728e-01 6.158313e-01 5.740173e-01 3.406562e-04
<GCONST> 9.068098e+01
<MIXTURE> 5 8.039727e-02
<MEAN> 39
 -1.135075e+01 -4.307317e+00 2.661511e+00 -3.506715e+00 -1.934394e+00 -9.091219e-01 -5.133317e+00 -3.945866e+00 -6.255909e+00 -5.487031e+00 -5.082088e+00 -3.251782e+00 2.986321e-01 -1.687179e+00 -2.831152e+00 -7.852750e-01 -3.760531e+00 -9.223518e-01 -2.076421e-01 4.306323e-01 7.455996e-01 2.613232e-01 1.025698e+00 1.742794e+00 1.438494e+00 9.922854e-02 7.096591e-01 -2.362761e-01 -5.032695e-02 -3.048037e-01 -1.265529e+00 -1.174942e+00 -7.069719e-01 4.572122e-01 2.690089e-01 2.057617e-01 2.543595e-01 1.892923e-01 3.876211e-02
<VARIANCE> 39
 1.282613e+01 2.423486e+01 2.530919e+01 2.522799e+01 2.934792e+01 2.738243e+01 2.693076e+01 1.802777e+01 1.951468e+01 1.492705e+01 1.371215e+01 1.344520e+01 1.605256e-02 1.900390e+00 2.881980e+00 3.185350e+00 3.279444e+00 3.452672e+00 4.213650e+00 3.345025e+00 3.711219e+00 3.766040e+00 3.206424e+00 3.000968e+00 2.299020e+00 2.376652e-03 3.394918e-01 5.667936e-01 6.688764e-01 6.592064e-01 9.137446e-01 8.685644e-01 9.422165e-01 7.464079e-01 6.920543e-01 6.118011e-01 5.544875e-01 5.938220e-01 3.322611e-04
<GCONST> 9.810293e+01
<MIXTURE> 6 4.712243e-02
<MEAN> 39
 -1.860453e+01 -3.125626e+00 -4.434899e+00 -3.066190e+00 -1.223379e+00 -1.394093e-01 -8.267840e-01 -2.894996e-01 -6.313723e-01 2.309071e-01 -7.935577e-01 -4.697957e-01 1.009762e-01 7.141222e-03 -1.833038e+00 -6.947880e-01 -2.906455e+00 -1.356804e+00 -1.633511e+00 -4.335437e-01 -1.124483e-01 -6.642688e-02 -3.456001e-01 2.494222e-01 2.913827e-01 1.400382e-01 2.929254e-01 2.492072e-01 2.517459e-01 -4.160712e-01 -6.285526e-01 -9.037732e-01 -4.093605e-01 -1.672196e-01 -3.190963e-01 -2.647313e-01 -2.214499e-01 -3.750348e-02 3.872912e-02
<VARIANCE> 39
 2.301640e+01 2.726463e+01 2.648345e+01 2.302395e+01 2.612909e+01 1.816726e+01 1.385917e+01 1.777556e+01 1.045497e+01 9.415651e+00 8.726566e+00 6.897427e+00 3.900476e-02 1.820788e+00 2.592108e+00 4.343655e+00 3.080702e+00 3.206658e+00 3.239310e+00 2.312512e+00 2.800909e+00 2.246658e+00 1.900057e+00 1.949344e+00 1.642978e+00 2.918670e-03 6.022923e-01 6.927765e-01 5.349839e-01 5.117235e-01 7.492795e-01 5.286914e-01 4.075698e-01 4.887065e-01 4.170555e-01 3.261364e-01 3.588125e-01 1.958882e-01 6.019294e-04
<GCONST> 9.000299e+01
<MIXTURE> 7 6.241135e-02
<MEAN> 39
 -2.108631e+01 -6.070127e+00 -7.823944e+00 -1.200637e+01 -2.321850e+00 -5.698909e+00 -3.555939e-01 -4.929977e-01 -2.608426e+00 3.787669e-01 -9.446006e-01 1.516061e+00 4.265757e-01 6.650119e-01 3.111056e-01 -1.779720e-01 -1.537762e+00 -1.537206e+00 -2.687140e+00 -4.755637e-01 -6.972185e-01 -6.896560e-01 -4.988221e-01 -5.297412e-01 2.911350e-01 1.330335e-01 1.051764e+00 6.104547e-01 9.127595e-01 8.327985e-01 -7.276253e-01 -4.325781e-01 -8.311561e-01 -3.022648e-01 -2.223430e-01 -3.123285e-01 -2.895985e-01 -3.233355e-01 -3.367309e-03
<VARIANCE> 39
 1.679368e+01 1.802092e+01 2.072700e+01 1.572321e+01 1.801011e+01 1.742849e+01 1.603668e+01 1.378805e+01 1.576043e+01 1.277036e+01 1.087132e+01 1.039560e+01 1.294633e-02 2.768353e+00 2.212818e+00 2.923243e+00 2.355805e+00 2.131629e+00 2.297843e+00 2.508245e+00 1.844680e+00 1.576216e+00 1.627630e+00 1.575671e+00 1.405038e+00 4.243408e-03 5.579932e-01 4.438497e-01 6.293616e-01 6.571368e-01 6.460562e-01 5.202993e-01 5.318122e-01 4.941832e-01 6.631250e-01 4.632662e-01 4.494463e-01 3.995391e-01 7.019897e-04
<GCONST> 8.828244e+01
<MIXTURE> 8 4.537654e-02
<MEAN> 39
 -1.260475e+01 -8.061043e+00 -8.437467e+00 -7.044067e+00 -3.520907e+00 -4.224325e-01 -3.482211e+00 -2.672561e+00 -1.874690e+00 -1.461635e+00 -1.956147e+00 -9.804565e-01 1.589457e-01 -1.804633e+00 -1.980524e+00 -1.359003e+00 -1.867860e+00 -1.760050e-01 7.383732e-01 9.353006e-01 9.005461e-01 1.037918e+00 1.052160e+00 9.105536e-01 7.600440e-01 3.809860e-02 -2.470438e-01 6.871589e-01 8.766422e-01 4.832272e-01 -2.357811e-01 -7.497153e-01 -1.038309e-01 1.047369e-01 -2.225500e-01 -1.089854e-01 -6.101187e-02 -2.939270e-02 1.809126e-02
<VARIANCE> 39
 1.842990e+01 3.043704e+01 5.915770e+01 2.227195e+01 2.451463e+01 2.487531e+01 2.164939e+01 1.482228e+01 1.352479e+01 1.124524e+01 1.051526e+01 8.791006e+00 4.397116e-02 4.047555e+00 7.539528e+00 5.421790e+00 6.124245e+00 2.960773e+00 3.162586e+00 2.981952e+00 2.975236e+00 1.822144e+00 2.138730e+00 2.433628e+00 1.796160e+00 3.768716e-03 4.624287e-01 6.591067e-01 1.070971e+00 5.741272e-01 7.477016e-01 7.739442e-01 5.994302e-01 4.873210e-01 4.615042e-01 3.579783e-01 3.846047e-01 2.996703e-01 6.360020e-04
<GCONST> 9.762281e+01
<MIXTURE> 9 8.395721e-02
<MEAN> 39
 -1.743756e+01 -1.097294e+01 -1.573369e+00 -1.389701e+01 -2.215485e+00 -1.015991e+00 -4.801990e+00 1.813591e+00 -3.737719e+00 -8.294521e-01 4.358611e-01 -6.433897e-01 4.430201e-01 6.026860e-01 -1.497656e+00 5.113589e-01 -3.334554e+00 -1.820668e+00 -2.386220e+00 -1.352512e+00 2.987255e-01 -5.058725e-01 -8.649254e-02 2.066040e-01 3.885172e-01 1.704641e-01 9.492228e-01 1.046105e+00 3.506068e-01 1.239124e+00 -9.225998e-01 -8.567628e-01 -3.634742e-01 -4.713937e-01 -1.432189e-02 -2.642188e-01 -4.615383e-01 -1.201025e-01 -7.996658e-03
<VARIANCE> 39
 9.238273e+00 1.049359e+01 1.264669e+01 1.514625e+01 1.932392e+01 2.451186e+01 1.961335e+01 1.871651e+01 2.260198e+01 1.778361e+01 1.459668e+01 1.678686e+01 1.593685e-02 3.390363e+00 2.077456e+00 2.713177e+00 3.039815e+00 2.997418e+00 2.549843e+00 2.765205e+00 2.695457e+00 3.238683e+00 2.248642e+00 1.944369e+00 1.835139e+00 2.607783e-03 4.450555e-01 3.991031e-01 6.579207e-01 6.727502e-01 6.012729e-01 9.414848e-01 7.206942e-01 6.167222e-01 8.891677e-01 6.390485e-01 6.362220e-01 5.550286e-01 5.001703e-04
<GCONST> 9.321416e+01
<MIXTURE> 10 7.104831e-02
<MEAN> 39
 -1.088782e+01 -7.642529e+00 2.846710e+00 -1.079147e+01 -5.453062e+00 -5.086064e+00 -8.409200e+00 -1.155512e+00 -6.236822e+00 -5.730364e+00 -2.204598e+00 -1.648466e+00 4.885356e-01 -7.294739e-01 -2.945070e+00 7.511899e-01 -3.090798e+00 -1.345437e+00 -1.418183e+00 -1.179269e+00 2.523664e+00 1.091125e+00 1.275609e-01 1.849554e+00 1.587087e+00 9.434198e-02 8.115781e-01 2.520539e-01 -1.166998e-01 5.638153e-01 -1.137753e+00 -6.386160e-01 1.092341e-01 -3.001720e-01 9.449407e-03 4.896529e-01 -2.663896e-01 -1.625720e-01 1.239010e-02
<VARIANCE> 39
 7.087835e+00 1.205969e+01 1.235440e+01 2.350997e+01 2.508850e+01 4.203575e+01 2.321846e+01 2.150749e+01 2.092459e+01 1.471882e+01 1.947370e+01 1.346105e+01 1.322270e-02 1.044490e+00 1.726191e+00 2.028395e+00 3.240539e+00 4.510031e+00 3.190241e+00 4.564216e+00 4.560185e+00 4.653490e+00 3.686661e+00 3.153833e+00 2.218204e+00 1.943167e-03 2.007939e-01 3.403052e-01 5.053501e-01 6.385137e-01 6.339747e-01 9.429598e-01 9.057539e-01 7.870631e-01 8.074273e-01 6.078215e-01 9.591601e-01 5.147984e-01 1.524616e-04
<GCONST> 9.378946e+01
<MIXTURE> 11 5.202387e-02
<MEAN> 39
 -1.925702e+01 -1.162277e+00 -4.355417e+00 5.432581e-01 -2.535851e-01 1.313593e+00 -6.813216e-01 5.421219e-01 3.732619e-01 1.132751e+00 -2.621441e-01 -5.715157e-01 -1.495530e-01 -5.714673e-01 -2.017542e+00 -8.584975e-01 -2.048876e+00 -4.059122e-01 -4.540960e-01 7.375215e-01 8.192736e-01 7.278143e-01 9.580738e-01 1.109853e+00 8.676577e-01 7.579277e-02 5.757442e-01 -1.118577e-01 1.866872e-01 -1.003368e+00 -8.965904e-01 -1.213646e+00 -6.268238e-01 -5.958340e-01 -6.718285e-01 -5.743099e-01 -4.013219e-01 -1.233775e-01 7.055827e-02
<VARIANCE> 39
 1.215368e+00 2.816486e+00 3.137488e+00 4.892236e+00 6.080908e+00 7.708145e+00 8.446584e+00 8.787153e+00 7.728144e+00 8.820719e+00 7.749122e+00 7.669595e+00 1.097022e-04 1.555056e+00 3.229016e+00 3.499039e+00 4.332994e+00 2.719626e+00 4.124232e+00 2.691529e+00 2.362979e+00 2.436315e+00 2.528962e+00 1.978616e+00 1.557961e+00 8.616894e-03 5.159107e-01 5.299388e-01 3.991918e-01 4.425955e-01 4.509008e-01 4.722356e-01 4.371162e-01 5.325717e-01 4.322513e-01 3.649702e-01 3.837368e-01 3.457777e-01 5.359921e-04
<GCONST> 7.233981e+01
<MIXTURE> 12 6.970817e-02
<MEAN> 39
 -1.459493e+01 -4.373441e+00 -1.058589e+00 -1.053676e+01 -3.982448e+00 -6.537328e+00 -4.979946e+00 -4.962389e+00 -6.099339e+00 -3.810701e+00 -3.487121e+00 -3.823657e+00 4.481971e-01 -9.406896e-01 -1.017905e+00 -2.219639e-01 -2.115805e+00 -2.380109e-01 -8.016862e-01 -9.810543e-02 6.780149e-01 8.437251e-01 9.348839e-01 4.519649e-01 4.746049e-01 5.827735e-02 1.307926e+00 -3.409557e-01 6.033946e-02 -4.745558e-01 -1.560428e+00 -4.059389e-01 -5.541969e-01 5.982805e-02 -1.581716e-01 1.912482e-01 -3.221335e-01 4.658436e-01 3.364324e-02
<VARIANCE> 39
 1.209775e+01 2.508906e+01 2.470463e+01 4.023939e+01 3.478829e+01 3.455782e+01 3.319083e+01 3.054734e+01 2.755960e+01 2.077949e+01 2.083559e+01 1.521224e+01 1.459299e-02 2.575527e+00 2.721650e+00 2.576868e+00 3.801567e+00 4.697614e+00 4.159984e+00 4.149160e+00 6.300869e+00 4.944890e+00 3.553007e+00 2.855439e+00 3.088364e+00 2.176353e-03 4.505882e-01 6.494302e-01 9.366546e-01 1.431453e+00 1.361043e+00 1.304817e+00 1.490451e+00 1.234236e+00 1.062863e+00 9.698933e-01 8.885323e-01 6.900155e-01 2.883534e-04
<GCONST> 1.072063e+02
<MIXTURE> 13 5.571996e-02
<MEAN> 39
 -1.924478e+01 -4.875795e+00 -9.330426e+00 -1.087344e+01 -5.062994e+00 -6.037945e+00 1.475148e-01 -3.228668e+00 -1.202435e+00 8.169606e-02 1.007997e+00 -5.577247e-01 4.963613e-01 2.039464e+00 1.546028e-01 5.338147e-01 -2.959574e+00 -3.835134e+00 -3.804936e+00 -1.143045e+00 -1.136482e+00 -1.138284e+00 -7.480483e-01 -7.996825e-01 2.980264e-01 1.781283e-01 1.095832e+00 6.953219e-02 1.145357e+00 2.541396e-01 -6.539587e-01 -2.915711e-01 -7.743179e-01 1.158013e-01 -5.795858e-01 -2.344762e-01 -9.140955e-01 -1.306795e-02 -1.710549e-02
<VARIANCE> 39
 8.927999e+00 1.351100e+01 1.919556e+01 2.576953e+01 2.099310e+01 2.074587e+01 2.043960e+01 1.997627e+01 2.016529e+01 1.921733e+01 1.802881e+01 1.146113e+01 1.354401e-02 1.465114e+00 2.126929e+00 3.322837e+00 2.690390e+00 2.705762e+00 2.480893e+00 2.258790e+00 3.487761e+00 3.039233e+00 2.616268e+00 2.283523e+00 1.662690e+00 2.855937e-03 3.149258e-01 4.962102e-01 7.586818e-01 7.993597e-01 7.090568e-01 7.810113e-01 8.242993e-01 8.324359e-01 8.923382e-01 8.055573e-01 7.933221e-01 4.632711e-01 3.989150e-04
<GCONST> 9.411383e+01
<MIXTURE> 14 5.922747e-02
<MEAN> 39
 -1.096633e+01 -1.484114e+01 -6.980132e+00 9.807475e-01 -6.528015e+00 -3.900783e+00 -2.252173e+00 -1.471736e+00 -3.409776e+00 -2.581659e+00 -2.319345e+00 -1.302892e+00 3.672502e-01 -1.147267e+00 -2.991082e+00 -1.254165e+00 -1.589666e+00 -1.422065e+00 -6.285174e-01 5.754091e-01 8.444779e-01 7.282761e-01 5.165195e-01 1.103120e+00 9.768554e-01 8.123072e-02 2.918366e-01 1.453137e+00 5.674540e-01 -5.133705e-01 -9.105638e-02 -3.764162e-01 -8.342421e-01 -3.990364e-01 1.501034e-01 1.867751e-02 -9.641492e-02 -1.194208e-01 8.975605e-03
<VARIANCE> 39
 3.022698e+01 2.101885e+01 4.258198e+01 2.044821e+01 3.528175e+01 3.227195e+01 2.936740e+01 2.113296e+01 2.108976e+01 1.192174e+01 1.318580e+01 1.099321e+01 1.592072e-02 4.314741e+00 5.225142e+00 3.639346e+00 2.765938e+00 3.737946e+00 3.639827e+00 3.933507e+00 3.509338e+00 3.519191e+00 3.020662e+00 2.264763e+00 2.136352e+00 3.207293e-03 7.771899e-01 7.067787e-01 8.808057e-01 6.904845e-01 7.854100e-01 1.039244e+00 9.837984e-01 8.959482e-01 7.232333e-01 5.012736e-01 5.532284e-01 3.361341e-01 4.216870e-04
<GCONST> 1.016967e+02
<MIXTURE> 15 6.722590e-02
<MEAN> 39
 -1.962132e+01 -2.312668e+00 -5.493633e+00 -1.301259e+00 -1.536800e+00 3.305582e-01 -1.356654e+00 -4.460815e-02 -3.587247e-01 8.551855e-01 -1.543015e-02 8.605296e-03 -1.500494e-01 5.994512e-01 -2.215182e+00 -2.287787e-01 -2.733112e+00 -9.004075e-01 -1.147913e+00 -4.888511e-01 -1.000758e-01 -4.472539e-01 -3.812077e-01 7.464176e-02 1.695479e-01 1.309267e-01 2.262153e-01 9.240644e-02 1.222303e-01 -7.503197e-01 -4.792398e-01 -8.324000e-01 -3.426577e-01 -1.461212e-01 -2.222560e-01 -2.496301e-01 -2.596453e-01 -1.037574e-01 6.609911e-02
<VARIANCE> 39
 7.966351e-01 2.963644e+00 3.184672e+00 4.341958e+00 5.102018e+00 6.562146e+00 7.459838e+00 8.791613e+00 8.107504e+00 9.077022e+00 6.602455e+00 5.697253e+00 1.097022e-04 9.718643e-01 2.179957e+00 2.458376e+00 2.399428e+00 1.972760e+00 2.326391e+00 2.248973e+00 2.158177e+00 2.102398e+00 1.688624e+00 1.385378e+00 1.651432e+00 4.542697e-03 5.169164e-01 3.063362e-01 4.851337e-01 3.854851e-01 2.918246e-01 3.420556e-01 3.666933e-01 3.231098e-01 3.550284e-01 3.203948e-01 2.589398e-01 1.957587e-01 6.665491e-04
<GCONST> 6.356870e+01
<MIXTURE> 16 6.080354e-02
<MEAN> 39
 -1.786001e+01 -7.161522e+00 -4.658016e+00 -1.076777e+01 -1.630243e+00 -4.904327e+00 2.017674e-01 -1.700965e+00 -2.940691e+00 5.140587e-03 -1.413954e+00 -5.232387e-01 4.369365e-01 -4.661455e-01 -2.085089e+00 -1.108842e+00 -3.694074e+00 -2.319203e+00 -2.321064e+00 7.973856e-01 7.333542e-01 9.230229e-01 1.272089e+00 1.255211e+00 1.637630e+00 1.628245e-01 1.530570e+00 5.582846e-01 8.853731e-01 2.969651e-01 -1.532288e+00 -8.338792e-01 -1.240161e+00 -2.260569e-01 -4.312061e-01 -5.362507e-01 -5.750946e-01 -1.951401e-01 1.427876e-02
<VARIANCE> 39
 9.762248e+00 1.171965e+01 1.990486e+01 1.723776e+01 2.333860e+01 2.506532e+01 1.992608e+01 2.517271e+01 1.984522e+01 1.769174e+01 1.857600e+01 1.444099e+01 1.260064e-02 1.703470e+00 1.957545e+00 2.602956e+00 2.119044e+00 3.068977e+00 2.243981e+00 3.108798e+00 2.995799e+00 2.348941e+00 2.622923e+00 2.022590e+00 1.706140e+00 1.691965e-03 2.875763e-01 3.862295e-01 7.387415e-01 8.339448e-01 8.620393e-01 8.193041e-01 7.693764e-01 8.426847e-01 1.053993e+00 8.307173e-01 7.810931e-01 5.468621e-01 2.602508e-04
<GCONST> 9.297101e+01
<STATE> 4
<NUMMIXES> 16
<MIXTURE> 1 6.260003e-02
<MEAN> 39
 -9.011720e+00 -5.108257e+00 -1.559014e-01 -6.468575e+00 -1.309807e+01 -1.053706e+01 -4.884424e+00 2.989571e-01 -1.075022e+00 -1.503761e+00 -2.174054e+00 2.456444e+00 3.944737e-01 1.654832e-02 1.386975e-01 -4.893083e-01 1.121291e+00 2.664298e-01 5.864853e-01 1.231624e+00 1.055136e+00 8.334326e-01 3.689358e-01 -5.232686e-01 -1.626768e-01 -3.904880e-02 -4.506136e-01 -2.739081e-02 -3.621558e-01 6.742600e-02 1.006366e+00 7.783626e-01 2.977191e-01 -9.329984e-02 -1.958241e-01 -1.921334e-01 -1.510872e-01 -3.964570e-01 -1.707358e-02
<VARIANCE> 39
 1.277955e+01 2.451785e+01 2.837543e+01 5.343111e+01 5.163216e+01 5.867767e+01 5.728222e+01 4.588126e+01 5.274950e+01 5.799965e+01 5.657647e+01 3.343160e+01 1.845183e-02 2.178787e+00 3.084574e+00 2.822305e+00 3.377732e+00 6.613171e+00 4.894973e+00 4.646523e+00 3.548034e+00 4.165350e+00 4.390607e+00 4.470437e+00 3.398517e+00 2.572265e-03 2.865958e-01 6.253981e-01 5.246853e-01 8.076817e-01 9.630822e-01 8.509896e-01 9.645351e-01 7.852492e-01 8.968393e-01 9.227663e-01 1.015858e+00 7.595561e-01 4.538855e-04
<GCONST> 1.111203e+02
<MIXTURE> 2 7.310726e-02
<MEAN> 39
 -6.925662e+00 -6.168881e+00 -3.542342e+00 -1.011083e+01 -1.025510e+01 -1.180354e+01 -1.229254e+01 -7.410104e-01 3.139821e+00 7.011418e-01 -3.181928e+00 -3.081222e+00 7.537075e-01 3.383041e+00 -1.036570e+00 -1.260352e+00 -4.344797e-01 -2.314184e+00 -7.371563e-01 -2.375235e+00 3.689749e-01 2.020986e+00 1.133244e+00 -8.166189e-02 -2.076015e+00 9.321170e-02 -8.982223e-02 -5.837179e-03 -1.872663e-01 4.117588e-01 5.975999e-01 1.189209e+00 7.243868e-01 -1.844915e-01 -4.403384e-01 -1.721126e-01 7.989988e-02 -3.521243e-01 -3.727391e-02
<VARIANCE> 39
 1.145239e+01 1.542661e+01 1.916321e+01 2.018121e+01 2.505937e+01 2.425707e+01 3.516518e+01 2.241158e+01 2.452547e+01 1.903359e+01 1.412780e+01 1.597038e+01 8.299296e-03 1.658045e+00 2.568932e+00 4.161685e+00 4.246011e+00 3.926481e+00 5.949759e+00 6.339725e+00 5.047917e+00 4.468852e+00 4.431594e+00 3.891791e+00 3.146652e+00 1.248367e-03 4.139881e-01 3.848685e-01 3.284406e-01 4.898440e-01 4.667967e-01 4.147455e-01 6.352235e-01 5.265687e-01 4.976886e-01 4.627048e-01 4.438569e-01 4.794440e-01 2.435567e-04
<GCONST> 9.466821e+01
<MIXTURE> 3 5.922049e-02
<MEAN> 39
 -1.687192e+01 -2.714098e+00 -3.053545e+00 -1.099465e+01 -4.892019e+00 -9.414975e+00 -2.389747e+00 -1.327201e+00 -4.868715e+00 -1.575378e+00 -1.924003e+00 1.605799e+00 5.200158e-01 2.857557e+00 2.238813e-01 1.828134e+00 3.744024e-01 -3.541369e+00 -2.621400e+00 -2.409337e+00 -2.257025e-01 1.622991e-02 -7.274697e-01 -3.292477e-02 -4.339339e-03 1.052637e-01 9.274812e-01 -6.459396e-02 5.959045e-01 1.044669e+00 -5.298745e-01 5.484115e-01 -7.379327e-01 9.034465e-02 2.597677e-01 -1.544881e-01 8.230416e-02 -5.409803e-01 -2.430454e-02
<VARIANCE> 39
 1.113378e+01 1.548650e+01 2.898183e+01 1.562354e+01 1.631395e+01 1.591065e+01 1.959279e+01 2.327354e+01 1.851622e+01 1.293721e+01 1.508843e+01 1.088199e+01 1.452432e-02 1.885816e+00 2.493117e+00 4.228091e+00 2.790608e+00 3.313093e+00 3.534004e+00 3.838240e+00 2.769762e+00 3.998291e+00 2.701791e+00 2.341615e+00 2.625649e+00 2.869211e-03 2.944793e-01 4.471085e-01 5.470511e-01 4.952635e-01 4.524675e-01 5.144714e-01 5.463521e-01 6.344286e-01 7.201687e-01 5.193663e-01 4.622097e-01 4.248383e-01 2.968381e-04
<GCONST> 9.157008e+01
<MIXTURE> 4 5.488288e-02
<MEAN> 39
 -1.757642e+01 -1.092514e+01 -5.262199e+00 -1.225041e+01 -5.592969e+00 -2.798896e+00 -4.057053e+00 1.029084e+00 -2.321382e-01 -7.832787e-01 1.393753e+00 1.258263e+00 4.207521e-01 -1.869951e+00 -5.555161e-01 -7.945442e-01 -1.524159e+00 -2.470850e-01 -6.527882e-01 7.643707e-01 1.808446e+00 1.236946e+00 9.901661e-01 8.591070e-01 8.233244e-01 4.818717e-02 8.462148e-01 1.368658e+00 4.716538e-01 1.205160e+00 -2.794617e-02 -5.548901e-01 -1.174062e-01 -5.749922e-01 -6.637757e-01 -3.593819e-01 -9.047498e-01 -3.711266e-01 -1.584365e-02
<VARIANCE> 39
 1.999008e+01 2.103683e+01 2.767707e+01 3.169136e+01 2.536413e+01 2.072523e+01 2.202341e+01 1.677348e+01 1.893944e+01 2.187601e+01 1.451330e+01 1.632656e+01 1.327410e-02 4.229169e+00 3.673983e+00 3.245388e+00 3.685203e+00 3.541451e+00 2.505048e+00 2.857536e+00 2.099783e+00 2.235450e+00 2.044327e+00 2.331787e+00 2.078011e+00 3.652513e-03 3.414708e-01 5.215539e-01 5.758258e-01 9.768553e-01 6.531395e-01 7.453842e-01 6.404352e-01 5.999995e-01 5.817397e-01 8.581945e-01 6.414037e-01 6.124405e-01 5.345610e-04
<GCONST> 9.738904e+01
<MIXTURE> 5 6.447818e-02
<MEAN> 39
 -9.314561e+00 -6.443407e+00 3.448803e+00 -1.116518e+01 -1.055612e+01 -1.309619e+01 -9.791261e+00 -1.168042e+00 -4.589202e+00 -3.578457e+00 -1.453380e+00 7.937165e-01 6.626986e-01 1.573100e+00 -1.675236e+00 6.558034e-01 -1.158907e+00 -3.611853e+00 -2.681740e+00 -1.635306e+00 1.529902e+00 4.972041e-01 7.154938e-01 7.139669e-01 8.977317e-01 1.033459e-01 5.808892e-01 5.361493e-01 -1.518094e-01 1.065796e+00 -9.316869e-02 4.427764e-01 6.908170e-02 -1.405333e-01 -9.445105e-02 3.238426e-02 -5.045413e-01 -6.371338e-01 -2.283875e-02
<VARIANCE> 39
 5.660379e+00 8.769307e+00 1.535062e+01 2.084875e+01 1.912008e+01 2.172462e+01 2.107241e+01 1.761658e+01 2.433924e+01 1.589628e+01 1.420036e+01 1.038926e+01 9.058005e-03 1.143507e+00 2.729900e+00 2.840934e+00 3.986560e+00 4.288038e+00 3.727912e+00 4.560004e+00 4.405802e+00 4.732702e+00 3.130159e+00 3.348062e+00 2.424761e+00 1.450173e-03 1.393243e-01 2.136145e-01 2.686470e-01 3.590541e-01 4.228505e-01 4.965593e-01 4.627516e-01 5.328949e-01 6.198019e-01 4.602657e-01 4.630547e-01 3.115575e-01 1.811733e-04
<GCONST> 8.651509e+01
<MIXTURE> 6 5.586261e-02
<MEAN> 39
 -4.050383e+00 -1.028777e+01 -3.223660e+00 -9.598080e+00 -1.059946e+01 -6.901803e+00 -1.450630e+01 -3.062482e+00 2.705098e+00 8.644923e-01 -3.074703e+00 -3.067394e+00 6.553848e-01 1.671979e+00 -1.021546e+00 -1.200966e+00 -2.143308e+00 -5.001670e-01 -1.727030e-01 -1.760211e+00 8.552063e-01 1.460926e+00 1.295375e+00 6.341664e-01 -4.481004e-01 7.089151e-02 1.831512e-01 8.224024e-01 -1.836511e-01 3.295496e-01 4.390322e-01 3.359281e-01 7.886085e-01 -4.350870e-01 -1.029493e+00 -2.099530e-01 -9.076594e-02 -1.302983e-01 -1.813984e-02
<VARIANCE> 39
 1.115501e+01 2.172428e+01 2.256952e+01 4.813283e+01 5.068092e+01 4.011922e+01 3.171378e+01 4.822360e+01 2.868167e+01 2.569390e+01 2.099069e+01 2.008020e+01 1.366969e-02 1.165979e+00 3.846406e+00 2.536183e+00 4.662761e+00 3.833203e+00 5.033442e+00 6.041999e+00 6.259377e+00 5.419505e+00 4.258779e+00 4.899426e+00 3.288931e+00 1.592102e-03 2.371079e-01 4.594863e-01 3.500081e-01 7.812919e-01 8.809975e-01 6.641327e-01 8.108730e-01 8.973665e-01 8.532822e-01 6.836931e-01 4.680849e-01 3.760004e-01 2.245889e-04
<GCONST> 1.024566e+02
<MIXTURE> 7 5.803261e-02
<MEAN> 39
 -1.959706e+01 -1.053182e+01 -2.248538e+00 -1.527967e+00 -9.003515e+00 -8.683293e+00 -2.487155e+00 -6.117432e-02 -9.043729e-01 -2.523272e+00 -1.404799e+00 -4.178818e-01 4.750060e-01 2.192397e+00 1.418579e+00 1.039025e-01 2.524985e-01 5.310210e-01 -2.205038e+00 -2.666583e+00 -1.531959e-01 6.554396e-01 3.297195e-02 -1.362797e-01 -1.972962e-01 4.245812e-02 1.969980e+00 2.111924e-01 -5.150920e-01 -1.196147e-01 4.226869e-01 3.052808e-01 -1.279436e+00 -4.549114e-01 -9.430877e-02 -1.189424e-02 -5.470877e-02 -1.440104e-01 -6.380003e-04
<VARIANCE> 39
 3.089985e+01 1.425043e+01 2.168861e+01 2.041705e+01 2.079487e+01 2.557120e+01 2.970620e+01 1.451289e+01 2.020509e+01 1.260703e+01 1.421803e+01 1.277253e+01 1.295378e-02 6.840758e+00 1.841124e+00 2.811783e+00 2.698850e+00 2.240875e+00 3.332185e+00 3.593410e+00 2.682984e+00 2.533222e+00 2.156961e+00 1.926329e+00 1.440913e+00 1.029298e-03 3.936878e-01 7.974413e-01 5.485343e-01 5.838864e-01 5.043925e-01 6.321939e-01 6.747747e-01 4.764661e-01 6.298686e-01 3.868805e-01 5.129147e-01 4.021971e-01 2.940685e-04
<GCONST> 9.157593e+01
<MIXTURE> 8 6.775916e-02
<MEAN> 39
 -1.370676e+01 1.022575e+00 -3.849936e+00 -1.139090e+01 -1.287946e+01 -1.442194e+01 -4.528751e+00 -7.609895e+00 -5.319369e+00 -3.609472e+00 -3.181669e+00 -5.936223e-01 6.553968e-01 3.562230e+00 -1.036358e+00 2.094812e+00 -2.301409e+00 -3.898185e+00 -3.141801e+00 -1.828920e+00 1.234145e-01 -1.259466e+00 7.240754e-02 -1.910794e+00 8.515916e-01 9.415753e-02 3.796851e-01 -7.307726e-01 3.042381e-01 1.986702e-01 4.862288e-01 8.202171e-01 -2.603505e-02 7.187818e-01 -4.585647e-02 2.525975e-01 -4.495258e-01 -5.609615e-02 -2.803972e-02
<VARIANCE> 39
 1.216745e+01 1.257589e+01 2.880970e+01 2.527274e+01 2.970781e+01 2.791610e+01 1.771867e+01 2.698171e+01 2.445897e+01 1.752660e+01 1.640295e+01 1.407498e+01 1.278552e-02 1.802094e+00 2.764819e+00 4.781775e+00 4.032587e+00 3.985794e+00 4.530394e+00 5.361449e+00 5.424288e+00 5.012767e+00 3.728082e+00 3.644359e+00 2.915239e+00 1.849205e-03 3.650384e-01 4.103560e-01 4.227944e-01 4.719292e-01 7.197644e-01 6.886583e-01 5.236273e-01 4.931576e-01 4.570921e-01 4.954167e-01 5.042968e-01 3.966317e-01 3.362895e-04
<GCONST> 9.650044e+01
<MIXTURE> 9 7.165477e-02
<MEAN> 39
 -1.054551e+01 -2.751252e+00 4.668288e+00 -6.052305e+00 -1.124288e+01 -1.326154e+01 -7.965532e+00 -2.590725e+00 -6.396882e+00 -4.416022e+00 -2.125232e+00 8.741202e-01 6.440443e-01 3.169528e+00 -7.102728e-01 2.487993e+00 1.332270e+00 -3.647962e+00 -1.701886e+00 -2.670039e+00 7.547339e-02 -2.333055e-01 -1.137821e+00 4.844537e-01 -2.482000e-01 7.410241e-02 1.154813e-01 -3.847838e-01 -3.136329e-01 2.493107e-01 2.032723e-01 8.959504e-01 9.636051e-03 2.040367e-01 2.895323e-01 7.611586e-02 1.242092e-01 -3.559375e-01 -2.490436e-02
<VARIANCE> 39
 9.027895e+00 1.512277e+01 2.560183e+01 1.739747e+01 2.335938e+01 1.793718e+01 1.976088e+01 1.614631e+01 2.387268e+01 1.515031e+01 1.371446e+01 1.179239e+01 9.802829e-03 1.858249e+00 2.560107e+00 4.134877e+00 3.124542e+00 4.272316e+00 3.915605e+00 4.016184e+00 3.485709e+00 4.485583e+00 3.234974e+00 2.795439e+00 2.325452e+00 1.005575e-03 2.642974e-01 3.567456e-01 3.397146e-01 3.832882e-01 3.986028e-01 2.785666e-01 3.808285e-01 3.153984e-01 3.596802e-01 3.344673e-01 2.873382e-01 2.360448e-01 1.980435e-04
<GCONST> 8.601388e+01
<MIXTURE> 10 7.809345e-02
<MEAN> 39
 -7.053065e+00 -8.619853e+00 -1.398229e+00 -1.773402e+01 -1.672456e+01 -1.641042e+01 -5.004344e+00 -1.545604e-01 -5.576828e+00 -9.018515e-01 -6.467129e+00 2.341260e+00 7.915435e-01 2.311332e+00 -2.163307e+00 1.420742e-01 -1.891943e+00 -2.153885e+00 -9.738131e-01 1.965380e-01 1.827595e+00 -8.108455e-02 4.618178e-01 -2.163364e+00 6.243303e-01 7.347713e-02 -3.798758e-01 1.408827e-01 -3.353231e-01 8.641269e-01 1.201355e+00 1.279052e+00 2.376976e-01 -2.837042e-01 4.681677e-02 -2.484939e-01 -1.357863e-01 -5.484333e-01 -3.369324e-02
<VARIANCE> 39
 7.629890e+00 1.984944e+01 3.395289e+01 2.810812e+01 3.097718e+01 2.678335e+01 3.529044e+01 3.673349e+01 3.789150e+01 3.273152e+01 2.376572e+01 1.694312e+01 8.139183e-03 1.902519e+00 2.981725e+00 3.973042e+00 3.486437e+00 5.858118e+00 5.959369e+00 4.987006e+00 4.743196e+00 4.228811e+00 4.711350e+00 3.564339e+00 2.339500e+00 1.023808e-03 3.202185e-01 4.121063e-01 3.673091e-01 3.592370e-01 8.214815e-01 5.510792e-01 5.007285e-01 7.204150e-01 5.967851e-01 4.634297e-01 4.718667e-01 3.452923e-01 2.106430e-04
<GCONST> 9.763818e+01
<MIXTURE> 11 4.508393e-02
<MEAN> 39
 -2.019254e+01 -5.750025e+00 -3.945498e+00 -6.762148e+00 -5.304484e+00 -2.354522e+00 -2.317065e-01 -2.155746e+00 -1.104406e+00 -1.275363e-01 -1.012583e+00 -1.141509e+00 3.433167e-01 2.780263e-01 4.793675e-01 1.332019e-02 -5.662875e-01 -3.113047e-01 -2.409656e-01 3.194137e-02 -6.943923e-01 -9.456452e-01 -4.213859e-01 6.772809e-02 2.939722e-01 4.225585e-02 1.405251e+00 1.891767e-01 -5.651207e-02 -2.493567e-01 -3.571800e-01 -7.193464e-01 -9.057298e-01 -2.330611e-01 -4.072338e-01 -3.641037e-01 -4.452144e-01 5.244284e-03 1.002119e-02
<VARIANCE> 39
 4.283905e+01 3.286140e+01 3.584462e+01 3.631446e+01 4.548013e+01 3.373169e+01 3.092143e+01 4.672630e+01 4.564248e+01 2.985413e+01 2.148155e+01 1.764903e+01 6.213119e-02 5.830002e+00 4.240967e+00 4.232794e+00 5.969058e+00 6.895468e+00 6.412216e+00 5.598665e+00 3.655838e+00 4.022885e+00 4.124567e+00 4.063451e+00 2.789044e+00 5.114787e-03 7.394602e-01 9.939982e-01 7.132645e-01 1.307986e+00 1.197392e+00 1.283308e+00 9.143276e-01 1.187738e+00 1.279886e+00 1.083292e+00 8.562015e-01 7.866885e-01 1.392490e-03
<GCONST> 1.177824e+02
<MIXTURE> 12 6.981926e-02
<MEAN> 39
 -1.661225e+01 -1.254545e+01 -7.804702e+00 -9.147650e+00 -8.411464e+00 -4.954401e+00 -3.041113e+00 -3.145055e+00 -2.241077e+00 -1.755227e+00 -8.019318e-01 1.739440e-01 4.008043e-01 -1.150882e+00 -2.631000e-01 -1.117224e-01 -1.374713e+00 -9.560518e-01 -1.566728e+00 -3.739914e-02 3.329391e-01 2.958359e-01 2.427659e-02 1.260633e-01 4.260999e-01 8.066790e-02 2.603612e-01 1.610573e+00 8.153526e-01 1.080796e+00 7.068869e-01 -3.395535e-02 -3.011095e-01 8.089503e-02 -4.579085e-04 -1.341380e-01 -3.357060e-01 -2.488069e-01 -2.571714e-02
<VARIANCE> 39
 2.449643e+01 3.026970e+01 3.137045e+01 3.472004e+01 3.184982e+01 2.326738e+01 1.948647e+01 1.930876e+01 1.666242e+01 1.399611e+01 9.017893e+00 8.205287e+00 1.779070e-02 2.840207e+00 4.746191e+00 3.218158e+00 3.531460e+00 2.870157e+00 2.616563e+00 2.161546e+00 2.456781e+00 2.156271e+00 1.483043e+00 1.567434e+00 1.383244e+00 3.908055e-03 6.993292e-01 7.477703e-01 7.152581e-01 7.275468e-01 6.248247e-01 7.198053e-01 7.424102e-01 6.039707e-01 5.532342e-01 4.802161e-01 3.681642e-01 2.798177e-01 5.484935e-04
<GCONST> 9.464424e+01
<MIXTURE> 13 6.076504e-02
<MEAN> 39
 -2.033426e+01 3.149183e-01 -1.214019e+00 -1.067820e+01 -4.542024e+00 -6.893988e+00 -4.037689e+00 -3.094922e+00 -5.494812e+00 -2.635741e+00 -3.750134e+00 -1.671230e+00 5.367370e-01 2.950788e+00 1.088366e+00 1.874562e+00 7.123429e-01 -2.670803e+00 -3.063676e+00 -1.742771e+00 -1.583155e+00 -1.441886e+00 -9.280599e-01 -1.319216e+00 -1.173656e-01 4.716441e-02 1.165663e+00 -5.577511e-01 2.383001e-01 5.355139e-01 -4.888767e-01 -9.405881e-02 -4.205406e-01 -5.936614e-02 -7.692822e-02 -1.017677e-02 -6.365863e-02 3.429148e-02 -1.797180e-02
<VARIANCE> 39
 2.506863e+01 1.747788e+01 4.725126e+01 2.741574e+01 3.257575e+01 2.595025e+01 4.137917e+01 2.810391e+01 2.655762e+01 2.435473e+01 1.611828e+01 1.403543e+01 1.142726e-02 2.985863e+00 2.300238e+00 4.202431e+00 4.215393e+00 4.832339e+00 3.913055e+00 3.123537e+00 3.497053e+00 3.693384e+00 3.288913e+00 2.638317e+00 2.126389e+00 1.161503e-03 5.768781e-01 4.984949e-01 8.928990e-01 7.497988e-01 7.867475e-01 6.618798e-01 7.160802e-01 6.883517e-01 6.034821e-01 4.941675e-01 5.094824e-01 4.481065e-01 4.278246e-04
<GCONST> 1.002908e+02
<MIXTURE> 14 7.294023e-02
<MEAN> 39
 -1.688074e+01 -7.201141e+00 -3.057453e+00 -1.136696e+01 -4.340147e+00 -7.287466e+00 -1.949152e+00 2.987889e+00 -1.503985e-02 -9.099515e-01 -7.029230e-01 1.856466e+00 3.721447e-01 6.524819e-01 7.337734e-01 -1.181104e-01 1.482941e+00 1.179204e-01 -6.488435e-01 3.516160e-01 3.595665e-01 3.827230e-01 -4.024127e-02 -8.377318e-01 1.200408e-01 -3.475364e-02 5.970775e-01 5.587201e-01 -1.076359e-02 1.028290e+00 9.969817e-03 4.672809e-01 -1.619377e-01 -6.733335e-01 -4.435971e-01 -2.948599e-01 -4.716386e-01 -3.826244e-01 -2.994284e-02
<VARIANCE> 39
 2.316526e+01 1.413379e+01 2.322293e+01 2.319998e+01 2.192963e+01 2.483122e+01 2.990175e+01 2.040317e+01 2.548537e+01 1.762081e+01 1.793629e+01 1.620371e+01 1.477920e-02 1.429093e+00 2.986912e+00 2.596335e+00 3.262714e+00 2.777096e+00 3.380931e+00 3.898754e+00 2.959788e+00 3.179619e+00 2.736340e+00 2.845001e+00 2.688266e+00 2.275142e-03 3.536936e-01 4.176154e-01 4.503253e-01 6.820205e-01 4.507405e-01 5.784179e-01 6.359757e-01 5.246770e-01 5.962770e-01 4.855164e-01 4.672429e-01 3.621100e-01 3.970698e-04
<GCONST> 9.403881e+01
<MIXTURE> 15 5.468893e-02
<MEAN> 39
 -1.389609e+01 -1.024692e+01 8.905486e-01 -1.086918e+01 -1.029053e+01 -3.119219e+00 -6.140460e+00 -2.267152e+00 -1.167956e+00 -4.169594e+00 -7.743756e-01 8.341516e-01 5.357623e-01 2.014616e+00 -7.729502e-01 -9.382336e-02 -2.171386e+00 -2.087656e+00 -2.860562e+00 -2.235923e+00 7.464162e-01 1.306148e-01 5.252510e-01 6.894585e-02 -1.798841e-01 1.287972e-01 1.008824e+00 8.853242e-01 -4.648042e-01 9.054846e-01 4.019404e-01 -6.415255e-01 -3.378851e-01 9.662089e-02 -4.741445e-01 3.034754e-01 -4.988330e-01 -6.006038e-01 -1.712714e-02
<VARIANCE> 39
 1.426488e+01 2.078519e+01 2.043344e+01 2.684253e+01 2.270403e+01 4.028941e+01 3.741000e+01 3.216119e+01 2.479412e+01 2.378911e+01 2.308151e+01 1.415627e+01 1.201415e-02 2.625698e+00 4.316133e+00 3.960752e+00 5.002779e+00 3.909959e+00 5.325885e+00 4.933861e+00 4.951195e+00 4.183643e+00 4.194849e+00 3.412805e+00 2.713640e+00 4.511295e-03 4.179455e-01 6.291909e-01 7.615105e-01 8.358155e-01 6.236730e-01 1.332754e+00 1.332972e+00 1.019767e+00 8.921039e-01 9.026410e-01 9.724205e-01 6.402212e-01 4.431013e-04
<GCONST> 1.065931e+02
<MIXTURE> 16 5.100394e-02
<MEAN> 39
 -5.911964e+00 -1.154134e+01 5.814187e+00 -9.637156e+00 -1.640173e+01 -1.086221e+01 -1.512238e+01 3.869068e+00 -4.473255e+00 -5.070687e+00 1.135974e+00 -9.736972e-01 7.007743e-01 1.388300e+00 -1.553715e+00 7.385881e-01 -8.910396e-01 -2.718894e+00 -1.375479e+00 -1.917133e+00 2.681027e+00 7.794330e-02 7.539831e-01 1.015040e+00 -1.721085e-01 7.342736e-02 9.242073e-02 7.984573e-01 -4.458077e-01 8.169779e-01 5.764705e-01 4.113585e-01 8.223529e-01 -6.748984e-01 -2.421975e-01 2.252174e-01 -7.117777e-01 -5.067739e-01 -2.623056e-02
<VARIANCE> 39
 5.749518e+00 1.497777e+01 2.167624e+01 2.113967e+01 2.604908e+01 2.342265e+01 3.278966e+01 2.148467e+01 4.114201e+01 1.798561e+01 1.649784e+01 1.820430e+01 1.350499e-02 1.487535e+00 2.109243e+00 2.937502e+00 3.997816e+00 4.294832e+00 4.059600e+00 4.475275e+00 3.648557e+00 5.475918e+00 3.640367e+00 3.864960e+00 2.846163e+00 8.787281e-04 1.207157e-01 2.094400e-01 2.204565e-01 2.882833e-01 7.527743e-01 5.926139e-01 4.466492e-01 5.125321e-01 5.972164e-01 4.393697e-01 3.928775e-01 3.407501e-01 2.083135e-04
<GCONST> 9.030939e+01
<TRANSP> 5
 0.000000e+00 1.000000e+00 0.000000e+00 0.000000e+00 0.000000e+00
 0.000000e+00 6.203664e-01 3.796336e-01 0.000000e+00 0.000000e+00
 0.000000e+00 0.000000e+00 4.856905e-01 5.143095e-01 0.000000e+00
 0.000000e+00 0.000000e+00 0.000000e+00 4.909851e-01 5.090149e-01
 0.000000e+00 0.000000e+00 0.000000e+00 0.000000e+00 0.000000e+00
<ENDHMM>
