~o
<STREAMINFO> 1 39
<VECSIZE> 39<NULLD><MFCC_E_D_A><DIAGC>
~h "dx"
<BEGINHMM>
<NUMSTATES> 5
<STATE> 2
<NUMMIXES> 16
<MIXTURE> 1 5.852889e-02
<MEAN> 39
 -9.017641e-01 -1.512751e+01 -1.299103e+01 -1.130384e+01 -1.362251e+01 -2.039048e+00 -5.412504e+00 -4.574345e+00 5.775280e+00 9.898005e-01 -1.443960e+00 -1.044642e+01 8.524042e-01 9.818604e-01 4.819635e-02 8.519009e-01 2.934985e+00 -2.007243e+00 -1.046980e+00 -1.372778e+00 -5.919458e-01 -1.046972e-01 9.486803e-01 3.947707e-01 1.027161e+00 -3.935025e-02 8.039040e-02 -8.111864e-02 1.305142e-01 6.860032e-02 4.093672e-01 -1.355713e-01 -2.574413e-01 3.034365e-01 -4.660833e-01 -4.503360e-03 -1.284694e-01 4.214131e-01 -1.552295e-03
<VARIANCE> 39
 5.503100e+00 2.078129e+01 2.243986e+01 3.054964e+01 2.704631e+01 4.475834e+01 5.171748e+01 5.763864e+01 4.193625e+01 3.560905e+01 4.469444e+01 3.282216e+01 7.150906e-03 5.049205e-01 7.962288e-01 1.425790e+00 2.929541e+00 2.481702e+00 2.773230e+00 3.268772e+00 3.774868e+00 4.188824e+00 3.846223e+00 2.372954e+00 2.495023e+00 3.373847e-04 7.181574e-02 9.370596e-02 1.503361e-01 3.340382e-01 3.428991e-01 3.708938e-01 3.529074e-01 5.818436e-01 4.118982e-01 4.345713e-01 3.583915e-01 3.706830e-01 7.715513e-05
<GCONST> 8.438203e+01
<MIXTURE> 2 7.639271e-02
<MEAN> 39
 -5.054391e+00 -7.514506e+00 -3.883557e+00 -6.716383e+00 -1.103093e+01 -6.643982e+00 -9.449757e+00 -6.561111e+00 2.637664e+00 1.242889e+00 -3.888736e+00 -3.232427e+00 6.257643e-01 -8.626271e-01 1.035853e+00 1.151356e+00 1.538483e+00 1.170003e-01 -8.994974e-01 3.991613e-01 -1.046780e+00 -6.842037e-01 -8.205740e-01 3.474858e-01 1.188639e+00 -4.817958e-02 4.943061e-01 -9.195983e-01 -1.622838e-01 -9.153310e-01 -7.726723e-02 5.975203e-02 -3.255527e-01 1.351085e+00 -3.351849e-01 9.038339e-02 1.205874e-03 -1.950053e-01 2.756066e-02
<VARIANCE> 39
 1.054187e+01 1.682155e+01 2.191778e+01 3.168604e+01 2.618013e+01 4.103297e+01 4.185375e+01 4.293413e+01 3.271835e+01 3.154136e+01 2.623021e+01 2.470617e+01 1.221329e-02 1.115021e+00 1.721457e+00 2.542312e+00 3.176966e+00 2.368566e+00 4.339458e+00 4.330527e+00 3.903788e+00 3.525213e+00 2.670534e+00 2.097434e+00 2.567630e+00 7.502614e-04 2.320416e-01 2.776154e-01 4.891137e-01 7.150127e-01 6.225746e-01 8.436689e-01 8.904785e-01 8.148956e-01 9.414626e-01 7.433227e-01 6.802862e-01 4.918900e-01 1.552328e-04
<GCONST> 9.652933e+01
<MIXTURE> 3 4.999424e-02
<MEAN> 39
 -9.209215e+00 -4.366376e+00 3.401499e+00 -2.893999e+00 -8.540097e+00 -7.848568e+00 -6.149084e+00 -1.741431e+00 -4.628753e+00 -6.341609e+00 -3.313625e+00 -2.053587e+00 4.144274e-01 -1.435269e+00 1.248727e+00 -1.066102e+00 -4.590876e-01 2.520929e+00 9.243423e-02 1.351994e+00 -5.577386e-01 5.442923e-01 4.336543e-01 -7.245315e-01 4.449655e-01 -3.814132e-02 5.533205e-01 -7.692234e-01 5.004306e-01 -6.437860e-01 -1.755369e+00 -4.562651e-02 -9.033106e-01 2.247443e-01 -2.642404e-01 2.364717e-01 8.593786e-01 -1.381397e-01 4.504783e-02
<VARIANCE> 39
 1.296952e+01 2.262337e+01 2.814096e+01 2.394016e+01 2.637394e+01 4.223878e+01 2.525749e+01 1.589287e+01 2.317346e+01 1.776590e+01 1.736341e+01 1.791057e+01 2.164240e-02 1.028849e+00 1.545352e+00 1.685524e+00 2.129603e+00 2.262646e+00 2.369162e+00 2.921016e+00 2.763817e+00 3.652864e+00 1.766970e+00 2.646713e+00 2.001091e+00 7.879716e-04 4.514634e-01 3.551150e-01 4.654371e-01 6.186543e-01 7.895477e-01 1.251386e+00 8.366041e-01 1.032462e+00 8.761829e-01 6.031260e-01 5.126542e-01 4.728380e-01 2.591014e-04
<GCONST> 9.315696e+01
<MIXTURE> 4 8.370866e-02
<MEAN> 39
 -5.537835e+00 -1.182134e+01 -9.952114e+00 -1.321476e+01 -1.301377e+01 -9.015559e+00 -4.612395e+00 1.468912e+00 3.090854e+00 -4.616172e+00 -5.973750e+00 -4.873537e+00 8.506215e-01 6.499662e-01 3.105808e-01 1.761926e+00 1.030584e+00 -1.700752e+00 4.446129e-01 -2.525183e+00 -3.863561e-01 6.349688e-01 4.157534e-01 7.162166e-01 3.155547e-01 -3.734005e-02 2.655323e-01 -3.573587e-01 4.493026e-01 1.788391e-01 3.402095e-02 2.156735e-01 -2.712533e-01 -9.262809e-02 -4.629074e-01 2.901901e-01 -8.703737e-02 2.242293e-01 -5.109198e-03
<VARIANCE> 39
 5.521475e+00 1.930970e+01 3.675795e+01 2.756197e+01 4.028642e+01 4.885677e+01 3.857674e+01 3.178523e+01 5.052189e+01 4.327544e+01 5.089438e+01 4.081737e+01 7.651565e-03 6.310160e-01 1.078815e+00 1.468123e+00 1.822431e+00 2.902053e+00 2.224620e+00 2.377750e+00 3.657279e+00 2.688622e+00 2.298511e+00 1.960017e+00 1.999756e+00 3.799045e-04 9.400823e-02 1.433158e-01 2.841540e-01 2.397430e-01 3.665311e-01 3.280512e-01 5.016039e-01 4.232441e-01 3.983148e-01 4.342232e-01 3.997069e-01 3.077600e-01 9.663115e-05
<GCONST> 8.460271e+01
<MIXTURE> 5 3.987372e-02
<MEAN> 39
 -2.082792e+00 -1.222078e+01 -5.818686e+00 5.567111e+00 -9.314519e+00 -1.279937e+01 -5.558556e+00 -1.858099e+00 -4.395638e+00 -4.301751e+00 -4.128348e+00 -3.485485e+00 5.236541e-01 -1.773964e+00 8.055093e-01 2.621415e+00 -9.485239e-01 -5.431566e-01 5.938258e-01 1.328345e+00 -6.813806e-01 -1.383323e+00 -3.914870e-01 2.140809e-01 1.006557e-02 -3.423433e-02 1.690956e-01 -5.446146e-02 1.437810e-01 -1.602567e+00 -4.910567e-01 3.309430e-01 -1.373118e+00 3.002107e-01 8.074375e-01 2.323982e-01 5.847535e-01 3.955497e-01 3.213324e-02
<VARIANCE> 39
 7.194375e+00 1.168376e+01 2.181045e+01 2.029761e+01 3.512487e+01 2.101822e+01 3.451189e+01 2.527337e+01 1.787662e+01 2.513659e+01 1.905752e+01 2.256974e+01 1.124656e-02 7.391171e-01 1.732631e+00 2.736164e+00 4.450013e+00 3.622858e+00 3.057489e+00 4.858293e+00 4.508684e+00 3.110334e+00 3.605469e+00 3.564123e+00 3.135075e+00 1.060736e-03 2.125705e-01 3.340445e-01 4.956665e-01 6.465307e-01 8.642324e-01 7.728045e-01 1.487421e+00 1.153434e+00 7.686783e-01 9.018278e-01 7.453432e-01 6.330794e-01 1.539104e-04
<GCONST> 9.593803e+01
<MIXTURE> 6 5.760978e-02
<MEAN> 39
 -6.150550e+00 -1.840730e+00 -6.172346e-01 2.497447e+00 -4.146881e+00 -6.337474e+00 -9.911180e+00 -7.440180e+00 -3.158223e+00 -3.208960e+00 -7.816607e+00 -5.931136e+00 2.836596e-01 -1.523960e+00 2.317223e-01 1.076810e+00 -6.320302e-01 6.027733e-02 3.812234e-01 1.086358e+00 3.187341e-01 -8.869818e-01 -5.220199e-01 1.656885e-01 8.029351e-01 -2.078387e-02 5.319691e-01 -1.280334e+00 -2.861405e-01 -1.544339e+00 -1.466185e+00 -4.399026e-01 -6.894521e-01 8.413470e-01 5.023786e-01 2.016690e-01 9.397774e-01 4.453227e-01 6.113825e-02
<VARIANCE> 39
 9.259865e+00 2.847943e+01 2.658840e+01 2.588993e+01 3.125373e+01 3.205772e+01 3.488293e+01 2.636825e+01 2.938247e+01 2.790662e+01 2.214727e+01 1.817934e+01 1.595293e-02 8.796908e-01 2.928569e+00 3.716085e+00 4.558000e+00 5.053920e+00 4.852220e+00 5.737793e+00 3.402272e+00 4.543259e+00 3.006614e+00 3.300407e+00 2.950644e+00 2.279137e-03 2.915489e-01 5.073091e-01 6.604999e-01 6.284648e-01 6.781622e-01 9.164878e-01 1.093579e+00 9.174579e-01 1.291119e+00 8.631088e-01 7.762226e-01 6.169082e-01 2.453651e-04
<GCONST> 1.026395e+02
<MIXTURE> 7 1.019829e-01
<MEAN> 39
 -5.417423e+00 -9.936946e+00 6.976688e+00 -8.007357e+00 -1.839176e+01 -1.145285e+01 -1.129303e+01 2.922529e-01 -7.082175e+00 -5.377852e+00 4.667565e-01 -1.734809e+00 6.816711e-01 -2.794240e-01 7.396042e-01 -5.003237e-01 1.319458e+00 2.080487e+00 4.527871e-01 2.391192e-01 -8.780235e-01 1.007326e+00 -9.750794e-01 -8.328201e-01 -1.003096e-02 -5.279627e-02 -6.330045e-02 -1.219107e-01 -9.804071e-02 -4.563184e-01 -2.228786e-01 -8.672161e-03 1.055131e-01 6.751001e-02 -7.955845e-03 4.834195e-01 -1.945794e-02 5.462129e-02 1.208357e-02
<VARIANCE> 39
 6.620652e+00 1.847818e+01 2.655022e+01 3.497313e+01 2.724294e+01 2.965478e+01 2.813729e+01 2.670467e+01 4.873046e+01 3.328690e+01 2.524937e+01 2.048381e+01 1.179012e-02 9.582111e-01 1.454646e+00 1.887173e+00 2.207497e+00 3.630427e+00 3.001312e+00 3.656284e+00 3.556896e+00 3.617127e+00 2.832994e+00 3.384341e+00 1.824601e+00 8.096456e-04 7.725307e-02 1.205375e-01 2.341461e-01 2.333323e-01 3.359034e-01 3.204901e-01 3.762052e-01 3.886711e-01 4.865976e-01 3.522280e-01 3.691361e-01 2.598878e-01 9.404615e-05
<GCONST> 8.446010e+01
<MIXTURE> 8 5.768203e-02
<MEAN> 39
 -4.672478e-01 -1.483270e+01 -8.054017e+00 -4.530147e+00 -1.972897e+01 -3.837223e+00 -1.155749e+01 -2.495190e+00 7.641127e+00 -6.309416e-01 -2.762595e+00 -6.402318e+00 8.104084e-01 -3.100390e-01 9.348935e-01 2.363158e+00 1.248614e+00 3.067482e-01 -1.077964e+00 -8.854767e-01 -1.183841e+00 -1.729843e+00 9.145625e-01 -6.451151e-01 1.628639e+00 -6.220499e-02 -2.701279e-01 1.265045e-01 1.881201e-01 -6.006024e-01 7.492430e-01 -2.002375e-01 2.221207e-01 3.056016e-01 -7.168647e-01 -1.387767e-01 2.148536e-01 7.637008e-02 9.122721e-04
<VARIANCE> 39
 6.179088e+00 2.081128e+01 4.869741e+01 2.777815e+01 3.500520e+01 3.506573e+01 5.087566e+01 3.219828e+01 3.555449e+01 4.432966e+01 3.383468e+01 2.548011e+01 6.009531e-03 8.477479e-01 1.255841e+00 2.583385e+00 3.117482e+00 3.982591e+00 3.616447e+00 4.297063e+00 3.657109e+00 3.720862e+00 3.265389e+00 3.232770e+00 2.760547e+00 9.626232e-04 6.786237e-02 9.813614e-02 3.178765e-01 3.078851e-01 3.009018e-01 3.111468e-01 3.533333e-01 5.189793e-01 5.931551e-01 5.659940e-01 4.180221e-01 4.052665e-01 1.166884e-04
<GCONST> 8.925311e+01
<MIXTURE> 9 5.714906e-02
<MEAN> 39
 -2.181499e+00 -1.501680e+01 2.072243e+00 -3.465796e+00 -2.226801e+01 -1.161709e+01 -9.369246e+00 -1.371342e+00 -3.588516e+00 -4.161434e+00 -4.678538e+00 8.825344e-01 6.965487e-01 -1.118757e+00 1.922109e+00 8.510481e-01 1.482388e+00 7.487675e-01 1.089758e+00 1.677933e+00 -3.248598e+00 4.241050e-02 -2.738442e-01 -8.397195e-01 2.167097e-03 -6.996031e-02 -3.012802e-01 1.919162e-01 -4.131231e-01 -1.032841e+00 9.232453e-01 -2.590439e-01 -2.354879e-01 7.509907e-01 -3.209238e-01 2.459204e-01 2.839912e-01 -3.288856e-01 1.074793e-02
<VARIANCE> 39
 5.347581e+00 2.127234e+01 3.099398e+01 4.321581e+01 3.130380e+01 2.577426e+01 4.534008e+01 3.512192e+01 4.213004e+01 3.391321e+01 2.482441e+01 2.022071e+01 1.176819e-02 1.196034e+00 1.919478e+00 3.604010e+00 4.228837e+00 6.591179e+00 6.062582e+00 5.409078e+00 4.406676e+00 4.420293e+00 3.310335e+00 5.828606e+00 2.640574e+00 1.121030e-03 1.089005e-01 2.086355e-01 3.122342e-01 4.787749e-01 4.307217e-01 5.065349e-01 7.416703e-01 6.540770e-01 4.064511e-01 5.654362e-01 7.384442e-01 3.944398e-01 1.613247e-04
<GCONST> 9.638887e+01
<MIXTURE> 10 7.413432e-02
<MEAN> 39
 -3.642020e+00 -1.388139e+01 -4.642578e-01 -1.551249e+01 -1.569563e+01 -1.109302e+01 -1.044037e+01 4.781884e+00 -4.927721e+00 -6.692696e-01 -7.452101e+00 -2.767376e-01 7.904499e-01 1.158154e-01 9.498863e-01 1.708244e+00 1.529538e+00 -4.903970e-01 1.518980e-01 -1.636966e+00 -1.226736e+00 2.433927e-01 -3.625820e-01 1.023915e+00 2.103228e-01 -4.835967e-02 -1.685476e-01 -4.695706e-02 -2.513653e-01 -1.104908e-01 2.618516e-01 -1.372935e-01 6.205037e-01 -2.928576e-01 -3.739460e-02 -4.938160e-03 -5.178653e-03 -1.305130e-01 5.446431e-03
<VARIANCE> 39
 7.072514e+00 2.406124e+01 4.149887e+01 3.726311e+01 3.534261e+01 4.538105e+01 5.278612e+01 4.086705e+01 4.137883e+01 4.352088e+01 3.622547e+01 2.787326e+01 7.747945e-03 6.681234e-01 1.247906e+00 1.888972e+00 2.103223e+00 3.371299e+00 3.233844e+00 3.274324e+00 3.865195e+00 3.181735e+00 2.712514e+00 2.577293e+00 2.106425e+00 7.462963e-04 5.729999e-02 1.426417e-01 1.783424e-01 2.336516e-01 3.574465e-01 3.320870e-01 3.231853e-01 4.157155e-01 3.326138e-01 3.518437e-01 3.639840e-01 3.124854e-01 6.712795e-05
<GCONST> 8.548763e+01
<MIXTURE> 11 5.699683e-02
<MEAN> 39
 2.290720e+00 -1.347776e+01 -1.137176e+01 4.609595e+00 -8.498031e+00 -1.367534e+01 -1.651304e+01 -2.095654e+00 3.011599e+00 -2.556937e+00 -7.157314e+00 -7.593881e-01 6.505671e-01 -1.708377e+00 6.811434e-01 2.883875e+00 1.852448e-01 -2.257584e-01 -1.851395e-01 2.822747e+00 -4.656454e-01 -2.093185e+00 -9.433242e-01 -1.181463e-01 -7.076989e-01 -5.496537e-02 -2.503452e-01 8.234628e-02 4.692949e-01 -1.621746e+00 -6.456602e-01 8.418835e-01 -1.384233e-01 3.273555e-01 -1.908853e-01 5.987339e-02 1.135919e+00 4.515387e-02 1.726448e-02
<VARIANCE> 39
 6.839782e+00 1.499299e+01 2.624587e+01 2.012421e+01 5.346160e+01 2.498207e+01 4.092292e+01 3.106572e+01 2.540461e+01 3.026287e+01 2.337825e+01 2.856284e+01 1.200570e-02 7.849850e-01 1.510767e+00 3.150411e+00 3.065043e+00 5.392058e+00 3.489679e+00 6.301978e+00 4.783496e+00 3.680087e+00 2.496697e+00 3.796927e+00 2.543638e+00 9.401028e-04 1.094419e-01 3.091306e-01 3.135785e-01 4.299487e-01 8.784968e-01 5.317127e-01 1.189057e+00 1.010792e+00 7.825894e-01 7.294437e-01 5.669544e-01 7.459013e-01 1.344759e-04
<GCONST> 9.564053e+01
<MIXTURE> 12 6.392762e-02
<MEAN> 39
 -4.311177e+00 -9.404957e+00 2.025332e-01 -1.527552e+00 -1.289270e+01 -9.830780e+00 -9.909338e+00 -4.403985e+00 -1.037171e+00 -3.106005e+00 -5.126392e+00 -3.316444e+00 5.847247e-01 -7.046905e-01 7.448829e-01 5.680950e-01 -7.925701e-02 1.687053e+00 -2.536693e-01 2.071188e-01 -4.650817e-01 -6.136456e-01 4.034058e-01 -1.181023e+00 5.713896e-01 -3.691898e-02 1.717916e-01 -3.196204e-01 -1.564474e-01 -4.625669e-01 -7.527383e-01 2.059359e-02 -4.242364e-01 6.993484e-01 2.566040e-01 -3.400788e-01 9.341543e-01 1.721979e-02 2.403825e-02
<VARIANCE> 39
 6.147797e+00 1.529867e+01 2.397882e+01 2.658249e+01 2.702337e+01 2.770057e+01 2.693366e+01 2.313579e+01 2.058516e+01 3.948683e+01 2.175845e+01 2.043909e+01 1.852501e-02 7.814043e-01 8.634846e-01 2.271258e+00 2.071633e+00 2.974991e+00 2.877352e+00 3.253289e+00 2.840821e+00 2.772423e+00 2.699219e+00 2.542196e+00 1.806221e+00 7.936702e-04 1.182538e-01 1.564140e-01 2.945870e-01 3.167511e-01 5.203353e-01 6.793275e-01 1.023701e+00 4.810071e-01 5.237238e-01 5.364786e-01 4.945468e-01 3.868720e-01 1.148594e-04
<GCONST> 8.635949e+01
<MIXTURE> 13 5.360465e-02
<MEAN> 39
 6.168589e-01 -1.148630e+01 -1.215732e+01 -4.608672e+00 -1.293724e+01 -6.720734e+00 -8.081434e+00 -9.799067e+00 1.731193e+00 2.828102e+00 -9.900668e-02 -4.054234e+00 7.208791e-01 -4.946166e-01 4.228076e-02 1.256888e+00 3.229115e+00 8.725443e-01 -2.105664e+00 -8.778491e-01 8.945934e-01 -9.673275e-01 -3.339618e-01 -1.471851e+00 4.624925e-01 -6.237021e-02 -2.345573e-01 8.202281e-02 3.150641e-01 -9.453337e-01 2.445593e-01 3.987135e-01 -2.191495e-01 6.397961e-01 -1.650741e-01 -4.157727e-01 1.805338e-01 4.148879e-02 5.156857e-03
<VARIANCE> 39
 1.126640e+01 1.674972e+01 4.992251e+01 4.523214e+01 3.733262e+01 5.221443e+01 7.721419e+01 4.486226e+01 3.967783e+01 3.079567e+01 4.142103e+01 2.498922e+01 9.102235e-03 1.428346e+00 2.158121e+00 4.403784e+00 4.255593e+00 5.145170e+00 5.068144e+00 9.033529e+00 5.333085e+00 5.272313e+00 5.566134e+00 5.369798e+00 4.337559e+00 1.363931e-03 1.761903e-01 2.366608e-01 3.569090e-01 5.005462e-01 6.457844e-01 5.207133e-01 7.431614e-01 7.352566e-01 1.046472e+00 8.533850e-01 8.444426e-01 6.315559e-01 2.018587e-04
<GCONST> 1.049949e+02
<MIXTURE> 14 5.747653e-02
<MEAN> 39
 -1.047268e+01 -3.158879e+00 8.867241e-01 -1.026821e+01 -8.213922e+00 -8.093557e+00 -8.854125e+00 -3.052208e+00 -5.514729e+00 -4.828665e+00 -3.165145e+00 -2.115703e+00 5.058837e-01 -1.441980e+00 7.663800e-01 9.093955e-01 4.434052e-01 1.289969e+00 2.934620e-01 6.968790e-02 -2.964578e-01 -2.820165e-01 -3.322652e-01 8.344215e-01 -6.280769e-01 -4.068553e-02 7.857068e-01 -8.013138e-01 -5.346844e-01 -7.203768e-01 -9.188977e-01 -5.368564e-01 2.935084e-01 1.187713e-01 -3.641284e-02 5.653393e-01 -5.852054e-01 2.190336e-01 3.664315e-02
<VARIANCE> 39
 1.803224e+01 2.973119e+01 2.552363e+01 2.868809e+01 2.900973e+01 4.758785e+01 2.939444e+01 4.042749e+01 3.763026e+01 2.271254e+01 2.090503e+01 2.282558e+01 1.617965e-02 1.353627e+00 2.453810e+00 2.516228e+00 3.733618e+00 3.415552e+00 5.112632e+00 3.476696e+00 3.833756e+00 4.040288e+00 2.796462e+00 2.576568e+00 2.020038e+00 1.034263e-03 4.336254e-01 5.408158e-01 8.572753e-01 9.840601e-01 1.066278e+00 1.136732e+00 9.720319e-01 1.100880e+00 8.519287e-01 6.786970e-01 4.748593e-01 5.331794e-01 1.995412e-04
<GCONST> 1.019523e+02
<MIXTURE> 15 6.982955e-02
<MEAN> 39
 -1.723328e+00 -1.366011e+01 -5.880972e+00 -1.266071e+01 -1.259788e+01 -4.002668e+00 -1.208371e+01 -3.872784e-01 5.411291e+00 3.821618e+00 -2.106350e+00 -9.495079e+00 7.849739e-01 -4.723177e-01 1.359915e+00 1.502152e+00 2.435148e+00 -5.338590e-01 -6.227952e-01 -5.130093e-01 -2.380214e+00 -6.793785e-01 8.901064e-02 5.967439e-01 1.279456e+00 -6.777185e-02 -1.056552e-02 -2.253102e-01 -8.662932e-02 -3.783399e-02 2.859297e-01 -1.879378e-01 2.750358e-01 2.779641e-01 -3.687730e-01 -2.944822e-01 -1.429231e-01 4.417519e-01 4.889408e-03
<VARIANCE> 39
 6.529154e+00 2.790637e+01 2.620294e+01 2.205231e+01 2.114809e+01 4.683300e+01 4.690633e+01 4.243730e+01 2.650613e+01 2.408174e+01 2.509010e+01 1.857756e+01 9.077251e-03 1.259145e+00 1.640437e+00 2.661726e+00 3.782542e+00 3.539142e+00 4.931641e+00 3.658986e+00 3.588694e+00 2.685093e+00 3.201078e+00 2.092638e+00 2.307266e+00 5.767593e-04 1.270719e-01 1.929489e-01 2.173393e-01 3.916951e-01 3.112051e-01 3.995788e-01 4.350179e-01 6.508573e-01 4.619762e-01 3.250161e-01 2.493099e-01 2.912872e-01 1.336390e-04
<GCONST> 8.741675e+01
<MIXTURE> 16 4.110705e-02
<MEAN> 39
 -6.821564e+00 -4.645224e+00 2.280214e+00 -2.233865e+00 -1.406304e+01 -8.319945e+00 -4.733252e+00 -7.693212e+00 -7.292521e+00 -5.091809e+00 -7.835376e+00 -3.866221e+00 4.296936e-01 -1.107812e+00 1.227541e+00 -9.234070e-01 8.854588e-01 1.569517e+00 1.076653e+00 8.393731e-01 -1.143012e+00 5.296611e-01 -4.750647e-01 1.169738e-01 -2.464571e-01 -4.582507e-02 2.612806e-02 -7.444436e-01 3.329049e-01 -1.998852e+00 -3.986051e-01 -5.195578e-01 -7.165881e-01 7.287607e-01 -2.127353e-01 7.863696e-01 4.419056e-01 3.140258e-01 4.502390e-02
<VARIANCE> 39
 1.136817e+01 2.804929e+01 1.832637e+01 4.527481e+01 3.060747e+01 3.369727e+01 2.566048e+01 3.391270e+01 3.592969e+01 2.562223e+01 2.802317e+01 2.703143e+01 1.877303e-02 1.159672e+00 2.196174e+00 3.587345e+00 5.212589e+00 4.748917e+00 4.281788e+00 4.295507e+00 5.037460e+00 4.648139e+00 4.096546e+00 3.188552e+00 2.283249e+00 1.384593e-03 2.293837e-01 3.718082e-01 7.697136e-01 6.145678e-01 8.855183e-01 9.585910e-01 1.365114e+00 1.394706e+00 7.481884e-01 9.537442e-01 1.176733e+00 6.348879e-01 1.910295e-04
<GCONST> 1.037274e+02
<STATE> 3
<NUMMIXES> 16
<MIXTURE> 1 5.380979e-02
<MEAN> 39
 2.327753e-01 -1.069085e+01 -1.208249e+01 -1.059303e+00 -5.590020e+00 -1.150026e+01 -1.246467e+01 -5.711582e+00 1.072667e+00 1.263856e+00 -1.014415e+00 -3.694061e+00 6.162905e-01 3.462251e-01 -6.485277e-02 -6.199789e-02 7.354293e-01 1.700999e-02 -1.194235e+00 -6.540755e-01 4.912913e-01 3.344229e-01 -2.263950e-01 -3.305497e-01 1.064850e+00 -7.035381e-03 2.536117e-01 -2.651000e-01 -1.737453e-01 -1.043981e+00 -6.157698e-01 8.948545e-01 4.590982e-03 2.190647e-01 3.471084e-01 -7.031494e-02 1.528057e-01 8.019643e-02 2.276590e-02
<VARIANCE> 39
 7.178966e+00 1.422293e+01 2.524725e+01 3.050224e+01 2.877985e+01 3.635299e+01 3.960970e+01 3.810505e+01 2.476596e+01 1.947390e+01 2.645739e+01 2.066065e+01 1.166381e-02 7.378234e-01 7.884182e-01 1.663484e+00 2.971247e+00 3.815217e+00 3.733481e+00 3.514634e+00 3.321072e+00 2.707967e+00 1.999735e+00 2.931365e+00 2.736659e+00 7.216978e-04 1.859198e-01 1.963117e-01 3.729078e-01 6.532759e-01 7.631440e-01 8.220534e-01 8.128867e-01 6.192216e-01 7.314990e-01 4.785556e-01 7.030487e-01 6.856349e-01 7.644818e-05
<GCONST> 9.082668e+01
<MIXTURE> 2 7.149404e-02
<MEAN> 39
 -7.369739e+00 -9.303500e+00 -1.807129e+00 -2.844207e+00 -1.157735e+01 -1.120964e+01 -7.017586e+00 -4.607421e+00 -1.739374e+00 8.033681e-02 -3.374957e+00 -1.605275e+00 5.574704e-01 9.473559e-01 -7.091797e-01 -5.067580e-01 -9.787557e-02 -5.093814e-01 -3.345846e-01 -1.379389e+00 6.140209e-01 8.567150e-01 -2.207266e-01 1.055215e-01 8.123692e-01 2.350594e-02 1.031087e+00 -4.134713e-01 -8.570375e-01 -6.167848e-01 -2.086576e-01 3.738637e-01 -9.720427e-01 6.666284e-01 6.263726e-01 -3.241217e-01 3.558351e-01 -2.491094e-01 2.951609e-02
<VARIANCE> 39
 9.118000e+00 1.155626e+01 2.225791e+01 3.339512e+01 2.149305e+01 3.901904e+01 3.354276e+01 3.580640e+01 2.399886e+01 2.575695e+01 1.938089e+01 2.149029e+01 1.247379e-02 1.163796e+00 1.255823e+00 2.487230e+00 3.360621e+00 3.452995e+00 3.063380e+00 3.369922e+00 3.130758e+00 3.092232e+00 2.676632e+00 2.088418e+00 2.085740e+00 1.375851e-03 1.916035e-01 4.040539e-01 4.098689e-01 9.223646e-01 8.064877e-01 8.522289e-01 8.176792e-01 1.176654e+00 6.716739e-01 6.703752e-01 9.235676e-01 8.072655e-01 1.281595e-04
<GCONST> 9.505840e+01
<MIXTURE> 3 7.570897e-02
<MEAN> 39
 -4.419079e+00 -1.022286e+01 5.555461e-01 -7.370840e+00 -1.306613e+01 -8.671787e+00 -1.334076e+01 -3.808854e+00 2.567817e+00 -7.461563e-01 -4.817865e+00 -2.583766e+00 6.653551e-01 3.478122e-01 -7.359538e-01 7.912574e-01 2.253462e-02 -7.350439e-01 -2.968033e-01 -7.265240e-01 1.237766e+00 -5.597075e-01 -2.442001e-01 3.670334e-01 6.314100e-01 9.202915e-03 2.073457e-01 -4.140105e-01 -5.487152e-01 -2.776482e-01 -4.827501e-01 -4.451936e-03 2.924343e-01 9.887488e-01 -2.021936e-01 -1.869932e-01 4.585673e-01 -2.750954e-01 2.013781e-02
<VARIANCE> 39
 5.193415e+00 1.469233e+01 2.249395e+01 1.872065e+01 2.104055e+01 2.332612e+01 3.027241e+01 2.564318e+01 1.916819e+01 2.363005e+01 1.982895e+01 1.608930e+01 1.313333e-02 4.769475e-01 8.120068e-01 1.805941e+00 1.368215e+00 1.237947e+00 2.290215e+00 2.124497e+00 2.771924e+00 2.379977e+00 1.363110e+00 1.250116e+00 1.785263e+00 4.460436e-04 1.018227e-01 1.763202e-01 3.206380e-01 3.055637e-01 4.548809e-01 4.071281e-01 5.848776e-01 4.451773e-01 4.655981e-01 3.863107e-01 4.723971e-01 3.465233e-01 6.801441e-05
<GCONST> 7.699345e+01
<MIXTURE> 4 6.916890e-02
<MEAN> 39
 -1.362536e+01 -4.438436e+00 4.167188e-01 -7.539366e+00 -6.290578e+00 -7.097697e+00 -5.767094e+00 -1.160289e+00 -4.532839e+00 -4.110213e+00 -1.977623e+00 -6.099631e-01 4.287726e-01 2.136537e-01 -2.397242e-01 2.625795e-01 -7.121041e-01 -6.786734e-01 -4.593084e-01 2.671073e-01 1.541963e-01 -4.732389e-01 3.751434e-01 5.407763e-01 8.016944e-02 2.263188e-02 1.496320e+00 -8.446981e-01 -3.837757e-01 -2.696276e-01 -1.598911e+00 -2.931614e-01 -6.174966e-01 7.058785e-02 1.887246e-01 2.233751e-01 7.549448e-02 -2.318687e-01 4.423139e-02
<VARIANCE> 39
 1.247386e+01 3.742037e+01 2.835384e+01 3.716171e+01 2.337304e+01 4.337464e+01 3.334721e+01 3.256641e+01 4.059257e+01 2.157878e+01 2.162282e+01 1.630832e+01 1.952269e-02 1.932656e+00 1.836004e+00 2.523195e+00 2.048311e+00 3.586751e+00 4.146466e+00 3.515085e+00 3.086242e+00 2.887724e+00 2.690383e+00 2.127670e+00 1.916134e+00 1.262188e-03 3.278753e-01 7.277582e-01 1.188403e+00 1.204824e+00 1.128152e+00 1.565992e+00 1.249169e+00 1.014700e+00 1.125932e+00 9.638615e-01 1.012076e+00 7.531592e-01 2.169951e-04
<GCONST> 1.032794e+02
<MIXTURE> 5 6.052185e-02
<MEAN> 39
 -5.739615e+00 -1.000385e+01 2.948638e-01 -1.841045e+00 -1.206844e+01 -9.740747e+00 -1.096556e+01 -4.026426e+00 -7.216262e-01 -5.858532e+00 -4.502989e+00 3.344543e-01 5.590817e-01 -9.699573e-01 2.691477e-02 2.731484e+00 -2.450641e+00 -2.460356e+00 2.312315e-01 -3.204276e-01 4.897439e-01 -5.266142e-01 -1.036746e+00 2.125818e+00 8.505822e-01 3.079665e-02 4.972039e-01 -1.269851e-01 -4.594375e-01 -3.515284e-01 -4.310009e-01 3.634593e-02 -3.752622e-01 9.912768e-02 1.553109e-01 1.804663e-01 7.417263e-01 -2.699448e-01 2.311309e-02
<VARIANCE> 39
 8.048078e+00 1.255047e+01 3.704209e+01 2.994169e+01 2.650848e+01 3.091097e+01 4.016056e+01 2.266513e+01 2.923330e+01 1.632166e+01 2.057441e+01 2.034298e+01 1.202178e-02 1.030017e+00 2.417590e+00 3.465594e+00 3.044811e+00 4.545345e+00 3.818351e+00 7.137053e+00 4.066130e+00 4.962399e+00 3.344858e+00 2.415485e+00 4.189829e+00 1.623414e-03 1.406133e-01 4.330100e-01 4.475383e-01 6.227922e-01 6.747207e-01 6.635799e-01 1.709410e+00 9.247624e-01 8.029502e-01 6.649463e-01 8.389397e-01 7.015187e-01 1.522580e-04
<GCONST> 9.843134e+01
<MIXTURE> 6 9.416119e-02
<MEAN> 39
 -8.586757e+00 -4.808492e+00 4.072461e+00 -8.983011e+00 -9.889494e+00 -1.198529e+01 -9.917202e+00 -8.360115e-01 -6.537943e+00 -5.125561e+00 -2.496071e+00 -1.441207e+00 5.501425e-01 -8.137009e-02 1.482706e-02 3.254044e-01 -2.748460e-01 -7.471671e-02 -2.381516e-01 -3.027095e-02 -2.067112e-01 -1.243016e-01 2.389470e-01 1.909948e-01 2.382246e-01 4.980245e-03 3.971002e-01 -6.703137e-01 -1.407521e-01 -4.298364e-01 -1.155050e+00 -4.159651e-02 1.948693e-01 1.628046e-01 -1.457893e-01 5.266250e-01 3.057740e-02 3.832188e-02 2.893258e-02
<VARIANCE> 39
 9.294568e+00 1.637329e+01 2.631227e+01 3.254663e+01 2.230633e+01 3.207285e+01 2.223777e+01 1.883468e+01 3.528930e+01 2.324670e+01 1.662657e+01 1.688673e+01 1.220278e-02 3.793046e-01 7.321225e-01 1.131158e+00 9.744093e-01 1.543179e+00 1.253248e+00 1.597984e+00 1.617280e+00 2.279905e+00 1.522982e+00 1.114583e+00 9.407424e-01 5.149058e-04 2.620527e-01 2.372998e-01 5.206294e-01 7.244676e-01 6.220369e-01 5.912269e-01 6.930334e-01 6.872187e-01 7.791517e-01 5.394601e-01 7.681420e-01 4.081737e-01 1.058835e-04
<GCONST> 8.147790e+01
<MIXTURE> 7 5.478197e-02
<MEAN> 39
 -1.919209e+00 -1.470150e+01 -1.534947e+00 4.675619e-01 -1.695598e+01 -9.998111e+00 -1.335483e+01 -3.903548e+00 6.908118e-01 -2.851344e+00 -3.835138e+00 -1.850479e+00 6.771067e-01 -1.530928e-01 -5.379992e-01 1.610627e+00 -1.557729e+00 -1.578824e+00 8.660368e-01 -1.941839e+00 1.855354e+00 -4.457617e-02 -7.690319e-01 1.628794e+00 9.339335e-02 2.261894e-02 1.342011e-01 -6.949120e-02 -1.005710e-01 -9.730814e-01 -6.877133e-02 5.058332e-01 -9.173802e-01 9.925551e-01 -7.710881e-02 -9.518956e-02 8.226869e-01 -1.693343e-01 1.650965e-02
<VARIANCE> 39
 9.605171e+00 9.424119e+00 4.649167e+01 1.822955e+01 2.723775e+01 1.474631e+01 1.836793e+01 2.776342e+01 2.453511e+01 3.219006e+01 2.281208e+01 1.899229e+01 7.681034e-03 1.192132e+00 9.998145e-01 5.882886e+00 3.487645e+00 4.155566e+00 2.232701e+00 3.115994e+00 3.189451e+00 4.975000e+00 4.341125e+00 2.687412e+00 2.414771e+00 6.357785e-04 8.912764e-02 1.248609e-01 2.400383e-01 4.522940e-01 5.153171e-01 5.486439e-01 6.359420e-01 5.988242e-01 6.296136e-01 6.054630e-01 5.150951e-01 3.660584e-01 6.829706e-05
<GCONST> 8.716032e+01
<MIXTURE> 8 5.784561e-02
<MEAN> 39
 -3.230991e+00 -1.178910e+01 -2.513341e+00 -1.299006e+01 -1.210235e+01 -8.471062e+00 -1.439027e+01 2.581845e+00 -1.130832e+00 1.123310e-01 -4.570511e+00 -2.499998e+00 7.583994e-01 -1.281218e-01 6.696390e-02 1.803218e+00 -2.750521e-01 -1.838330e-01 -1.224251e+00 -3.804889e-01 5.760368e-01 -1.487105e+00 7.929625e-01 1.259524e-01 6.047272e-01 -1.532861e-02 -1.991755e-01 -6.648832e-03 -5.309678e-01 -1.669138e-01 1.604910e-02 -1.233700e-01 1.135164e+00 -2.446170e-01 -1.079352e-01 -2.106968e-01 -7.860432e-02 -6.804924e-02 1.054031e-02
<VARIANCE> 39
 6.630775e+00 2.189990e+01 3.625566e+01 2.911238e+01 3.418801e+01 3.856974e+01 5.085072e+01 4.612555e+01 4.243700e+01 3.892751e+01 5.518145e+01 4.002607e+01 8.138607e-03 1.133593e+00 1.237188e+00 1.600004e+00 2.137025e+00 1.919332e+00 3.571769e+00 5.638497e+00 6.013370e+00 3.556593e+00 2.841185e+00 2.386829e+00 2.323606e+00 4.653252e-04 2.122742e-01 2.255479e-01 3.021127e-01 3.805892e-01 4.128227e-01 5.008442e-01 5.252953e-01 5.920606e-01 4.663082e-01 6.021813e-01 6.412678e-01 5.254149e-01 9.906629e-05
<GCONST> 9.270624e+01
<MIXTURE> 9 6.875689e-02
<MEAN> 39
 -7.827059e+00 -7.383543e+00 -1.433214e+00 -8.999066e+00 -1.183397e+01 -8.503907e+00 -1.082056e+01 -4.158809e+00 -3.303308e-01 -3.967074e+00 -2.625913e+00 -1.218415e+00 6.340382e-01 8.438106e-01 -1.671287e+00 -2.731973e-01 -1.144452e+00 -4.759570e-01 -3.799328e-01 -1.217873e+00 1.688209e+00 5.861657e-02 1.081452e+00 -5.292321e-01 -5.376751e-02 3.611258e-02 7.614616e-01 -8.402035e-01 -1.782550e-01 -9.346842e-01 -3.058070e-01 -2.847030e-03 -2.816433e-01 1.072281e+00 -6.126543e-01 9.225729e-01 -3.611578e-01 -2.048978e-01 2.774265e-02
<VARIANCE> 39
 9.199800e+00 1.897281e+01 2.887527e+01 3.194928e+01 3.073554e+01 4.349945e+01 3.357844e+01 2.854803e+01 3.329829e+01 3.163737e+01 1.866400e+01 2.191392e+01 9.927793e-03 9.932383e-01 1.407347e+00 3.482719e+00 3.569507e+00 2.815521e+00 4.207018e+00 4.116779e+00 3.356370e+00 6.725456e+00 2.963360e+00 2.385666e+00 2.152830e+00 1.220119e-03 2.016598e-01 4.130363e-01 6.519907e-01 7.289019e-01 8.681895e-01 1.158589e+00 8.677200e-01 9.499097e-01 8.156242e-01 6.500486e-01 7.463347e-01 5.886638e-01 9.016980e-05
<GCONST> 9.777644e+01
<MIXTURE> 10 5.383803e-02
<MEAN> 39
 -7.988482e+00 -9.645692e+00 2.614264e+00 -5.382226e+00 -1.149471e+01 -3.658384e+00 -8.230933e+00 -4.415215e+00 -3.124506e+00 -5.510115e+00 -4.222133e+00 -1.127866e+00 4.759246e-01 -3.074585e-01 -1.337627e+00 1.024383e+00 -2.876277e+00 -1.324605e+00 -7.143036e-01 -1.429968e+00 1.606565e+00 -3.928607e-01 -1.003118e-01 1.656869e+00 8.043116e-01 6.160695e-02 6.268778e-01 -6.094977e-01 -4.634547e-02 -6.455795e-01 -8.537677e-01 -9.082524e-01 -8.883522e-01 8.771950e-01 9.224033e-02 3.364125e-01 6.066383e-01 -1.784187e-01 4.032420e-02
<VARIANCE> 39
 6.891029e+00 1.669260e+01 1.520478e+01 2.553582e+01 2.491894e+01 2.243848e+01 3.753968e+01 2.990701e+01 1.887306e+01 2.118773e+01 2.029414e+01 1.654803e+01 1.299800e-02 7.567624e-01 2.556751e+00 2.362624e+00 3.252417e+00 3.006954e+00 3.163730e+00 3.163163e+00 3.704249e+00 4.679881e+00 3.134824e+00 2.157898e+00 1.700004e+00 1.585116e-03 2.139340e-01 3.840919e-01 5.545564e-01 6.797643e-01 8.577191e-01 1.327282e+00 1.171017e+00 1.123156e+00 1.222501e+00 7.052613e-01 9.560559e-01 7.007514e-01 1.748990e-04
<GCONST> 9.587920e+01
<MIXTURE> 11 5.528532e-02
<MEAN> 39
 -3.049498e+00 -1.251325e+01 3.759542e+00 -7.213803e+00 -1.723783e+01 -9.468781e+00 -1.343522e+01 9.694803e-01 -3.050229e+00 -3.572315e+00 -1.680883e+00 -2.361726e+00 7.205600e-01 -9.210400e-02 1.573916e-01 4.492083e-01 9.033594e-02 -1.418087e-01 -2.362692e-02 -4.859642e-02 -1.910365e-01 -6.796303e-03 -2.690970e-01 2.703842e-01 7.682144e-03 -7.497728e-03 -1.278338e-01 -4.028744e-02 -2.359677e-01 -4.425283e-01 -5.943406e-02 -7.836655e-02 3.108328e-01 3.255657e-01 -1.595107e-01 3.185706e-01 1.227350e-02 -2.293419e-02 8.738564e-03
<VARIANCE> 39
 9.080261e+00 2.056470e+01 5.012801e+01 3.766095e+01 3.254509e+01 4.496011e+01 4.386507e+01 3.375736e+01 5.056297e+01 4.366642e+01 3.576955e+01 3.545869e+01 1.143487e-02 2.526630e-01 4.484499e-01 1.099144e+00 1.006054e+00 1.017226e+00 1.270265e+00 1.440337e+00 1.480203e+00 1.731860e+00 1.273161e+00 1.393643e+00 8.626240e-01 1.538423e-04 4.738895e-02 8.743829e-02 1.658579e-01 2.663435e-01 3.443435e-01 2.631123e-01 3.366562e-01 2.618509e-01 2.923635e-01 2.561051e-01 2.224562e-01 2.372643e-01 5.255764e-05
<GCONST> 7.172165e+01
<MIXTURE> 12 4.642743e-02
<MEAN> 39
 -1.338295e+01 -3.759649e+00 3.295647e-01 -1.062379e+01 -6.982980e+00 -5.932741e+00 -2.754162e+00 -4.338644e+00 -7.203205e+00 -3.063754e+00 -9.303184e-01 -3.744477e+00 4.587593e-01 -4.067916e-02 -8.953891e-01 6.210845e-01 -2.157415e+00 -1.903948e+00 -3.744477e-01 -2.557072e-01 -3.874505e-01 -6.254156e-01 1.076875e+00 4.042822e-01 3.444907e-01 6.134573e-02 8.438982e-01 -6.201082e-01 9.509766e-01 -7.181678e-01 -1.966587e+00 -4.639530e-01 -8.398705e-01 6.530155e-02 -3.114764e-01 4.144101e-01 -3.162300e-01 3.655030e-01 3.840622e-02
<VARIANCE> 39
 8.441410e+00 2.148879e+01 2.324368e+01 2.747608e+01 1.728445e+01 3.925052e+01 2.140611e+01 3.184742e+01 2.031822e+01 1.825126e+01 1.921147e+01 1.567872e+01 1.490002e-02 1.309750e+00 1.213123e+00 2.442219e+00 2.217871e+00 2.941103e+00 2.553688e+00 2.833807e+00 3.437266e+00 2.004293e+00 2.192467e+00 2.455318e+00 1.186850e+00 1.352693e-03 2.712328e-01 5.825108e-01 8.253989e-01 1.413785e+00 9.025258e-01 9.586995e-01 1.128228e+00 8.663919e-01 5.718888e-01 7.062644e-01 9.147443e-01 6.255319e-01 1.864526e-04
<GCONST> 9.427766e+01
<MIXTURE> 13 6.055121e-02
<MEAN> 39
 -8.487438e+00 -5.344845e+00 3.096262e+00 -9.765044e+00 -1.365260e+01 -1.047812e+01 -5.997812e+00 -6.679941e+00 -9.902695e+00 -3.206389e+00 -4.184776e+00 -1.562131e+00 5.431768e-01 -7.898682e-01 6.075794e-01 7.236825e-01 -1.231276e+00 -5.789454e-04 -3.216827e-01 5.019667e-01 -1.308156e+00 -6.279161e-01 7.777835e-01 7.157182e-02 -7.474649e-02 1.391173e-03 2.200444e-01 -7.089586e-01 -7.404022e-02 -1.452203e+00 -3.544642e-01 -1.741926e-01 -1.339885e-01 5.723910e-01 -3.516987e-02 7.006668e-01 -5.379492e-01 9.391522e-02 3.328713e-02
<VARIANCE> 39
 8.214009e+00 2.054780e+01 3.744816e+01 3.752869e+01 2.358298e+01 3.712486e+01 3.033768e+01 4.315686e+01 3.062698e+01 3.185381e+01 2.371249e+01 2.576310e+01 1.354060e-02 7.653867e-01 1.832760e+00 2.233874e+00 3.809323e+00 2.604735e+00 2.336739e+00 2.752323e+00 4.273729e+00 3.363343e+00 2.606123e+00 3.758092e+00 2.015589e+00 8.088170e-04 1.589288e-01 2.974342e-01 7.160043e-01 5.567213e-01 6.784325e-01 7.982628e-01 1.160603e+00 9.372191e-01 7.974852e-01 8.216398e-01 7.648212e-01 4.673372e-01 1.230514e-04
<GCONST> 9.587287e+01
<MIXTURE> 14 4.733093e-02
<MEAN> 39
 -3.885500e+00 -1.185879e+01 -2.256649e+00 -1.123476e+01 -1.803368e+01 -7.324396e+00 -1.142256e+01 1.336129e-02 1.545244e+00 -6.460540e+00 -6.621486e+00 9.035892e-01 7.251657e-01 3.883897e-01 -5.069881e-01 1.120038e+00 -1.295602e-01 -1.002207e+00 3.289169e-02 -1.187190e+00 3.619172e-01 -9.784368e-01 7.984309e-01 -1.570090e-01 1.371251e-02 -1.245312e-02 -1.209805e-01 -4.658997e-01 -7.087874e-01 -7.215623e-01 7.787069e-01 -5.427548e-01 1.019030e+00 5.836094e-01 -1.109920e+00 5.826154e-01 -5.811490e-01 -2.047594e-01 1.946984e-02
<VARIANCE> 39
 6.510344e+00 2.115873e+01 2.993050e+01 2.406765e+01 3.306477e+01 2.702234e+01 2.428523e+01 2.048981e+01 3.248761e+01 2.854867e+01 3.788039e+01 2.729175e+01 7.353052e-03 6.464870e-01 1.309490e+00 2.522390e+00 2.496431e+00 2.667568e+00 3.779989e+00 3.000795e+00 3.161191e+00 3.784473e+00 2.123044e+00 1.877816e+00 2.228472e+00 7.585773e-04 1.535497e-01 2.170849e-01 1.759061e-01 2.902317e-01 4.298998e-01 4.728552e-01 5.479370e-01 6.113026e-01 4.142805e-01 4.965413e-01 4.477484e-01 3.638071e-01 5.873217e-05
<GCONST> 8.541204e+01
<MIXTURE> 15 7.117797e-02
<MEAN> 39
 8.137333e-02 -1.402653e+01 -7.952811e+00 -5.462205e+00 -1.528972e+01 -4.975827e+00 -7.773782e+00 -7.373003e+00 2.042798e+00 5.582260e+00 -1.571791e+00 -6.923778e+00 7.420183e-01 7.779342e-01 -4.308442e-01 5.093021e-01 1.440089e+00 -8.652871e-01 -4.849608e-01 -1.497674e+00 3.998592e-01 -4.379824e-01 2.127858e-01 3.977612e-01 6.543952e-01 -1.409085e-02 -2.104621e-01 -1.734447e-01 -3.472632e-01 -8.771132e-01 5.586863e-01 1.994489e-01 -7.174543e-02 1.042058e+00 1.322807e-01 -7.284701e-01 -9.873955e-02 -2.519870e-02 1.647633e-02
<VARIANCE> 39
 6.643501e+00 2.179785e+01 2.568717e+01 3.536720e+01 2.431655e+01 4.350213e+01 3.971156e+01 3.036954e+01 3.346243e+01 3.096496e+01 3.981314e+01 2.147960e+01 8.551379e-03 5.796316e-01 8.637435e-01 1.218507e+00 1.930286e+00 1.559207e+00 2.506182e+00 3.067539e+00 2.922314e+00 2.188095e+00 2.422234e+00 2.556957e+00 2.095698e+00 3.476641e-04 9.919976e-02 1.723041e-01 1.968050e-01 4.872560e-01 4.629525e-01 4.914420e-01 5.758640e-01 5.509431e-01 6.814538e-01 5.010514e-01 4.322915e-01 4.247821e-01 6.341073e-05
<GCONST> 8.408071e+01
<MIXTURE> 16 5.913939e-02
<MEAN> 39
 -2.237336e+00 -1.456145e+01 1.553802e-01 -7.125059e-01 -2.057135e+01 -9.508873e+00 -9.217517e+00 -4.398951e+00 -2.829497e+00 -2.014271e+00 -6.615570e+00 -2.311541e+00 6.796370e-01 -8.263267e-01 5.631930e-01 1.697906e+00 -1.386214e+00 -2.411422e-01 2.034775e-01 -1.590630e-01 -1.381299e-01 -7.550629e-01 -2.844188e-01 4.755742e-01 9.530028e-02 -5.996718e-03 -1.379921e-01 6.782926e-02 -2.305673e-01 -1.444788e+00 6.930724e-01 -1.181657e-01 -6.206805e-01 1.176634e+00 -2.577029e-01 1.003895e-01 6.688462e-01 -1.533830e-01 1.877154e-02
<VARIANCE> 39
 8.997937e+00 1.845720e+01 3.413393e+01 4.041330e+01 2.420040e+01 3.906828e+01 3.887345e+01 4.000909e+01 4.667380e+01 4.684872e+01 3.221082e+01 2.737410e+01 1.098274e-02 7.451629e-01 1.008708e+00 3.313246e+00 3.210752e+00 2.797857e+00 2.584525e+00 3.693006e+00 3.948825e+00 4.629952e+00 2.680327e+00 3.309890e+00 3.236824e+00 6.485969e-04 1.126647e-01 2.658417e-01 3.738212e-01 4.884086e-01 5.321824e-01 5.962924e-01 9.250607e-01 8.759575e-01 7.915938e-01 7.204398e-01 7.550011e-01 7.872397e-01 1.144562e-04
<GCONST> 9.574322e+01
<STATE> 4
<NUMMIXES> 16
<MIXTURE> 1 7.215597e-02
<MEAN> 39
 -2.657216e+00 -1.087064e+01 -5.659977e+00 -5.753926e+00 -1.225069e+01 -1.110533e+01 -1.328661e+01 -1.513021e+00 2.204754e+00 -8.252156e-01 -3.000297e+00 -1.222852e+00 7.079406e-01 2.136464e+00 -1.601744e+00 -1.699358e+00 -1.214386e+00 -1.215999e+00 1.463954e-01 -2.300307e+00 1.555020e+00 1.492722e+00 6.206034e-01 3.998052e-01 -3.527931e-01 7.066493e-02 3.210385e-01 5.192469e-02 -3.384261e-01 -2.282969e-01 2.013448e-01 4.733457e-01 -8.131094e-02 -8.887858e-02 -1.363096e-01 7.282793e-02 1.537417e-01 -3.471214e-01 3.146874e-03
<VARIANCE> 39
 6.940291e+00 1.410196e+01 2.856066e+01 3.926335e+01 3.953759e+01 3.888140e+01 4.927630e+01 3.138401e+01 2.972927e+01 3.000448e+01 2.337424e+01 1.792095e+01 1.062941e-02 1.773304e+00 2.024886e+00 3.297151e+00 4.132480e+00 4.596265e+00 4.349994e+00 6.102225e+00 6.320009e+00 4.799718e+00 4.184718e+00 4.434835e+00 3.259689e+00 1.053451e-03 9.705131e-02 2.071047e-01 2.785738e-01 3.317664e-01 5.091147e-01 4.873741e-01 6.366737e-01 5.921652e-01 6.713297e-01 4.716510e-01 5.128866e-01 3.853610e-01 1.177677e-04
<GCONST> 9.512938e+01
<MIXTURE> 2 6.227012e-02
<MEAN> 39
 -7.907381e+00 -5.923843e+00 3.536263e+00 -7.955589e+00 -1.051877e+01 -1.330885e+01 -1.054917e+01 -4.134359e-01 -2.613613e+00 -5.190826e+00 -9.474242e-01 5.620471e-02 6.240261e-01 1.491441e+00 -1.607804e+00 4.665415e-01 -2.265931e-01 -3.064121e+00 -6.966056e-01 -1.168224e+00 1.011417e+00 8.702970e-02 -5.003705e-02 1.379597e+00 2.086861e-01 7.186265e-02 5.199163e-01 -3.718980e-01 -1.879021e-01 4.052959e-01 -8.517441e-01 4.146338e-01 -1.408127e-01 -4.052244e-04 1.790930e-02 8.368982e-02 9.538799e-02 -3.631765e-01 7.967861e-03
<VARIANCE> 39
 7.871459e+00 1.951351e+01 1.938210e+01 2.001952e+01 2.405054e+01 1.996266e+01 2.502171e+01 1.869730e+01 2.856329e+01 1.866936e+01 1.382548e+01 1.412357e+01 1.150188e-02 1.710700e+00 1.794638e+00 2.680552e+00 2.832187e+00 3.052233e+00 3.145870e+00 4.319945e+00 3.599818e+00 3.756033e+00 2.687922e+00 2.244692e+00 2.216666e+00 9.881058e-04 1.413819e-01 2.120114e-01 2.934529e-01 3.233639e-01 3.700099e-01 3.421258e-01 5.448892e-01 5.624422e-01 4.843058e-01 2.939673e-01 2.897811e-01 3.158917e-01 1.542225e-04
<GCONST> 8.500541e+01
<MIXTURE> 3 8.040095e-02
<MEAN> 39
 5.240001e-02 -1.646535e+01 -5.514887e+00 -8.131515e+00 -1.844771e+01 -1.147958e+00 -1.826644e+01 1.674178e+00 3.070427e+00 7.632551e-01 2.427104e-01 -8.013726e+00 7.981533e-01 3.763469e-01 -7.950980e-01 1.003598e-01 -1.281915e+00 -1.299594e-01 6.219876e-01 -1.453895e+00 2.648083e+00 -3.488249e-01 -1.136737e-01 4.795820e-01 -4.435711e-01 2.663058e-02 -2.469634e-01 4.362737e-01 -1.205947e-01 -2.327657e-01 8.689114e-01 -4.372105e-01 8.013294e-01 -2.908821e-01 -2.823917e-01 -8.471600e-02 -2.530700e-01 3.236266e-01 -6.200972e-03
<VARIANCE> 39
 5.258269e+00 2.407962e+01 4.209725e+01 3.337525e+01 2.975701e+01 3.760803e+01 4.502375e+01 6.044839e+01 4.192409e+01 3.880430e+01 4.199095e+01 2.924030e+01 6.297643e-03 9.991301e-01 1.153079e+00 2.045145e+00 3.483986e+00 3.817903e+00 2.877667e+00 2.856878e+00 3.015558e+00 1.880294e+00 3.486055e+00 2.291065e+00 2.852692e+00 6.038619e-04 7.610841e-02 1.513463e-01 2.135983e-01 2.853112e-01 3.588290e-01 2.831803e-01 4.404359e-01 5.439037e-01 3.576482e-01 4.111669e-01 4.149410e-01 3.115250e-01 9.946633e-05
<GCONST> 8.698026e+01
<MIXTURE> 4 4.907513e-02
<MEAN> 39
 -5.742904e+00 -6.408489e+00 -4.157816e+00 -9.030194e+00 -1.124878e+01 -5.572925e+00 -7.257675e+00 -7.763289e+00 -4.769846e+00 6.115805e-01 -1.665097e+00 -2.961632e+00 5.881389e-01 1.020609e+00 2.778587e-01 -2.317938e-01 -2.804316e+00 -5.957558e-01 9.473813e-01 2.156314e-01 -7.286573e-01 -7.311767e-01 1.046494e+00 4.844128e-01 -5.681791e-02 3.568692e-02 5.142352e-01 -9.847070e-02 -3.307208e-01 -5.877639e-01 -1.681318e-02 3.082865e-02 -3.111416e-01 4.940961e-01 2.433385e-01 -4.184778e-02 -2.187219e-01 1.094840e-01 1.589676e-02
<VARIANCE> 39
 2.220246e+01 3.614460e+01 3.321733e+01 6.408434e+01 3.434485e+01 5.755761e+01 5.115791e+01 4.255719e+01 4.927540e+01 3.696931e+01 3.669112e+01 2.798627e+01 2.156123e-02 3.571462e+00 3.158729e+00 3.767481e+00 5.332921e+00 4.988822e+00 7.057988e+00 6.779727e+00 5.232064e+00 6.719861e+00 4.761183e+00 5.074012e+00 2.955477e+00 1.867086e-03 3.520226e-01 4.957822e-01 6.951932e-01 8.188509e-01 5.695249e-01 8.999597e-01 1.087036e+00 1.001186e+00 8.775665e-01 6.193778e-01 6.789978e-01 6.424000e-01 1.777468e-04
<GCONST> 1.113844e+02
<MIXTURE> 5 7.713100e-02
<MEAN> 39
 -4.157700e-01 -1.488693e+01 -3.076673e+00 -1.905920e+00 -1.782761e+01 -1.231810e+01 -1.034049e+01 -1.921021e+00 2.680981e+00 -8.653390e-01 -4.741270e+00 3.972728e-02 7.192953e-01 1.145919e+00 -1.081993e+00 -5.365369e-01 5.442877e-02 -9.171490e-01 -1.778083e-01 -1.415820e+00 1.871675e+00 4.656811e-01 -7.541150e-01 6.183301e-01 8.239411e-01 3.143434e-02 -8.500395e-02 2.138032e-01 -3.257230e-01 -3.363810e-01 4.583555e-01 2.206133e-01 -1.575236e-01 3.190063e-01 -1.285108e-01 -1.962266e-01 1.969629e-01 -3.025180e-01 1.594540e-03
<VARIANCE> 39
 6.223840e+00 1.909640e+01 2.948239e+01 2.656172e+01 2.070790e+01 2.959019e+01 3.230158e+01 2.966709e+01 2.983183e+01 2.633561e+01 1.621086e+01 1.551068e+01 1.092719e-02 1.178804e+00 1.192676e+00 2.206835e+00 1.925336e+00 2.883029e+00 2.380417e+00 4.204801e+00 2.583676e+00 2.852696e+00 2.857312e+00 2.022361e+00 2.188211e+00 3.836904e-04 8.600194e-02 1.254888e-01 1.945967e-01 3.498493e-01 3.204663e-01 2.956568e-01 3.515191e-01 3.503780e-01 2.840277e-01 2.544864e-01 2.691045e-01 1.645716e-01 8.529055e-05
<GCONST> 7.911693e+01
<MIXTURE> 6 8.258711e-02
<MEAN> 39
 -2.987599e+00 -1.482749e+01 1.246945e+00 -1.502932e+01 -1.254187e+01 -1.228081e+01 -1.435121e+01 8.451547e+00 -4.437495e+00 2.389262e+00 -6.246814e+00 -8.355713e-01 7.834353e-01 -5.791970e-02 -6.249387e-01 3.526518e-01 -1.418076e+00 1.782260e-01 -1.464770e+00 8.728539e-01 1.888649e+00 -1.464009e+00 7.394172e-01 -5.107487e-01 8.234550e-01 2.542924e-02 -1.622206e-01 3.763109e-01 -3.239527e-01 4.385773e-01 7.781436e-02 1.492891e-01 6.381568e-01 -8.559513e-01 1.286384e-01 -3.448707e-01 1.090861e-01 -1.478485e-01 -7.174217e-03
<VARIANCE> 39
 6.370639e+00 2.359882e+01 3.753245e+01 3.407215e+01 2.691305e+01 2.820456e+01 4.123186e+01 2.445268e+01 3.280211e+01 2.546900e+01 3.826748e+01 3.180910e+01 8.149899e-03 8.750922e-01 1.919030e+00 1.881854e+00 2.078203e+00 3.542503e+00 2.577034e+00 3.067399e+00 3.929706e+00 2.894405e+00 2.499406e+00 2.551244e+00 1.942343e+00 7.233673e-04 7.919426e-02 1.972623e-01 2.226103e-01 3.349887e-01 2.594189e-01 3.003121e-01 3.340074e-01 4.576419e-01 3.219286e-01 2.384021e-01 3.181058e-01 2.909750e-01 1.296845e-04
<GCONST> 8.426205e+01
<MIXTURE> 7 4.906267e-02
<MEAN> 39
 -5.850056e+00 -8.615839e+00 6.824409e+00 -3.039831e+00 -2.083759e+01 -1.045246e+01 -7.923730e+00 -5.498080e+00 -2.247108e+00 -8.924336e+00 1.337186e+00 6.251006e-01 6.504567e-01 -3.060845e-01 4.227085e-01 1.253846e+00 -1.177185e+00 -1.616936e+00 4.384267e-01 3.428340e-03 -2.479378e-01 -5.464280e-01 -6.348301e-01 1.831727e+00 -2.069334e-01 2.357721e-02 1.741868e-01 -9.487163e-02 -2.925943e-01 8.575166e-02 1.066919e-01 1.632625e-01 -1.805056e-01 3.999391e-01 -2.466487e-01 3.427254e-01 -1.360810e-01 -3.217952e-01 7.935828e-04
<VARIANCE> 39
 5.909818e+00 1.541427e+01 2.059850e+01 2.294034e+01 3.006299e+01 2.097743e+01 2.390714e+01 2.341622e+01 3.105581e+01 2.438601e+01 1.949069e+01 2.122476e+01 1.491485e-02 1.052963e+00 1.470766e+00 1.974298e+00 2.507723e+00 3.612896e+00 3.163437e+00 4.393438e+00 3.428092e+00 3.100151e+00 2.545599e+00 2.949527e+00 2.820349e+00 9.015100e-04 7.404999e-02 1.179828e-01 2.260015e-01 4.021132e-01 4.877197e-01 2.819631e-01 3.510010e-01 3.953817e-01 3.029716e-01 3.212220e-01 3.870828e-01 2.639337e-01 1.131440e-04
<GCONST> 8.313412e+01
<MIXTURE> 8 7.738733e-02
<MEAN> 39
 -7.202560e+00 -9.265611e+00 5.185522e+00 -1.869786e+01 -1.642887e+01 -1.573724e+01 -4.827227e+00 -3.719585e+00 -1.075061e+01 2.281138e+00 -6.168954e+00 1.551841e+00 7.217216e-01 7.905102e-02 -8.829905e-01 6.116476e-01 -2.539798e+00 -1.298430e+00 -1.275162e-01 5.625126e-01 -2.575970e-01 -3.025336e-01 1.601731e+00 -7.064649e-01 5.079263e-02 4.375833e-02 1.488780e-02 -1.135844e-02 -2.806028e-01 -6.976625e-02 -5.662295e-02 3.753614e-01 4.299759e-02 8.970018e-02 2.226775e-01 -1.443130e-01 -1.545348e-01 -1.997143e-01 3.065806e-03
<VARIANCE> 39
 6.924951e+00 2.119382e+01 3.091464e+01 3.449223e+01 2.405188e+01 3.147975e+01 3.075741e+01 4.241799e+01 3.287712e+01 2.938665e+01 2.335692e+01 2.130194e+01 1.244292e-02 8.937408e-01 1.691454e+00 1.761420e+00 2.298177e+00 2.443887e+00 2.430897e+00 3.200353e+00 2.523834e+00 2.821027e+00 2.556675e+00 2.439211e+00 1.900895e+00 7.549546e-04 6.752193e-02 1.442127e-01 1.365304e-01 3.706995e-01 2.928820e-01 3.015086e-01 4.112707e-01 2.726010e-01 2.167809e-01 2.996911e-01 2.716138e-01 2.210312e-01 1.419734e-04
<GCONST> 8.150390e+01
<MIXTURE> 9 4.877532e-02
<MEAN> 39
 -2.537414e+00 -1.568826e+01 6.819436e+00 -6.266465e+00 -1.906156e+01 -8.830476e+00 -1.867436e+01 5.344784e+00 -3.809411e+00 -5.671358e+00 9.319534e-01 -3.953210e-01 7.006234e-01 -5.822802e-01 -1.238154e-01 3.050521e+00 -2.465364e+00 -1.367918e+00 4.972040e-01 -1.407669e+00 2.437333e+00 -2.365020e+00 -2.612632e-01 2.151120e+00 1.368136e-01 2.308145e-02 5.429495e-02 3.278268e-01 -6.812971e-01 8.301253e-02 4.570324e-01 1.579859e-02 3.438592e-01 -3.363758e-01 8.877239e-03 3.096949e-01 -8.579348e-02 -2.772193e-01 6.613790e-04
<VARIANCE> 39
 4.425535e+00 1.465926e+01 2.503009e+01 2.260470e+01 2.487407e+01 1.918535e+01 2.583077e+01 3.229467e+01 3.835844e+01 1.956496e+01 1.668464e+01 1.634062e+01 7.423258e-03 1.196359e+00 1.882905e+00 2.714932e+00 2.780884e+00 2.376774e+00 2.357384e+00 4.022854e+00 3.441379e+00 3.450247e+00 3.382176e+00 2.565542e+00 2.347472e+00 6.489641e-04 8.313250e-02 1.341497e-01 2.668182e-01 5.068573e-01 5.067931e-01 3.700069e-01 5.028778e-01 5.942364e-01 3.461155e-01 2.405259e-01 4.324926e-01 3.067529e-01 7.814261e-05
<GCONST> 8.316381e+01
<MIXTURE> 10 5.829231e-02
<MEAN> 39
 -3.429387e+00 -1.548835e+01 -3.638805e+00 -1.434908e+01 -2.097937e+01 -9.041018e+00 -1.090313e+01 5.411324e+00 -6.982052e+00 -2.604885e+00 -1.022188e+01 2.264812e-01 7.922428e-01 5.781834e-01 -1.152741e+00 -9.509722e-01 -1.184102e+00 3.800976e-01 -7.835891e-01 6.431668e-01 1.868076e+00 -1.764324e+00 1.482374e+00 -1.072505e+00 -3.000860e-01 3.246931e-02 -6.907360e-02 3.193085e-01 -4.275525e-01 1.391599e-01 8.973477e-01 -4.009220e-01 5.685491e-01 -2.501467e-01 3.386988e-02 1.010892e-01 1.431567e-01 -1.722270e-01 -1.001756e-03
<VARIANCE> 39
 6.156059e+00 2.261243e+01 3.297900e+01 2.339620e+01 3.017267e+01 3.483692e+01 3.421964e+01 3.812349e+01 3.617470e+01 4.083315e+01 3.086024e+01 2.569644e+01 7.987600e-03 1.374636e+00 1.708971e+00 1.492398e+00 2.404348e+00 4.062744e+00 3.684161e+00 2.748992e+00 3.928684e+00 3.303451e+00 3.734323e+00 2.928921e+00 1.981748e+00 4.481317e-04 8.736667e-02 1.614810e-01 2.496910e-01 2.248911e-01 4.213752e-01 4.825553e-01 3.406340e-01 6.364723e-01 5.169654e-01 3.595176e-01 4.146996e-01 4.396233e-01 1.223160e-04
<GCONST> 8.765849e+01
<MIXTURE> 11 6.133727e-02
<MEAN> 39
 1.449175e+00 -1.226032e+01 -1.127844e+01 -6.308211e+00 -9.869272e+00 -7.861629e+00 -1.226441e+01 -5.118901e+00 2.821092e+00 4.786502e+00 -1.098094e+00 -5.348475e+00 7.345510e-01 6.168323e-01 -6.714842e-01 -5.236493e-01 -1.632364e-01 -7.708560e-01 1.132301e-01 -8.329443e-01 1.045359e+00 8.976908e-01 -3.324324e-01 -2.648550e-01 2.800956e-01 2.090863e-02 -1.055207e-01 3.789682e-02 -1.545634e-01 -5.547591e-01 -3.625465e-02 4.305955e-01 4.064947e-01 1.494252e-01 5.731469e-02 -4.562240e-01 3.614861e-02 6.623685e-02 8.759122e-03
<VARIANCE> 39
 1.248610e+01 1.599059e+01 3.862598e+01 4.572056e+01 2.928468e+01 4.830220e+01 4.618017e+01 3.579445e+01 3.300827e+01 2.988772e+01 5.019074e+01 3.263376e+01 1.058978e-02 7.774963e-01 1.190719e+00 1.820282e+00 2.351971e+00 3.084869e+00 4.392038e+00 4.011318e+00 3.466526e+00 4.121964e+00 2.865532e+00 3.785160e+00 3.422551e+00 4.266129e-04 1.117657e-01 1.227726e-01 2.224857e-01 4.314488e-01 3.972079e-01 4.248969e-01 4.964288e-01 4.166389e-01 4.539437e-01 4.813381e-01 4.351186e-01 4.207509e-01 5.433158e-05
<GCONST> 8.972278e+01
<MIXTURE> 12 5.193326e-02
<MEAN> 39
 -6.907397e-01 -1.316807e+01 -8.530212e+00 -1.850216e+00 -2.132442e+01 -7.410567e+00 -9.206493e+00 -8.858695e+00 9.092304e+00 -2.061759e+00 -3.097013e+00 -1.968142e+00 7.733795e-01 4.740611e-01 -2.063478e-01 -8.544533e-01 -1.229216e+00 -4.016460e-01 8.065713e-01 -2.279750e-01 2.482648e-02 8.637021e-01 -3.057935e-01 9.307932e-01 -4.798265e-01 2.618124e-02 -2.183781e-01 4.413910e-01 1.985452e-01 -6.523024e-01 1.159609e+00 -9.017880e-02 7.761104e-02 3.755868e-01 -1.212921e+00 1.766867e-01 1.899879e-01 -2.082925e-01 -9.997716e-03
<VARIANCE> 39
 1.009828e+01 2.357119e+01 4.324353e+01 3.820280e+01 2.218120e+01 3.643531e+01 6.183579e+01 4.467545e+01 4.234331e+01 4.439687e+01 3.756591e+01 2.924924e+01 1.003894e-02 1.070843e+00 1.173976e+00 3.099130e+00 3.924844e+00 3.895958e+00 3.627110e+00 4.950085e+00 5.918296e+00 3.938538e+00 3.886932e+00 4.148204e+00 2.282725e+00 7.949195e-04 1.235066e-01 2.015554e-01 2.608222e-01 4.941884e-01 3.185000e-01 4.155767e-01 4.899497e-01 5.033675e-01 6.474402e-01 4.631321e-01 4.589506e-01 4.006255e-01 1.820053e-04
<GCONST> 9.503648e+01
<MIXTURE> 13 6.092913e-02
<MEAN> 39
 -6.584264e+00 -9.760393e+00 1.466746e+00 -1.125899e+01 -1.374968e+01 -1.167905e+01 -1.247584e+01 -6.625664e-01 -1.502640e+00 -3.296934e+00 -2.657182e+00 -8.479504e-01 6.675618e-01 1.275409e+00 -1.841299e+00 -3.336797e-02 -2.459496e+00 -1.311540e+00 -2.444347e+00 -5.521574e-01 2.244662e+00 -5.786093e-01 1.580566e+00 5.688893e-02 7.975199e-01 8.291978e-02 4.602601e-01 -3.652990e-02 -4.015954e-01 3.108242e-01 1.926840e-01 -3.320263e-01 3.411293e-01 1.829861e-01 -2.763804e-01 3.356917e-01 -3.929664e-01 -9.673429e-02 2.173459e-03
<VARIANCE> 39
 8.486135e+00 1.584882e+01 1.796752e+01 2.944382e+01 2.381235e+01 2.558673e+01 3.157632e+01 1.630371e+01 2.475617e+01 2.969873e+01 1.471345e+01 2.189545e+01 1.149660e-02 1.757429e+00 2.421015e+00 2.356497e+00 3.692523e+00 2.931230e+00 4.091697e+00 4.223293e+00 4.847770e+00 4.460666e+00 2.065340e+00 3.193004e+00 2.562959e+00 1.105132e-03 1.670074e-01 3.333449e-01 3.884858e-01 6.741826e-01 3.875878e-01 6.281462e-01 6.022167e-01 3.607270e-01 4.449072e-01 4.949483e-01 2.498057e-01 3.955262e-01 2.329170e-04
<GCONST> 9.068510e+01
<MIXTURE> 14 5.069517e-02
<MEAN> 39
 -7.584614e+00 -9.675809e+00 1.093416e+01 -9.122839e+00 -1.770265e+01 -9.756578e+00 -1.118989e+01 1.547330e+00 -1.145585e+01 -5.735885e+00 2.593230e+00 -2.632383e+00 6.478592e-01 6.608685e-02 -4.022638e-01 1.553953e+00 -1.377863e+00 -2.596120e+00 -2.014959e-01 -8.017957e-01 4.315667e-01 -1.951912e+00 8.475257e-01 1.826101e+00 -3.552945e-01 5.362105e-02 8.604915e-02 9.085554e-02 -2.082285e-01 -3.120947e-02 -4.515387e-01 3.232348e-01 9.680687e-02 -2.782909e-01 2.858771e-01 1.627744e-01 -5.144726e-02 -2.365524e-01 5.628252e-03
<VARIANCE> 39
 5.856790e+00 1.524270e+01 2.673732e+01 1.912230e+01 2.059022e+01 3.101224e+01 1.859568e+01 2.667469e+01 2.017974e+01 2.640264e+01 1.443151e+01 1.402632e+01 1.125704e-02 1.217998e+00 1.689771e+00 2.059597e+00 2.141170e+00 4.049095e+00 4.505652e+00 3.302419e+00 3.976518e+00 5.039876e+00 3.664783e+00 2.779024e+00 2.364523e+00 1.112132e-03 7.110652e-02 1.522277e-01 2.207331e-01 3.598671e-01 4.914615e-01 4.246913e-01 3.679552e-01 4.106778e-01 3.828911e-01 4.700410e-01 5.902294e-01 3.629813e-01 1.525379e-04
<GCONST> 8.529631e+01
<MIXTURE> 15 5.304066e-02
<MEAN> 39
 -1.089620e+01 -3.477372e+00 3.538975e+00 -1.453118e+01 -1.427023e+01 -1.186895e+01 -4.766191e+00 -8.095242e+00 -1.048873e+01 -2.009194e+00 -3.320770e+00 -2.520531e+00 6.156280e-01 7.457138e-01 -1.154555e+00 1.456874e+00 -2.609352e+00 -2.901674e+00 -5.256159e-01 -8.097656e-01 -2.015685e-01 -7.593966e-01 1.562958e+00 -5.436252e-01 7.446734e-01 7.109316e-02 4.540242e-01 -2.931579e-01 2.799132e-01 -1.673219e-01 -6.023791e-01 1.994645e-01 -4.429820e-01 4.223326e-01 -5.393364e-02 2.207089e-01 -4.740502e-01 1.410147e-01 7.858555e-03
<VARIANCE> 39
 6.141603e+00 1.679547e+01 3.649641e+01 3.151122e+01 2.250281e+01 3.779510e+01 2.230629e+01 4.490903e+01 2.000584e+01 2.385313e+01 3.325144e+01 2.001627e+01 1.299275e-02 1.716448e+00 2.199745e+00 3.409692e+00 4.396523e+00 5.221606e+00 3.280784e+00 4.884688e+00 3.396586e+00 2.420244e+00 3.667365e+00 3.714620e+00 2.901942e+00 1.345781e-03 9.440639e-02 3.025131e-01 4.360645e-01 7.468894e-01 6.136478e-01 5.761083e-01 5.018024e-01 6.656587e-01 5.030858e-01 5.066153e-01 5.311660e-01 2.776789e-01 1.696603e-04
<GCONST> 9.420094e+01
<MIXTURE> 16 6.492556e-02
<MEAN> 39
 -2.672475e+00 -1.401835e+01 5.219881e+00 -5.238303e+00 -2.005429e+01 -7.401005e+00 -1.906181e+01 7.342674e-01 1.628159e+00 -8.330531e+00 2.290817e+00 -2.557200e+00 7.218282e-01 1.763745e-01 -2.271026e-01 4.742934e-01 -8.782234e-01 -1.009440e+00 5.863758e-02 -1.233815e+00 1.599509e+00 -2.392467e-01 -8.669427e-01 2.020814e+00 -3.538461e-01 2.587859e-02 -1.243943e-01 3.478342e-01 -5.082623e-01 2.257692e-01 6.205428e-01 -2.548234e-01 8.531521e-01 -2.194198e-01 -4.080102e-01 3.851983e-01 -4.045872e-01 -1.336246e-01 -8.857310e-03
<VARIANCE> 39
 5.412257e+00 1.478833e+01 1.659368e+01 1.741852e+01 3.027056e+01 1.945475e+01 2.385029e+01 1.889659e+01 2.778060e+01 3.210698e+01 3.177301e+01 2.132422e+01 1.102588e-02 5.906200e-01 9.354283e-01 1.638734e+00 2.018778e+00 2.524503e+00 1.924897e+00 3.125458e+00 1.881880e+00 2.747488e+00 2.346654e+00 2.369654e+00 1.104994e+00 5.177264e-04 7.778148e-02 1.496520e-01 1.782955e-01 3.274679e-01 4.221844e-01 3.852138e-01 3.273883e-01 2.549385e-01 3.689376e-01 3.552750e-01 3.378674e-01 1.958057e-01 1.540679e-04
<GCONST> 7.711632e+01
<TRANSP> 5
 0.000000e+00 1.000000e+00 0.000000e+00 0.000000e+00 0.000000e+00
 0.000000e+00 4.283380e-01 5.716620e-01 0.000000e+00 0.000000e+00
 0.000000e+00 0.000000e+00 2.466830e-01 7.533170e-01 0.000000e+00
 0.000000e+00 0.000000e+00 0.000000e+00 3.147983e-01 6.852017e-01
 0.000000e+00 0.000000e+00 0.000000e+00 0.000000e+00 0.000000e+00
<ENDHMM>
