~o
<STREAMINFO> 1 39
<VECSIZE> 39<NULLD><MFCC_E_D_A><DIAGC>
~h "eh"
<BEGINHMM>
<NUMSTATES> 5
<STATE> 2
<NUMMIXES> 16
<MIXTURE> 1 7.627837e-02
<MEAN> 39
 -2.262367e+00 -1.738246e+01 -9.858119e-01 -1.039180e+01 -1.765749e+01 -6.624036e+00 -1.552839e+01 9.797830e+00 1.195383e+00 -1.999711e+00 -5.111460e-01 -4.402380e+00 8.543580e-01 1.096436e-02 -7.824922e-01 -2.949189e-01 -4.808067e-01 -2.036059e-01 3.598223e-01 1.528484e-01 1.053897e+00 5.282536e-01 -2.454658e-01 -1.458521e-01 -4.060415e-01 1.979287e-02 -3.342315e-01 8.041223e-01 -2.147622e-01 2.906986e-01 7.554601e-01 -1.440530e-01 5.925258e-01 -7.540047e-01 -2.466145e-01 9.564293e-03 -1.428357e-01 9.597617e-02 -1.837032e-02
<VARIANCE> 39
 1.017704e+01 1.654692e+01 2.206937e+01 2.055165e+01 2.570017e+01 3.221604e+01 4.098886e+01 2.951844e+01 2.426483e+01 2.796376e+01 2.822805e+01 2.546659e+01 7.941421e-03 4.195063e-01 6.732814e-01 1.357395e+00 9.230962e-01 1.088087e+00 1.336987e+00 1.681820e+00 1.544121e+00 1.608229e+00 1.217134e+00 1.253146e+00 1.017308e+00 2.390392e-04 1.563049e-01 1.338528e-01 1.638318e-01 1.717073e-01 2.079956e-01 2.719898e-01 3.350114e-01 3.585400e-01 2.813503e-01 2.259795e-01 2.228995e-01 2.050914e-01 7.269456e-05
<GCONST> 7.006649e+01
<MIXTURE> 2 4.738864e-02
<MEAN> 39
 -3.154035e+00 -1.321975e+01 -1.920742e+00 -1.469655e+01 -1.019094e+01 -1.075969e+01 -1.422379e+01 6.111318e+00 -1.666928e+00 4.652569e+00 -6.819030e+00 -2.519050e+00 7.925500e-01 2.677151e+00 -3.424715e+00 6.164877e-01 -2.167181e+00 -1.595258e+00 -3.127122e-02 -2.316180e+00 2.409084e+00 -1.251131e-01 1.367951e+00 -6.680847e-01 -5.935196e-01 8.035783e-02 -1.411173e+00 5.380356e-01 -4.028635e-01 3.559291e-01 5.398892e-01 6.663542e-01 1.115418e+00 -1.980687e-01 1.228007e-02 -5.071238e-01 3.142340e-01 1.456691e-01 -2.352605e-02
<VARIANCE> 39
 7.660835e+00 1.791294e+01 2.595982e+01 2.515798e+01 2.719464e+01 3.475676e+01 4.266698e+01 2.702525e+01 2.848361e+01 2.572680e+01 2.635929e+01 2.321447e+01 8.603136e-03 1.953030e+00 1.822119e+00 2.392342e+00 2.365782e+00 2.837621e+00 4.021954e+00 4.142015e+00 2.867396e+00 2.649644e+00 2.370079e+00 2.401739e+00 2.357712e+00 1.164131e-03 3.131611e-01 2.550334e-01 3.593116e-01 3.178192e-01 3.323549e-01 4.238956e-01 5.567011e-01 3.830816e-01 3.692707e-01 3.211421e-01 3.568963e-01 2.981008e-01 3.247807e-04
<GCONST> 8.936012e+01
<MIXTURE> 3 3.967284e-02
<MEAN> 39
 -4.775665e+00 -1.271925e+01 -5.244668e+00 -1.541437e+01 -1.413536e+01 -1.048956e+01 -8.491792e+00 6.740171e+00 -6.756679e+00 2.900046e+00 -1.149967e+01 -7.934971e-02 8.145818e-01 3.257451e-01 -1.698116e+00 -1.246736e-01 -7.267413e-01 -2.289594e-01 8.586839e-01 2.420258e-01 1.700637e+00 -6.899214e-02 4.170399e-01 -3.958043e-01 1.271786e-01 3.230870e-02 -8.900101e-01 6.699583e-01 -2.766892e-02 5.850608e-01 7.504238e-01 4.126813e-01 6.242254e-01 -6.636547e-01 4.070598e-01 -5.547363e-01 6.774689e-01 -8.601156e-02 -2.495773e-02
<VARIANCE> 39
 6.860152e+00 1.969251e+01 3.401170e+01 2.788487e+01 4.602513e+01 3.251466e+01 3.558323e+01 2.730316e+01 4.850053e+01 4.704646e+01 2.691431e+01 2.523105e+01 9.181461e-03 5.169774e-01 1.089697e+00 1.030660e+00 1.351818e+00 1.484036e+00 1.769663e+00 1.746336e+00 1.336777e+00 1.518874e+00 1.658154e+00 1.550999e+00 1.119876e+00 2.632512e-04 2.568224e-01 2.755601e-01 3.652353e-01 2.951623e-01 4.216112e-01 3.792789e-01 3.499803e-01 4.136145e-01 3.639165e-01 3.816109e-01 2.978633e-01 2.882169e-01 1.135699e-04
<GCONST> 7.984106e+01
<MIXTURE> 4 6.548984e-02
<MEAN> 39
 -6.990439e+00 -1.396535e+01 -3.950577e+00 -2.030152e+01 -1.333033e+01 -1.596517e+01 2.046959e+00 7.252544e-01 -5.893925e+00 -2.815841e+00 -8.676838e+00 2.734569e-01 8.361676e-01 3.952057e-01 -2.126698e+00 -1.061530e-01 -1.259418e+00 5.264769e-01 9.040429e-02 1.246496e+00 1.362468e+00 -9.787125e-02 2.689460e-01 -7.308503e-01 9.935767e-02 4.559105e-02 -7.365779e-01 7.257791e-01 -1.731550e-01 1.091303e+00 6.924695e-01 1.098675e+00 -2.332562e-01 -1.002811e-01 1.716011e-01 1.180982e-02 4.048164e-01 -1.419022e-01 -3.129823e-02
<VARIANCE> 39
 7.649183e+00 2.064144e+01 4.391782e+01 3.267371e+01 3.981519e+01 4.333050e+01 3.715218e+01 3.858519e+01 4.004397e+01 4.921178e+01 2.923503e+01 2.731781e+01 8.663831e-03 9.040920e-01 1.829521e+00 1.892799e+00 2.619688e+00 2.897536e+00 3.690388e+00 3.760785e+00 2.703453e+00 2.326859e+00 2.265673e+00 1.968576e+00 1.805838e+00 6.827352e-04 3.157828e-01 3.356550e-01 3.863930e-01 4.123144e-01 5.813175e-01 5.158128e-01 5.142816e-01 5.808336e-01 5.312833e-01 5.976142e-01 4.896239e-01 4.297257e-01 2.518847e-04
<GCONST> 9.319732e+01
<MIXTURE> 5 8.930817e-02
<MEAN> 39
 -2.471178e+00 -1.424791e+01 -8.557115e+00 -1.358005e+01 -9.159032e+00 -8.636428e+00 -9.747491e+00 3.470566e+00 4.570085e+00 4.281725e-01 -5.254163e+00 -6.600004e+00 8.628981e-01 -4.374567e-01 -3.001019e-01 8.358651e-01 3.686150e-01 -6.546035e-01 -9.747675e-01 7.540994e-01 1.350405e+00 -2.611854e-01 -1.219483e+00 -3.260660e-01 5.789468e-01 8.185179e-04 9.833981e-02 4.477853e-01 -9.511548e-03 3.027406e-02 2.293180e-02 2.272061e-01 -4.363558e-02 -5.870438e-01 -6.495853e-01 1.934834e-02 5.377818e-01 3.563652e-01 -9.235969e-03
<VARIANCE> 39
 1.055564e+01 2.302841e+01 2.872996e+01 4.504531e+01 3.654366e+01 6.616563e+01 5.019327e+01 5.179940e+01 4.705316e+01 5.198786e+01 5.587543e+01 3.803954e+01 1.131609e-02 3.223634e-01 6.222625e-01 1.063519e+00 1.497661e+00 1.576202e+00 1.820561e+00 2.378724e+00 1.892929e+00 1.964109e+00 2.065296e+00 1.875702e+00 1.683736e+00 2.470316e-04 5.728801e-02 1.485280e-01 1.811269e-01 3.277241e-01 2.277585e-01 3.634109e-01 4.026179e-01 3.615873e-01 4.083036e-01 3.895996e-01 3.191853e-01 3.665670e-01 6.406117e-05
<GCONST> 8.098573e+01
<MIXTURE> 6 7.807316e-02
<MEAN> 39
 -2.686650e+00 -1.416711e+01 -6.480598e+00 -6.752559e+00 -1.789256e+01 -8.925802e+00 -8.061948e+00 -6.020340e-01 9.542025e+00 -6.519318e+00 6.073478e-01 -4.710933e+00 8.232735e-01 9.112230e-02 -8.223603e-01 -2.884479e-01 -1.955440e-01 -3.603646e-01 1.055252e-01 6.019433e-01 5.213081e-01 9.272313e-01 -5.119777e-01 -2.159806e-01 -2.130793e-01 1.972517e-02 -3.815385e-01 6.553988e-01 1.151240e-01 5.359089e-02 8.358322e-01 -2.201025e-02 1.129355e-01 -7.296892e-02 -9.706268e-01 3.860314e-01 -1.756474e-01 1.776617e-01 -1.887346e-02
<VARIANCE> 39
 1.043182e+01 2.547069e+01 3.338076e+01 3.217733e+01 3.429135e+01 5.627224e+01 5.057937e+01 3.556136e+01 3.465792e+01 3.584663e+01 3.533202e+01 4.109949e+01 1.162987e-02 6.452833e-01 9.974123e-01 2.280986e+00 1.585101e+00 2.413492e+00 2.163170e+00 2.485346e+00 2.785657e+00 2.354068e+00 2.231130e+00 1.715354e+00 1.691666e+00 4.185690e-04 2.339382e-01 2.012090e-01 2.806340e-01 3.203859e-01 3.522130e-01 5.245397e-01 4.569419e-01 4.955625e-01 3.892914e-01 3.933983e-01 3.914943e-01 3.937060e-01 1.154709e-04
<GCONST> 8.717574e+01
<MIXTURE> 7 5.546110e-02
<MEAN> 39
 -5.082337e+00 -7.692751e+00 -8.727961e+00 -1.186592e+01 -1.408459e+01 -1.526044e+01 -3.397479e+00 -2.447875e+00 -4.027817e-03 -4.513296e+00 -7.860568e+00 5.218351e-01 7.487482e-01 3.012802e+00 -2.595390e+00 -8.517862e-01 -1.964864e+00 -1.712969e+00 -1.899437e+00 3.129923e-01 5.215417e-01 6.003754e-01 -1.413079e-01 -1.454179e+00 2.032124e-01 8.946184e-02 -1.409802e+00 -2.232892e-02 1.211746e-02 2.656181e-01 8.838075e-01 1.173075e+00 4.673143e-01 4.599895e-01 -6.305040e-02 3.589267e-01 4.967628e-01 -7.429305e-02 -1.884558e-02
<VARIANCE> 39
 7.015729e+00 1.900203e+01 2.539230e+01 3.482917e+01 3.926084e+01 3.014628e+01 3.862650e+01 2.558489e+01 5.074273e+01 3.498091e+01 2.975770e+01 2.136994e+01 9.761470e-03 2.427710e+00 2.515725e+00 3.042554e+00 3.879096e+00 3.705222e+00 4.287098e+00 3.942172e+00 3.563687e+00 4.326333e+00 2.831961e+00 3.530950e+00 2.456677e+00 2.016584e-03 2.352272e-01 3.196783e-01 2.553831e-01 4.073227e-01 4.682866e-01 4.459646e-01 5.174130e-01 3.696290e-01 5.315176e-01 4.456652e-01 3.863258e-01 3.132146e-01 3.410264e-04
<GCONST> 9.517294e+01
<MIXTURE> 8 5.711340e-02
<MEAN> 39
 -1.450632e+01 -6.318709e+00 -4.062087e+00 -8.287724e+00 -1.056429e+01 -7.572168e+00 -3.485793e-01 2.654180e+00 -2.172931e-01 1.157035e+00 -2.121023e+00 -3.798875e-01 2.521070e-01 1.088242e+00 -1.177732e+00 7.050511e-01 -1.066225e+00 -8.941571e-01 -3.127349e-01 6.074268e-01 -1.655861e-01 -1.006262e+00 -9.672314e-01 -7.847501e-01 -2.991000e-01 7.480962e-02 5.478919e-01 -3.499009e-01 -3.513520e-03 -5.368640e-01 -2.402545e-01 -3.225575e-01 -3.571451e-01 -1.013274e-01 -3.139754e-01 -3.809888e-01 -1.884064e-01 -1.457120e-01 3.506311e-02
<VARIANCE> 39
 2.808513e+01 2.987762e+01 2.816980e+01 5.539804e+01 5.772564e+01 6.370739e+01 7.133005e+01 4.269233e+01 4.430837e+01 4.095956e+01 3.587549e+01 2.611725e+01 7.066883e-02 3.625041e+00 3.573115e+00 2.291446e+00 6.170540e+00 6.234940e+00 6.354356e+00 4.909349e+00 5.529143e+00 5.988948e+00 4.708838e+00 3.800714e+00 2.957911e+00 9.600853e-03 5.881838e-01 6.648325e-01 4.252283e-01 9.038416e-01 1.335412e+00 1.299982e+00 1.079136e+00 1.041158e+00 9.128527e-01 8.074330e-01 6.234656e-01 4.868102e-01 1.213027e-03
<GCONST> 1.175551e+02
<MIXTURE> 9 6.687376e-02
<MEAN> 39
 -5.501731e+00 -1.646722e+01 -5.081104e+00 -1.573047e+01 -1.252297e+01 -1.018418e+01 -3.883494e+00 7.803703e+00 -8.092717e+00 -4.583564e+00 -8.979528e+00 -3.813065e-01 8.341394e-01 -6.626225e-01 -7.205780e-02 8.970619e-01 -7.298670e-01 -5.576935e-01 5.322641e-01 1.743255e+00 -3.595955e-01 -8.896340e-01 -2.358810e-01 2.776486e-01 2.885585e-01 7.749499e-03 1.702625e-01 5.727963e-01 -2.782820e-01 2.918238e-01 2.850878e-01 -1.018407e-01 -4.314189e-01 -8.276583e-01 1.641079e-01 3.946480e-01 1.172987e-01 -2.865297e-01 -1.001428e-02
<VARIANCE> 39
 1.059201e+01 2.176730e+01 3.445810e+01 3.049348e+01 4.219245e+01 5.171027e+01 5.203402e+01 4.405951e+01 4.952201e+01 4.322083e+01 3.455836e+01 3.075623e+01 1.288844e-02 3.681579e-01 9.913803e-01 1.373796e+00 1.361426e+00 2.888159e+00 1.824594e+00 2.203811e+00 2.451926e+00 2.595325e+00 2.199643e+00 2.206100e+00 1.614849e+00 3.391733e-04 7.918876e-02 1.961585e-01 2.477956e-01 3.511918e-01 3.184629e-01 4.606941e-01 3.599232e-01 5.603580e-01 3.561842e-01 4.462719e-01 3.589184e-01 3.743805e-01 7.101635e-05
<GCONST> 8.425156e+01
<MIXTURE> 10 7.067911e-02
<MEAN> 39
 -5.578845e+00 -1.278469e+01 1.986994e+00 -1.105773e+01 -1.781403e+01 -1.049747e+01 -6.886600e+00 7.903769e+00 -3.983932e+00 -3.040173e+00 4.462501e-01 -1.822925e+00 7.181093e-01 3.961816e-01 -9.301582e-01 -1.646384e-01 -1.173607e-01 -2.345838e-01 3.209124e-01 -5.118911e-01 6.522836e-01 6.413755e-01 -4.263492e-01 1.957878e-01 -6.728484e-02 3.322982e-02 -2.148939e-02 1.160713e-01 -2.873432e-01 2.365067e-01 3.092123e-01 6.537117e-02 -1.578372e-01 -2.474350e-01 2.158014e-01 8.144537e-03 -1.904553e-01 -9.616169e-03 -6.596451e-03
<VARIANCE> 39
 7.596884e+00 1.906306e+01 3.249183e+01 2.376060e+01 2.882019e+01 3.921068e+01 4.311405e+01 3.936240e+01 4.601731e+01 2.507505e+01 3.155652e+01 2.493486e+01 1.655651e-02 5.818793e-01 1.234503e+00 1.668662e+00 1.413628e+00 1.727303e+00 1.790319e+00 1.925420e+00 1.589643e+00 2.034632e+00 1.536265e+00 1.675784e+00 1.074704e+00 9.806195e-04 1.318357e-01 2.102192e-01 2.405153e-01 2.087986e-01 2.759140e-01 2.814762e-01 3.466218e-01 2.710264e-01 3.250485e-01 2.462545e-01 2.288908e-01 2.269495e-01 1.501208e-04
<GCONST> 7.917764e+01
<MIXTURE> 11 5.526988e-02
<MEAN> 39
 -3.574820e+00 -1.747242e+01 3.788076e+00 -1.432947e+01 -1.637490e+01 -9.332050e+00 -1.607147e+01 1.181593e+01 -4.071497e+00 1.548315e+00 -2.730686e+00 -1.403344e+00 8.403353e-01 5.728869e-01 -1.910173e+00 7.675289e-02 -1.091763e+00 -7.265533e-01 4.155710e-01 -5.441321e-01 2.286294e+00 -1.019303e-01 5.337605e-01 -3.123909e-01 -3.141705e-02 3.749831e-02 -7.172604e-01 1.051110e+00 -6.760251e-01 6.826545e-01 8.699222e-01 2.288007e-01 1.041721e+00 -9.933439e-01 1.914712e-01 -2.776226e-01 -7.926498e-02 -6.704568e-02 -2.675774e-02
<VARIANCE> 39
 7.922577e+00 1.578425e+01 2.691062e+01 2.168351e+01 3.154587e+01 2.905064e+01 4.061668e+01 2.276141e+01 3.026960e+01 1.908184e+01 2.421763e+01 2.223769e+01 1.006604e-02 7.444339e-01 1.497842e+00 2.188554e+00 1.821544e+00 2.163801e+00 2.283427e+00 2.748344e+00 2.455586e+00 2.497357e+00 1.715500e+00 1.778618e+00 1.549691e+00 4.568883e-04 3.485487e-01 2.417481e-01 2.646341e-01 2.795219e-01 3.820667e-01 4.465720e-01 4.786280e-01 4.073814e-01 4.175435e-01 2.719346e-01 2.706353e-01 3.341367e-01 1.672082e-04
<GCONST> 8.259430e+01
<MIXTURE> 12 6.872895e-02
<MEAN> 39
 -2.936432e+00 -1.387915e+01 -4.113946e+00 -8.568080e+00 -1.693805e+01 -9.098862e+00 -1.157267e+01 1.750753e+00 5.745239e+00 -4.593806e+00 2.166424e+00 -6.774445e+00 8.213593e-01 1.325842e+00 -2.459767e+00 -5.173234e-01 -8.948847e-01 -1.773916e+00 3.827733e-01 -1.005292e+00 6.977811e-01 1.924262e+00 -8.764332e-01 8.926207e-01 -1.171002e+00 6.250162e-02 -1.067265e+00 6.524661e-01 -1.298234e-01 3.765430e-02 1.020657e+00 4.085775e-01 8.130568e-01 -9.382773e-02 -5.370326e-01 2.459033e-01 -4.327913e-01 4.146044e-01 -3.022517e-02
<VARIANCE> 39
 9.968225e+00 1.883908e+01 2.564652e+01 2.510957e+01 2.842698e+01 4.518836e+01 4.569469e+01 3.489573e+01 3.095910e+01 2.964458e+01 2.004765e+01 3.086538e+01 7.545527e-03 1.381681e+00 1.289421e+00 1.928501e+00 1.468949e+00 2.679107e+00 3.063009e+00 3.001296e+00 3.004912e+00 2.323966e+00 2.357714e+00 1.923044e+00 1.932798e+00 8.160460e-04 3.584273e-01 2.932836e-01 3.193130e-01 3.541435e-01 3.452791e-01 5.854506e-01 5.255611e-01 5.148972e-01 4.037570e-01 3.599906e-01 3.000570e-01 4.308724e-01 2.282999e-04
<GCONST> 8.840406e+01
<MIXTURE> 13 5.318308e-02
<MEAN> 39
 -4.217424e+00 -1.107400e+01 2.334953e-01 -7.536458e+00 -1.585797e+01 -1.049132e+01 -8.699108e+00 6.146598e+00 -3.138325e+00 -2.980229e+00 -4.132369e-01 -2.331998e+00 7.123044e-01 2.865660e+00 -2.632840e+00 2.343398e-01 -1.099654e+00 -2.668856e+00 -7.449969e-01 -2.714148e+00 1.660886e+00 5.579481e-01 -6.040140e-01 8.480311e-01 -7.427146e-01 1.093773e-01 -9.795461e-01 -2.332029e-02 -4.624408e-01 -1.931378e-01 6.649197e-01 5.042414e-01 3.616254e-01 -1.842895e-01 3.892865e-01 2.114276e-01 -4.296489e-02 7.396378e-02 -1.930813e-02
<VARIANCE> 39
 9.004936e+00 1.880182e+01 2.899809e+01 1.911412e+01 2.879566e+01 2.910068e+01 4.345252e+01 2.713729e+01 3.561961e+01 1.529287e+01 1.810867e+01 2.069854e+01 1.508608e-02 1.816528e+00 2.501852e+00 2.954715e+00 2.149935e+00 3.020279e+00 3.502095e+00 3.517766e+00 4.040780e+00 3.739249e+00 2.241505e+00 2.013398e+00 2.318954e+00 2.130935e-03 2.428126e-01 3.459321e-01 3.049886e-01 3.465829e-01 4.449125e-01 5.320604e-01 5.612006e-01 3.579559e-01 4.405481e-01 2.869405e-01 3.596042e-01 3.019529e-01 3.380654e-04
<GCONST> 9.080375e+01
<MIXTURE> 14 5.383749e-02
<MEAN> 39
 -8.709110e+00 -9.817359e+00 -1.080403e+00 -1.903537e+01 -1.593629e+01 -9.442460e+00 1.018119e-01 -3.967666e+00 -1.081735e+01 -3.906071e+00 -8.996390e+00 -3.674087e+00 6.741855e-01 1.842781e+00 -1.713114e+00 -1.228740e-01 -2.068873e+00 -1.401175e+00 -1.524593e+00 -3.509757e-01 5.725249e-01 -1.321193e+00 -2.505823e-01 -8.923348e-01 -5.259853e-01 1.024294e-01 -5.644783e-01 6.340493e-02 -2.898110e-01 7.106750e-01 6.535981e-01 4.335957e-01 1.098539e-01 5.755543e-01 7.559561e-01 3.915004e-01 6.164554e-01 3.312543e-01 -2.095362e-02
<VARIANCE> 39
 6.365862e+00 2.497074e+01 2.632513e+01 4.251410e+01 3.380574e+01 4.194889e+01 3.331457e+01 4.537030e+01 3.455401e+01 4.933347e+01 3.186796e+01 2.577726e+01 1.602243e-02 1.620875e+00 2.652123e+00 2.671918e+00 4.118052e+00 3.443785e+00 3.616156e+00 2.834929e+00 3.901740e+00 3.214165e+00 3.095339e+00 2.678518e+00 1.552659e+00 3.062751e-03 2.020536e-01 4.987406e-01 3.404882e-01 5.464777e-01 4.811063e-01 5.763989e-01 5.249174e-01 4.927003e-01 4.039164e-01 5.203838e-01 4.156078e-01 3.663650e-01 4.081678e-04
<GCONST> 9.722154e+01
<MIXTURE> 15 7.093906e-02
<MEAN> 39
 -8.323737e+00 -1.156111e+01 2.412059e+00 -1.912372e+01 -2.070979e+01 -8.654057e+00 -2.456959e+00 2.757471e+00 -1.026293e+01 3.012521e+00 -5.470124e+00 -2.424946e+00 8.026261e-01 1.335205e-01 -8.558049e-01 -7.620627e-01 2.644258e-03 4.690432e-01 3.007711e-01 9.365527e-01 1.047381e+00 2.336921e-01 -3.631519e-01 -3.931871e-01 -1.336839e-01 1.780417e-02 5.475829e-02 2.194931e-01 -2.942537e-01 5.330170e-01 4.848841e-01 -1.627932e-01 -1.286681e-01 -2.406326e-01 8.673181e-02 -5.261150e-01 -6.641599e-02 6.469692e-02 -1.082687e-02
<VARIANCE> 39
 8.866269e+00 1.872937e+01 3.292856e+01 3.415321e+01 2.949128e+01 4.670686e+01 3.409907e+01 4.767648e+01 3.355236e+01 2.740783e+01 4.032704e+01 2.399837e+01 1.405468e-02 3.333211e-01 8.684099e-01 1.333412e+00 1.486621e+00 1.322915e+00 1.710191e+00 1.652876e+00 2.072720e+00 1.891494e+00 2.051579e+00 1.742704e+00 1.173946e+00 4.970267e-04 8.633438e-02 1.784269e-01 1.672141e-01 2.297687e-01 2.648777e-01 3.562118e-01 3.379083e-01 3.582554e-01 2.876596e-01 2.432376e-01 2.923027e-01 2.098828e-01 1.002173e-04
<GCONST> 7.726432e+01
<MIXTURE> 16 5.169014e-02
<MEAN> 39
 -4.748590e+00 -1.449491e+01 -1.682034e+00 -1.588820e+01 -1.115250e+01 -1.620523e+01 -3.465291e+00 5.151448e+00 -1.894413e+00 8.476530e-01 -6.520127e+00 5.680104e-01 8.456778e-01 -8.638937e-02 -8.920164e-01 -2.159930e-01 -6.732356e-01 2.193773e-01 2.143706e-01 8.619530e-01 7.260678e-01 4.479662e-01 -7.630750e-02 -3.434153e-01 -1.454462e-01 2.125107e-02 -3.923690e-01 6.857627e-01 -1.596420e-01 6.411583e-01 2.770463e-01 5.498260e-01 -9.702978e-02 -4.429496e-01 -1.167183e-01 -2.760608e-01 1.673512e-01 -1.966742e-01 -2.157562e-02
<VARIANCE> 39
 7.456190e+00 2.005459e+01 3.225492e+01 2.455194e+01 2.560633e+01 3.674487e+01 4.624617e+01 3.346344e+01 3.845588e+01 3.038999e+01 2.243123e+01 1.695557e+01 8.132895e-03 3.413347e-01 6.650799e-01 1.139097e+00 8.607578e-01 1.176058e+00 1.166031e+00 2.058123e+00 1.179129e+00 1.317735e+00 9.654665e-01 9.908884e-01 9.726132e-01 2.710704e-04 1.380327e-01 1.873705e-01 2.377566e-01 1.872875e-01 2.376661e-01 2.963211e-01 2.817381e-01 2.885887e-01 3.397705e-01 2.310384e-01 2.155990e-01 1.928984e-01 9.095535e-05
<GCONST> 7.047490e+01
<STATE> 3
<NUMMIXES> 16
<MIXTURE> 1 5.691453e-02
<MEAN> 39
 -2.048963e+00 -1.808257e+01 -3.017408e+00 -1.055341e+01 -1.600328e+01 -1.189209e+01 -9.490139e+00 1.166307e+01 -5.271723e+00 -1.948897e+00 -2.723238e+00 -2.240356e+00 8.639406e-01 1.104544e+00 -4.257278e-01 -2.209477e+00 1.278079e+00 1.460171e+00 -4.981228e-01 -1.588243e+00 8.232944e-01 9.153249e-01 -6.838017e-01 5.823459e-03 6.905045e-02 4.136834e-03 -1.490684e-02 6.163981e-01 -3.669370e-01 1.885141e-02 5.589873e-01 1.540063e-01 -2.810362e-01 -8.144153e-01 2.461452e-01 7.869714e-02 1.631667e-02 -1.582442e-03 -1.062503e-02
<VARIANCE> 39
 9.993378e+00 1.721014e+01 3.424407e+01 2.954093e+01 3.912394e+01 5.256394e+01 8.064465e+01 4.198286e+01 7.091679e+01 3.585905e+01 4.089384e+01 2.483613e+01 7.336083e-03 4.380099e-01 8.643942e-01 9.527755e-01 1.478352e+00 1.878649e+00 2.481933e+00 2.462867e+00 3.161558e+00 2.401956e+00 1.829211e+00 2.184216e+00 1.865809e+00 2.787425e-04 8.812755e-02 1.850378e-01 2.093894e-01 2.163900e-01 2.632290e-01 3.939255e-01 4.459162e-01 4.188067e-01 3.813663e-01 3.444589e-01 4.121987e-01 2.803701e-01 6.473636e-05
<GCONST> 8.202506e+01
<MIXTURE> 2 4.758907e-02
<MEAN> 39
 1.558564e-01 -1.787244e+01 -5.042037e+00 -7.342187e+00 -1.402554e+01 -1.408456e+01 -1.458426e+01 1.138045e+01 1.290720e+00 -6.140313e+00 2.307822e+00 -1.955828e+00 8.669503e-01 3.598335e-01 6.705886e-02 -1.111482e+00 3.135068e-01 8.437685e-01 -1.274746e-01 -8.129761e-01 3.045491e-01 6.047581e-01 -3.283540e-01 -1.948454e-01 8.164039e-02 4.729143e-04 5.210921e-03 1.408858e-01 -9.075166e-02 -2.431501e-02 1.089357e-01 1.481390e-01 -1.177701e-01 -2.555800e-01 -5.288788e-03 1.202277e-01 -6.115807e-02 -8.630793e-03 -2.477559e-03
<VARIANCE> 39
 6.087376e+00 1.479872e+01 3.068471e+01 2.655922e+01 3.588371e+01 7.059405e+01 7.444077e+01 5.604974e+01 7.847673e+01 4.945731e+01 4.022818e+01 4.065790e+01 5.729477e-03 1.091381e-01 2.401258e-01 6.869488e-01 4.606105e-01 7.869980e-01 6.875754e-01 1.302185e+00 1.015993e+00 7.187753e-01 8.018870e-01 8.372952e-01 5.349499e-01 5.322287e-05 2.210671e-02 4.066457e-02 8.212842e-02 7.227037e-02 9.533528e-02 9.172950e-02 1.467433e-01 1.464116e-01 1.318520e-01 1.207277e-01 1.137810e-01 7.810713e-02 1.021375e-05
<GCONST> 5.215833e+01
<MIXTURE> 3 9.557340e-02
<MEAN> 39
 -5.508830e+00 -9.445201e+00 -9.182817e+00 -9.389804e+00 -1.281581e+01 -1.524069e+01 2.190770e+00 -6.175421e-01 3.172589e+00 -4.641778e+00 -4.956911e+00 -1.634373e+00 7.765354e-01 9.990908e-02 -2.233995e-02 -2.345215e-01 1.904612e-01 3.801648e-01 8.091643e-02 -1.874353e-01 2.305367e-02 1.392373e-02 -3.820734e-02 -1.400122e-01 2.373014e-02 -2.515052e-03 -7.100929e-02 2.075211e-01 3.281119e-01 8.562303e-02 2.353578e-01 3.521607e-01 -6.142093e-01 -8.585725e-02 -3.144314e-01 1.887255e-01 1.074896e-01 -7.263838e-02 -1.343604e-02
<VARIANCE> 39
 8.843776e+00 1.938543e+01 3.009457e+01 4.257537e+01 4.095698e+01 4.385068e+01 3.545287e+01 3.179444e+01 5.179232e+01 3.889910e+01 3.328779e+01 2.770880e+01 1.670177e-02 4.258067e-01 1.116932e+00 1.362297e+00 1.131452e+00 1.682519e+00 1.758770e+00 2.630239e+00 1.640699e+00 1.905867e+00 1.571533e+00 1.558575e+00 1.283453e+00 5.752411e-04 1.678817e-01 2.150689e-01 2.429042e-01 2.973084e-01 3.009785e-01 3.653740e-01 3.353327e-01 3.893183e-01 3.497051e-01 2.846578e-01 3.070925e-01 2.367213e-01 1.083506e-04
<GCONST> 8.115533e+01
<MIXTURE> 4 4.195062e-02
<MEAN> 39
 -2.857790e+00 -1.547380e+01 -6.991980e+00 -1.515603e+01 -1.086929e+01 -5.337936e+00 -1.218318e+01 4.888354e+00 2.827907e+00 2.416022e+00 -6.214417e+00 -7.572288e+00 8.733720e-01 3.742286e-01 -2.981113e-01 -1.117836e+00 -8.847719e-01 8.827994e-01 1.422638e+00 2.338802e-02 -9.443986e-01 5.952075e-01 6.964462e-01 -5.125289e-02 -9.235767e-01 1.180693e-02 -4.910623e-01 9.845765e-01 7.259967e-02 2.943285e-01 3.902410e-01 1.308848e-01 7.226302e-01 -8.369983e-01 -5.633214e-01 -2.481745e-01 5.096617e-01 5.229541e-01 -2.271565e-02
<VARIANCE> 39
 1.138195e+01 2.409395e+01 3.486693e+01 3.791336e+01 3.568928e+01 5.194918e+01 4.844450e+01 5.288813e+01 3.811145e+01 4.660785e+01 4.273198e+01 2.955827e+01 8.296398e-03 7.199643e-01 1.302185e+00 2.027829e+00 2.711298e+00 2.539843e+00 3.784475e+00 3.061488e+00 2.393477e+00 2.211297e+00 2.427398e+00 3.051996e+00 2.348577e+00 7.479507e-04 2.904673e-01 2.963072e-01 3.320926e-01 5.050050e-01 4.728458e-01 6.320695e-01 5.604276e-01 6.186544e-01 5.189781e-01 4.714185e-01 4.466358e-01 4.241686e-01 1.227799e-04
<GCONST> 9.344798e+01
<MIXTURE> 5 5.446981e-02
<MEAN> 39
 -4.675644e+00 -1.263450e+01 -3.147065e+00 -6.947049e+00 -1.974792e+01 -1.097506e+01 -5.367019e+00 1.149064e+00 5.294493e+00 -7.419695e+00 1.592551e+00 -2.616287e+00 8.155746e-01 1.025437e-01 -1.843458e-01 -3.734233e-01 -8.677203e-03 1.518811e-01 2.266167e-02 1.835188e-01 1.661691e-01 2.198726e-01 -8.604697e-02 -1.844846e-01 -5.780747e-02 3.424804e-03 3.525226e-02 6.107820e-02 -3.857457e-02 -2.487965e-02 2.455236e-01 -2.456740e-02 -2.042784e-01 -4.996217e-02 -4.597161e-02 5.691068e-02 -5.672957e-02 -3.734615e-02 -3.111361e-03
<VARIANCE> 39
 9.418827e+00 2.198022e+01 3.428584e+01 2.144777e+01 2.642156e+01 3.328051e+01 4.699168e+01 2.592766e+01 4.311173e+01 2.093187e+01 3.209841e+01 4.135693e+01 1.002784e-02 1.470538e-01 3.612108e-01 6.141461e-01 5.042306e-01 6.087233e-01 7.098082e-01 7.805173e-01 8.122168e-01 7.883178e-01 7.227800e-01 6.805021e-01 6.896678e-01 1.606958e-04 2.061907e-02 5.182722e-02 8.693708e-02 8.571724e-02 1.086957e-01 1.053051e-01 1.010562e-01 1.072889e-01 1.077982e-01 1.010732e-01 1.200981e-01 1.046678e-01 2.138332e-05
<GCONST> 5.104739e+01
<MIXTURE> 6 8.192617e-02
<MEAN> 39
 -5.373240e+00 -1.712769e+01 -3.502980e+00 -1.865214e+01 -1.018220e+01 -1.021109e+01 -3.436387e+00 8.232325e+00 -6.142208e+00 -9.439533e-01 -1.142145e+01 9.393740e-01 8.638173e-01 1.161237e-01 -1.394010e-01 -4.873342e-01 1.282318e-01 4.663235e-01 2.757855e-01 -2.053847e-01 -2.565014e-02 4.631002e-02 -1.959084e-01 -3.620812e-01 -1.689760e-01 -7.952400e-04 7.286429e-02 5.104705e-01 -1.493991e-01 4.009176e-01 -1.152361e-01 -1.271877e-01 -3.130650e-01 -5.404227e-01 1.292548e-01 1.279035e-02 3.104068e-01 -2.280226e-01 -1.096018e-02
<VARIANCE> 39
 8.145957e+00 1.729572e+01 3.045800e+01 1.983163e+01 2.710868e+01 3.419509e+01 4.774770e+01 2.385100e+01 4.830772e+01 4.138199e+01 1.945065e+01 2.029524e+01 9.842010e-03 3.101687e-01 7.820910e-01 8.465872e-01 8.355379e-01 1.185183e+00 1.493096e+00 1.559842e+00 1.233357e+00 1.317196e+00 1.304312e+00 1.076319e+00 9.463439e-01 2.333074e-04 6.047911e-02 1.031196e-01 1.448222e-01 1.655729e-01 1.671249e-01 2.334595e-01 2.269441e-01 2.095182e-01 2.171876e-01 1.982271e-01 2.140208e-01 1.799071e-01 3.301135e-05
<GCONST> 6.569630e+01
<MIXTURE> 7 6.443365e-02
<MEAN> 39
 -4.445019e+00 -1.571791e+01 -5.595190e-02 -1.538399e+01 -1.449963e+01 -1.149502e+01 -9.534196e+00 1.036117e+01 -4.914637e+00 2.061295e+00 -5.763382e+00 -9.942883e-01 8.419383e-01 -5.948007e-02 7.951348e-01 7.217134e-01 5.576757e-01 2.499516e-02 -6.035575e-01 -3.796438e-01 -6.391401e-01 -7.958215e-01 -2.917252e-01 3.806961e-01 2.760709e-01 -2.671138e-02 -1.558288e-01 8.328153e-01 -1.166534e-01 7.734687e-01 4.157716e-01 1.436452e-01 1.094661e-01 -9.432661e-01 9.280924e-02 -3.562997e-01 1.401526e-01 -1.515018e-01 -2.427393e-02
<VARIANCE> 39
 8.965491e+00 2.204815e+01 2.975893e+01 2.299957e+01 3.732438e+01 4.698685e+01 4.866125e+01 3.222462e+01 4.863120e+01 3.019572e+01 3.270129e+01 2.075640e+01 1.060649e-02 3.864443e-01 7.598739e-01 1.388907e+00 1.162883e+00 1.510588e+00 1.831851e+00 2.857754e+00 2.149022e+00 2.761342e+00 1.878843e+00 1.887555e+00 1.527473e+00 3.090626e-04 1.276380e-01 2.431324e-01 2.094812e-01 2.084440e-01 3.117540e-01 3.830324e-01 2.990536e-01 3.916107e-01 3.646530e-01 2.896121e-01 3.347307e-01 2.827918e-01 1.110953e-04
<GCONST> 7.971138e+01
<MIXTURE> 8 6.045132e-02
<MEAN> 39
 -1.808834e+00 -1.677846e+01 -5.691764e+00 -1.081524e+01 -1.522583e+01 -6.367565e+00 -1.120159e+01 3.562074e+00 8.277559e+00 -3.425771e+00 -2.060114e-01 -8.690047e+00 8.695487e-01 8.074809e-02 5.606592e-03 -1.818331e-01 -1.162995e-01 3.390063e-01 2.367060e-02 1.315409e-01 4.384489e-02 -2.052405e-01 8.543734e-02 -4.761750e-02 -8.233242e-02 -2.449862e-03 -4.519106e-02 5.002276e-01 1.018635e-02 1.902965e-01 2.923259e-01 -9.469497e-02 -6.522636e-02 -3.149508e-01 -5.629163e-01 2.439203e-01 2.413669e-02 3.684391e-01 -1.194254e-02
<VARIANCE> 39
 7.236909e+00 2.157749e+01 2.036706e+01 2.432245e+01 2.290385e+01 4.122592e+01 3.832328e+01 3.958099e+01 2.837311e+01 3.479012e+01 3.179240e+01 2.918602e+01 8.403149e-03 3.750005e-01 6.494182e-01 1.020446e+00 9.176403e-01 8.406414e-01 1.108466e+00 1.471845e+00 1.618589e+00 1.117256e+00 1.196035e+00 8.903718e-01 1.114655e+00 1.899056e-04 8.310443e-02 1.213230e-01 1.803158e-01 1.909110e-01 1.943875e-01 2.193877e-01 2.253740e-01 2.465923e-01 1.929731e-01 1.719932e-01 2.146299e-01 1.800436e-01 4.417756e-05
<GCONST> 6.639227e+01
<MIXTURE> 9 6.164785e-02
<MEAN> 39
 -5.404290e+00 -1.280787e+01 -3.542914e+00 -1.781574e+01 -1.204534e+01 -1.263896e+01 1.393626e+00 2.344558e+00 -5.942815e+00 -9.287096e-01 -8.278556e+00 -9.398932e-01 7.944592e-01 4.792494e-02 -7.541751e-03 -2.708372e-01 1.671835e-01 1.794918e-01 7.982695e-02 9.929279e-02 9.529971e-02 3.530993e-02 -1.095008e-01 -9.777292e-02 -9.759544e-03 -4.635795e-03 3.859810e-02 4.688927e-02 -3.757963e-02 4.586359e-02 -4.079952e-02 -7.062867e-02 -1.751970e-01 4.569036e-03 2.098184e-02 -3.072126e-02 1.620704e-02 -3.896280e-03 -1.664203e-03
<VARIANCE> 39
 1.054903e+01 2.650434e+01 3.849560e+01 3.219531e+01 4.762564e+01 5.465149e+01 4.593620e+01 3.813491e+01 5.150005e+01 3.808545e+01 3.002042e+01 2.012693e+01 1.172152e-02 1.002581e-01 2.902265e-01 3.244258e-01 3.622764e-01 5.753404e-01 6.533914e-01 6.491206e-01 6.691360e-01 5.444682e-01 5.148224e-01 4.695334e-01 3.795283e-01 7.747655e-05 1.441700e-02 4.345807e-02 4.693292e-02 5.959417e-02 8.197557e-02 8.936188e-02 1.114355e-01 1.207032e-01 1.058741e-01 8.817251e-02 7.499192e-02 6.433956e-02 1.103637e-05
<GCONST> 4.545007e+01
<MIXTURE> 10 9.090814e-02
<MEAN> 39
 -4.159377e+00 -1.657044e+01 5.931581e-01 -1.384536e+01 -1.650241e+01 -6.962546e+00 -1.230134e+01 1.285426e+01 -4.382639e+00 2.626823e-01 -4.350913e+00 -2.203338e+00 8.371065e-01 9.252542e-02 1.163111e-03 -4.231815e-01 5.393533e-02 2.643783e-01 1.181240e-01 4.060324e-02 7.482520e-02 1.499522e-01 -5.186709e-02 -2.503682e-01 -1.907423e-01 -1.269577e-03 4.467524e-02 1.663292e-01 -4.783669e-02 1.038756e-01 1.708513e-01 -1.064329e-01 -1.153933e-01 -3.388294e-01 7.567967e-02 -5.982816e-03 3.445550e-02 -3.135281e-02 -5.137453e-03
<VARIANCE> 39
 9.041614e+00 1.751693e+01 3.134470e+01 1.967541e+01 3.299963e+01 3.653710e+01 3.293581e+01 1.745171e+01 4.247141e+01 2.966426e+01 3.164862e+01 3.211239e+01 1.153388e-02 1.916892e-01 3.682078e-01 6.930127e-01 6.124181e-01 8.903850e-01 7.378399e-01 1.130742e+00 7.927445e-01 7.628000e-01 7.979277e-01 8.866087e-01 7.277847e-01 1.630511e-04 3.298309e-02 6.624094e-02 1.042610e-01 8.801979e-02 1.038932e-01 1.212084e-01 1.341264e-01 1.536253e-01 1.217938e-01 1.182932e-01 1.306893e-01 1.167069e-01 2.292945e-05
<GCONST> 5.434187e+01
<MIXTURE> 11 6.843866e-02
<MEAN> 39
 -7.188087e+00 -1.422368e+01 3.888198e-01 -2.143813e+01 -1.519267e+01 -1.307026e+01 5.059434e+00 -9.911957e-01 -9.567369e+00 -2.931398e-01 -7.193059e+00 -3.771547e+00 8.183783e-01 3.948176e-01 -5.744203e-01 -9.463137e-01 9.002716e-01 5.699353e-01 -3.348576e-01 2.483876e-01 1.042106e+00 -4.325862e-01 -6.427617e-01 2.763248e-02 7.245563e-02 4.208395e-03 1.157945e-01 1.297539e-01 -2.402968e-01 3.280527e-01 1.156238e-01 -1.547959e-01 -4.353051e-01 1.427705e-01 1.625397e-03 -1.545750e-01 4.860393e-04 1.471154e-01 -4.321665e-03
<VARIANCE> 39
 8.298736e+00 2.190450e+01 2.416573e+01 3.623898e+01 3.111934e+01 4.913996e+01 3.066226e+01 4.267055e+01 3.624582e+01 3.335258e+01 2.666385e+01 1.738195e+01 1.089009e-02 2.455041e-01 6.190122e-01 9.390315e-01 1.003711e+00 9.964181e-01 1.409582e+00 1.343465e+00 1.633851e+00 1.576074e+00 1.813879e+00 1.108185e+00 9.236406e-01 2.055179e-04 3.965274e-02 8.313632e-02 1.164040e-01 1.604159e-01 1.552837e-01 2.013287e-01 2.327518e-01 2.257316e-01 2.357263e-01 1.818541e-01 1.663149e-01 1.445294e-01 3.774928e-05
<GCONST> 6.547739e+01
<MIXTURE> 12 6.008452e-02
<MEAN> 39
 -7.975462e+00 -1.642185e+01 -4.791430e+00 -2.110265e+01 -9.623706e+00 -1.173640e+01 5.932003e+00 9.123851e-01 -5.608720e+00 -6.681573e+00 -8.084102e+00 -1.019206e+00 8.827286e-01 1.067313e-01 3.202825e-01 7.508094e-02 2.986042e-01 -3.493706e-01 -2.269977e-01 -2.517743e-01 -2.486832e-01 -1.100546e-01 1.624569e-01 4.655291e-02 1.964197e-02 -1.003212e-02 9.645884e-02 7.002960e-01 -8.602800e-03 5.914152e-01 -2.102884e-01 -9.314463e-02 -8.105680e-01 -2.683353e-01 -3.961533e-02 2.785909e-01 -7.569837e-05 5.498433e-03 -1.854003e-02
<VARIANCE> 39
 7.598086e+00 2.148623e+01 2.242813e+01 2.282267e+01 3.337456e+01 4.039571e+01 3.136489e+01 3.758352e+01 4.047061e+01 4.184000e+01 2.628848e+01 2.734200e+01 8.562598e-03 5.297680e-01 1.191962e+00 1.410168e+00 1.211772e+00 2.254999e+00 2.113067e+00 2.809671e+00 2.554544e+00 2.193575e+00 2.230119e+00 1.293856e+00 1.524464e+00 4.736081e-04 1.145380e-01 2.167571e-01 2.048158e-01 2.868064e-01 2.843555e-01 3.342259e-01 3.430538e-01 3.810112e-01 3.649983e-01 3.475496e-01 3.364587e-01 3.111125e-01 8.511595e-05
<GCONST> 8.014925e+01
<MIXTURE> 13 5.585882e-02
<MEAN> 39
 -5.005278e+00 -1.499996e+01 -8.927022e-01 -9.507648e+00 -2.101936e+01 -4.308231e+00 -1.123587e+01 7.899154e+00 1.915311e+00 -8.875815e+00 1.834963e+00 -5.889961e+00 8.289627e-01 3.378084e-02 1.444618e-01 -6.738231e-02 -2.038167e-02 1.984988e-01 6.328061e-02 -2.567483e-01 1.283776e-01 -2.129049e-01 -1.480612e-01 -1.283655e-02 -2.221188e-01 -3.459513e-03 8.397693e-02 3.533908e-01 -2.424368e-02 1.925492e-01 5.330976e-01 -3.334602e-01 -7.918390e-03 -5.102139e-01 -3.080768e-01 4.027579e-01 -2.301091e-01 1.028786e-01 -1.190220e-02
<VARIANCE> 39
 7.773176e+00 2.104754e+01 2.443348e+01 1.745151e+01 2.426287e+01 2.953596e+01 3.986933e+01 3.211412e+01 4.064821e+01 2.216297e+01 2.945626e+01 2.814409e+01 9.660313e-03 2.555046e-01 6.194313e-01 1.160128e+00 5.653601e-01 1.439147e+00 1.391447e+00 1.703315e+00 1.430563e+00 1.900878e+00 1.405094e+00 1.585644e+00 1.098759e+00 2.580060e-04 5.994739e-02 1.153824e-01 1.669973e-01 1.396270e-01 2.420723e-01 2.147291e-01 2.558854e-01 3.342618e-01 2.822112e-01 2.352574e-01 2.437682e-01 2.421562e-01 5.417064e-05
<GCONST> 6.852493e+01
<MIXTURE> 14 5.210306e-02
<MEAN> 39
 -5.644525e+00 -1.111839e+01 -6.261438e+00 -9.438952e+00 -1.462230e+01 -1.320486e+01 -1.950722e+00 6.878042e-01 5.473300e+00 -7.212611e+00 -1.422581e+00 -3.392705e+00 7.943377e-01 -2.856729e-02 1.996963e-01 -2.234489e-01 -4.768467e-02 3.888088e-01 -9.324153e-02 -1.305261e-01 7.475922e-02 -2.616795e-03 8.809736e-02 -3.307907e-01 -1.857300e-01 -5.917085e-03 7.143590e-02 1.571871e-01 1.215248e-01 7.930166e-02 4.522695e-02 6.597406e-02 -3.383909e-01 -9.697378e-02 -3.085336e-01 2.934590e-01 -5.838387e-02 -3.691238e-03 -6.521118e-03
<VARIANCE> 39
 6.229677e+00 1.663291e+01 2.494671e+01 3.032474e+01 2.695863e+01 3.916028e+01 4.736662e+01 2.893856e+01 4.303261e+01 3.663172e+01 2.024422e+01 3.073982e+01 1.287192e-02 1.642879e-01 4.946202e-01 6.861247e-01 4.969859e-01 7.499353e-01 7.363231e-01 1.031818e+00 8.617983e-01 1.235321e+00 7.846072e-01 8.285362e-01 7.305511e-01 1.791367e-04 3.229861e-02 7.211181e-02 8.936413e-02 8.659558e-02 1.293872e-01 1.035851e-01 1.697632e-01 1.413758e-01 1.492435e-01 1.386522e-01 1.260799e-01 1.226385e-01 2.716095e-05
<GCONST> 5.559052e+01
<MIXTURE> 15 5.868708e-02
<MEAN> 39
 -6.839955e+00 -1.327904e+01 -8.872558e+00 -1.524103e+01 -1.507765e+01 -5.323748e+00 -6.164476e-01 3.246998e+00 -9.133845e+00 -7.202233e+00 -9.304125e+00 -3.310217e-01 8.071992e-01 -2.217138e-02 1.730386e-01 -2.127451e-01 1.843765e-01 7.338848e-02 -1.823208e-01 -1.297919e-01 -1.181288e-01 9.143463e-02 -1.897646e-01 -6.436116e-03 7.860669e-02 -5.565833e-03 8.664676e-02 1.816708e-01 1.387525e-01 -3.310983e-02 -2.706035e-02 -3.366456e-01 -2.626561e-01 -9.383708e-02 1.270070e-01 1.887227e-01 -8.172149e-04 -5.475384e-02 -5.809490e-03
<VARIANCE> 39
 1.120400e+01 1.599693e+01 2.203165e+01 1.455523e+01 3.918086e+01 3.222438e+01 3.817153e+01 2.635563e+01 3.449029e+01 3.742949e+01 2.478310e+01 2.356930e+01 1.484069e-02 2.174567e-01 5.605409e-01 6.344316e-01 6.184678e-01 9.054931e-01 1.099359e+00 1.093138e+00 1.024952e+00 8.754206e-01 1.253334e+00 8.473553e-01 7.064147e-01 1.646821e-04 4.642039e-02 7.676330e-02 9.745187e-02 1.133439e-01 1.416379e-01 1.538212e-01 1.723880e-01 1.573680e-01 1.871952e-01 1.646150e-01 1.479277e-01 1.446593e-01 2.523000e-05
<GCONST> 5.846291e+01
<MIXTURE> 16 4.894638e-02
<MEAN> 39
 -2.249092e+00 -1.631367e+01 -5.245120e+00 -8.753708e+00 -1.676827e+01 -9.327946e+00 -1.058975e+01 4.428412e+00 6.068272e+00 -5.749028e+00 1.928833e+00 -7.134168e+00 8.515139e-01 -1.110994e-01 9.683452e-01 7.117688e-01 8.314498e-01 4.941175e-01 -9.962679e-01 -8.087623e-02 -9.396211e-02 -1.589579e+00 6.826076e-02 -2.586122e-02 8.700441e-01 -3.557230e-02 -4.510477e-01 1.008068e+00 6.357126e-02 3.975739e-01 8.472384e-01 1.092532e-01 3.276047e-01 -4.705417e-01 -7.309936e-01 3.634272e-01 -3.265541e-01 4.481420e-01 -3.061392e-02
<VARIANCE> 39
 9.348341e+00 2.301923e+01 2.794800e+01 2.543721e+01 3.192389e+01 4.676535e+01 5.167109e+01 4.498360e+01 4.432232e+01 2.897220e+01 2.756208e+01 2.936519e+01 8.302560e-03 7.376919e-01 1.099390e+00 2.547983e+00 1.774939e+00 2.821543e+00 2.492698e+00 3.229239e+00 3.162680e+00 3.156787e+00 2.997201e+00 2.633786e+00 2.326973e+00 4.028020e-04 2.020775e-01 2.458791e-01 2.994453e-01 3.209662e-01 4.017637e-01 5.306475e-01 5.349169e-01 5.198011e-01 5.308674e-01 3.891052e-01 4.080962e-01 3.593854e-01 1.722956e-04
<GCONST> 8.922212e+01
<STATE> 4
<NUMMIXES> 16
<MIXTURE> 1 3.981933e-02
<MEAN> 39
 -3.566792e+00 -1.073514e+01 -5.278275e+00 -1.330993e+01 -8.836443e+00 -8.580899e+00 -1.115769e+01 3.770371e+00 -4.299203e-01 4.216688e+00 -9.006284e+00 -4.020663e+00 7.536402e-01 -2.629618e+00 3.777946e+00 2.966186e-02 1.546769e+00 2.319197e+00 -2.587416e-01 2.332491e+00 -1.741515e+00 4.690362e-02 -8.827380e-01 4.359064e-01 9.082068e-01 -7.249020e-02 -1.562262e+00 4.419158e-01 2.256745e-02 3.182320e-01 3.425729e-01 2.977135e-01 6.807164e-01 2.940577e-02 3.794529e-02 -5.821652e-01 6.790817e-01 2.427490e-01 -9.305002e-03
<VARIANCE> 39
 6.360759e+00 2.493911e+01 3.275521e+01 3.106033e+01 3.089520e+01 2.894914e+01 3.618165e+01 2.730427e+01 2.796119e+01 4.819216e+01 3.540697e+01 2.981182e+01 1.315593e-02 2.043978e+00 2.490712e+00 2.300391e+00 2.537405e+00 3.056756e+00 2.634960e+00 3.408377e+00 2.713487e+00 2.453243e+00 2.568568e+00 3.039438e+00 2.424002e+00 5.392041e-04 1.571315e-01 3.243176e-01 2.464125e-01 3.677047e-01 3.297898e-01 4.069646e-01 4.344615e-01 3.995284e-01 3.559830e-01 4.481896e-01 4.162114e-01 3.281602e-01 1.708469e-04
<GCONST> 8.957395e+01
<MIXTURE> 2 6.647767e-02
<MEAN> 39
 -1.948201e+00 -1.479588e+01 -1.119213e+01 -1.507292e+01 -9.367539e+00 -2.329071e+00 -1.004726e+01 -2.448990e-01 5.709442e+00 6.223074e-01 -2.023930e+00 -1.067489e+01 8.987452e-01 5.853223e-01 4.209173e-01 -1.178654e+00 -1.170363e+00 7.982212e-01 1.951773e+00 2.706459e-01 -1.726314e+00 -4.503001e-01 4.885564e-01 1.062474e+00 -9.514135e-02 9.281702e-04 -4.027578e-02 5.730674e-01 2.977784e-01 -3.837996e-02 -7.870357e-02 -2.356258e-03 2.683202e-01 -2.692473e-01 -7.457271e-01 -1.810722e-01 3.173763e-01 7.390966e-01 -1.284297e-02
<VARIANCE> 39
 1.098137e+01 1.949291e+01 2.589322e+01 4.529694e+01 3.631929e+01 6.503275e+01 5.941547e+01 5.326760e+01 3.999154e+01 5.919685e+01 4.810697e+01 2.496852e+01 6.519916e-03 5.706511e-01 9.192815e-01 1.118097e+00 2.424969e+00 1.537220e+00 2.809598e+00 3.200132e+00 2.799233e+00 2.498173e+00 2.271972e+00 2.070868e+00 2.887494e+00 3.749710e-04 9.436471e-02 1.662408e-01 1.918515e-01 2.949241e-01 3.110725e-01 4.317704e-01 4.215306e-01 3.949319e-01 4.077354e-01 3.769071e-01 4.341126e-01 2.539555e-01 6.608799e-05
<GCONST> 8.487932e+01
<MIXTURE> 3 4.178868e-02
<MEAN> 39
 -3.371150e+00 -1.327024e+01 -2.886782e+00 -5.494206e+00 -1.242987e+01 -1.797423e+01 -6.632347e+00 1.119785e+01 -5.765082e+00 -5.613081e+00 2.597523e+00 -2.323978e+00 7.208108e-01 -1.929603e+00 2.894016e+00 8.742578e-01 2.317433e+00 1.570125e+00 4.781660e-01 5.917950e-01 -7.059230e-01 -1.537502e+00 -3.863804e-02 3.451637e-01 1.209978e+00 -1.270787e-01 -1.043253e+00 2.830706e-01 -2.883458e-01 -1.085469e-01 7.057120e-01 1.552887e+00 2.332934e-01 -9.288278e-01 9.110531e-01 6.043104e-01 -6.062040e-01 -1.377396e-01 -3.720096e-02
<VARIANCE> 39
 8.145902e+00 2.082034e+01 2.535113e+01 2.221819e+01 4.195094e+01 3.635897e+01 5.280660e+01 3.822771e+01 4.785150e+01 2.954697e+01 3.105930e+01 2.044011e+01 1.380332e-02 1.654646e+00 2.134616e+00 2.224273e+00 2.042352e+00 3.500162e+00 4.982434e+00 4.039058e+00 4.868217e+00 5.288941e+00 3.855008e+00 2.848770e+00 2.289350e+00 2.778417e-03 2.090664e-01 4.265417e-01 3.906046e-01 4.068217e-01 5.679563e-01 5.368338e-01 6.750845e-01 5.695654e-01 6.738799e-01 5.205686e-01 4.531018e-01 4.242885e-01 3.057678e-04
<GCONST> 9.793696e+01
<MIXTURE> 4 4.134670e-02
<MEAN> 39
 -1.540788e+01 -3.929608e+00 -4.588406e+00 -2.032219e+00 -5.124355e+00 -5.476406e+00 -2.835450e+00 9.482395e-01 -1.317505e+00 6.740856e-01 -7.113045e-01 1.099388e-01 5.310063e-02 -1.829710e+00 7.788355e-01 -3.483025e-01 8.177104e-01 1.830380e+00 2.182786e+00 8.163163e-03 -1.099846e+00 -1.529206e-01 -6.627756e-02 2.544675e-01 -1.520779e-01 -8.589949e-02 6.604196e-01 -6.194749e-01 -1.780950e-01 -8.179134e-01 -5.187585e-01 -4.036299e-01 -4.266555e-02 9.898647e-03 -1.568583e-01 -2.230197e-01 -2.050856e-01 -3.210186e-01 4.887298e-02
<VARIANCE> 39
 1.838657e+01 2.497765e+01 1.889223e+01 2.212213e+01 4.503043e+01 4.991267e+01 3.036143e+01 4.501945e+01 3.983030e+01 3.147130e+01 2.365155e+01 1.931622e+01 3.583178e-02 3.894940e+00 2.822076e+00 4.068629e+00 4.507794e+00 5.856893e+00 6.059509e+00 4.645993e+00 5.904854e+00 6.496882e+00 4.879458e+00 3.668295e+00 3.396589e+00 9.278019e-03 6.035426e-01 5.769256e-01 6.674955e-01 7.414537e-01 8.926681e-01 1.050107e+00 7.591839e-01 9.796793e-01 9.822356e-01 8.491830e-01 6.076265e-01 5.433171e-01 8.340238e-04
<GCONST> 1.116973e+02
<MIXTURE> 5 7.831750e-02
<MEAN> 39
 -3.140890e+00 -1.201781e+01 -7.293023e+00 -1.167135e+01 -9.134222e+00 -8.603089e+00 -8.318801e+00 4.076594e+00 2.305057e+00 1.567019e+00 -8.743798e+00 -4.254157e+00 7.313991e-01 5.451209e-02 1.210256e+00 -1.706427e-01 5.865842e-01 6.375598e-01 3.828886e-02 -3.596493e-02 -1.325763e+00 -4.170318e-01 3.654253e-01 5.183544e-01 -1.658207e-01 -3.538691e-02 -2.621779e-01 4.246326e-01 3.027903e-01 3.541495e-01 6.571620e-02 8.007313e-03 2.287369e-01 -3.988591e-01 -4.057398e-01 -1.439483e-01 4.191661e-01 9.849074e-02 -1.381436e-02
<VARIANCE> 39
 7.320683e+00 2.597378e+01 2.761331e+01 2.667510e+01 3.627403e+01 3.980841e+01 4.144268e+01 3.565574e+01 4.157209e+01 3.822097e+01 2.856487e+01 2.971805e+01 1.678094e-02 4.198446e-01 8.872613e-01 1.294838e+00 1.073148e+00 1.362796e+00 1.461175e+00 1.938045e+00 2.273418e+00 1.514683e+00 1.497892e+00 1.725737e+00 1.392474e+00 2.757566e-04 1.444030e-01 1.797374e-01 2.081383e-01 2.034221e-01 3.102436e-01 2.719391e-01 3.031234e-01 3.891195e-01 4.348763e-01 2.659391e-01 2.795340e-01 2.441737e-01 5.559548e-05
<GCONST> 7.707835e+01
<MIXTURE> 6 8.634127e-02
<MEAN> 39
 -6.195188e+00 -5.799982e+00 -4.199125e+00 -8.414862e+00 -1.204193e+01 -1.289210e+01 -3.523408e+00 1.716525e-01 -2.986749e+00 -2.305041e+00 -6.511674e+00 5.328643e-01 5.640521e-01 -2.668717e+00 2.938641e+00 7.326189e-01 2.747907e+00 2.545689e+00 1.956498e+00 -4.929790e-02 -1.170210e+00 -2.581184e-01 -2.466403e-01 9.029041e-01 -2.756569e-01 -1.456967e-01 -8.267854e-01 -4.788533e-01 -2.360386e-01 -1.360853e-01 4.935214e-01 8.013981e-01 2.378028e-01 2.631857e-01 1.800109e-01 1.094249e-01 3.026420e-01 -2.143440e-01 -6.069774e-03
<VARIANCE> 39
 9.050401e+00 1.985332e+01 3.105526e+01 3.348574e+01 4.255723e+01 4.517965e+01 6.042872e+01 4.874266e+01 6.989015e+01 4.534115e+01 4.356748e+01 2.578897e+01 2.324714e-02 2.340891e+00 3.274167e+00 3.283114e+00 3.390213e+00 4.017520e+00 4.942700e+00 6.532794e+00 5.391572e+00 5.525764e+00 4.464180e+00 4.201492e+00 2.826936e+00 3.631691e-03 3.725767e-01 3.009266e-01 4.279751e-01 4.772890e-01 6.730949e-01 6.288018e-01 8.817244e-01 8.346613e-01 9.951002e-01 7.443219e-01 6.205589e-01 4.539276e-01 4.384073e-04
<GCONST> 1.075048e+02
<MIXTURE> 7 4.763564e-02
<MEAN> 39
 -7.006162e-01 -1.256602e+01 -9.928477e+00 -3.710221e+00 -1.449548e+01 -1.042758e+01 -9.159201e+00 -2.616936e+00 8.091479e+00 -3.602867e+00 -1.094810e+00 -3.475002e+00 7.691686e-01 -7.324312e-01 2.472338e+00 3.693062e-02 4.055581e-01 2.738037e+00 -3.024651e-02 -5.453271e-02 -1.053895e+00 -2.127165e+00 7.359343e-01 -5.201380e-01 8.131417e-01 -7.068738e-02 -9.702297e-01 6.203222e-01 5.706103e-01 -3.096628e-01 6.588701e-01 4.265906e-01 3.947140e-01 3.033552e-01 -8.282744e-01 1.012370e-02 -5.268088e-02 1.436209e-01 -2.313104e-02
<VARIANCE> 39
 1.301118e+01 2.952193e+01 3.160433e+01 2.484579e+01 3.593782e+01 4.816589e+01 7.488550e+01 4.969012e+01 2.452913e+01 2.691437e+01 2.985762e+01 3.462900e+01 1.288008e-02 1.993468e+00 1.986364e+00 4.067697e+00 2.681921e+00 3.643476e+00 3.693068e+00 5.374213e+00 5.210623e+00 3.090015e+00 2.035289e+00 3.310308e+00 3.125508e+00 1.261309e-03 3.277025e-01 3.021915e-01 3.920620e-01 3.723193e-01 5.192417e-01 5.347008e-01 8.156266e-01 6.462469e-01 4.603344e-01 3.636045e-01 4.240432e-01 5.147970e-01 3.311658e-04
<GCONST> 9.877048e+01
<MIXTURE> 8 4.094724e-02
<MEAN> 39
 -7.228999e+00 9.877805e-01 2.265262e-01 -1.723735e-01 -6.487101e+00 -8.602277e+00 -9.012795e+00 -6.417447e+00 -6.453729e+00 -5.940872e+00 -8.380296e+00 -5.254842e+00 2.379401e-01 -1.166472e+00 1.819569e+00 -7.000137e-01 1.323404e+00 1.764163e+00 1.477600e+00 1.005889e+00 -1.494281e+00 -9.529037e-01 -3.206526e-01 -3.385560e-01 -7.307593e-01 -8.762604e-02 -1.528088e-01 -1.033584e+00 -3.182658e-01 -1.113255e+00 -5.511152e-01 -4.971372e-02 2.799661e-01 8.514029e-01 3.429154e-01 5.391520e-01 5.889317e-01 4.800399e-01 3.373805e-02
<VARIANCE> 39
 1.282703e+01 3.389970e+01 3.068033e+01 3.013804e+01 3.953224e+01 3.160012e+01 3.572588e+01 2.989401e+01 4.503912e+01 2.872743e+01 2.898365e+01 2.340382e+01 2.674057e-02 2.177585e+00 5.323666e+00 3.805141e+00 6.394891e+00 4.019256e+00 4.030410e+00 5.253643e+00 5.673716e+00 4.218085e+00 3.711072e+00 3.873317e+00 3.090525e+00 4.394424e-03 3.328296e-01 7.175909e-01 6.266178e-01 8.227312e-01 7.913445e-01 5.471109e-01 1.075875e+00 7.913518e-01 7.967490e-01 6.170650e-01 6.268688e-01 4.531997e-01 5.829351e-04
<GCONST> 1.078681e+02
<MIXTURE> 9 7.861847e-02
<MEAN> 39
 -4.404136e+00 -1.568921e+01 -6.458674e+00 -1.698525e+01 -9.009259e+00 -1.451387e+01 -2.579962e+00 4.559323e+00 -4.485065e+00 -1.131600e+00 -1.203691e+01 1.766601e-01 8.409621e-01 2.719053e-01 2.068979e+00 -5.161726e-01 1.702433e+00 3.441102e-01 -1.123830e-01 -1.271152e+00 -1.598642e+00 3.089445e-01 2.269745e-02 5.032220e-01 -4.215385e-01 -5.219832e-02 -6.366264e-01 1.017619e+00 1.911565e-01 7.592581e-01 1.312367e-01 6.529467e-01 -6.562162e-02 -6.103501e-01 -1.281201e-01 -1.619039e-01 6.791822e-01 -2.804590e-01 -2.748345e-02
<VARIANCE> 39
 8.380610e+00 1.924657e+01 3.353955e+01 2.853521e+01 3.390022e+01 4.410702e+01 5.205056e+01 3.295550e+01 5.515420e+01 5.534798e+01 2.660912e+01 2.545426e+01 9.038473e-03 9.797004e-01 1.749793e+00 2.269165e+00 2.085232e+00 2.815978e+00 2.753151e+00 4.531392e+00 2.890500e+00 2.761666e+00 3.238982e+00 2.600163e+00 2.754692e+00 5.673378e-04 2.634317e-01 2.547513e-01 3.128255e-01 4.073495e-01 4.042512e-01 5.123217e-01 5.813285e-01 6.760512e-01 5.437854e-01 5.633087e-01 3.769970e-01 3.444191e-01 1.854722e-04
<GCONST> 9.252938e+01
<MIXTURE> 10 1.116995e-01
<MEAN> 39
 -1.787144e+00 -1.620744e+01 -9.658913e+00 -1.057382e+01 -8.865063e+00 -1.205880e+01 -9.881926e+00 8.262537e+00 -1.100925e+00 -4.112409e+00 -6.218997e+00 -9.427230e-01 8.430973e-01 5.410323e-01 1.852572e-01 -1.482470e+00 3.053262e-02 1.636132e+00 5.837204e-01 -1.349531e+00 -3.533184e-01 8.601178e-01 2.805621e-01 -3.853725e-01 -3.098431e-01 -2.741526e-03 -5.272525e-03 2.410339e-01 8.180736e-02 -2.374939e-01 -1.043090e-02 2.130036e-01 -9.122577e-03 -4.941127e-01 -9.617624e-02 2.676816e-01 2.125398e-01 -1.777244e-01 -3.930309e-03
<VARIANCE> 39
 1.323664e+01 2.093889e+01 3.460634e+01 4.595284e+01 4.553486e+01 8.352498e+01 1.076079e+02 6.911807e+01 7.424737e+01 4.857724e+01 6.081900e+01 3.091512e+01 1.118585e-02 3.109095e-01 5.419320e-01 1.151018e+00 1.151875e+00 1.457452e+00 1.819876e+00 2.162137e+00 2.133878e+00 1.668496e+00 1.662024e+00 1.377222e+00 1.488215e+00 1.216410e-04 4.761845e-02 9.899537e-02 1.052432e-01 1.475927e-01 1.857711e-01 2.200764e-01 2.676122e-01 2.712253e-01 2.248621e-01 2.373791e-01 2.120134e-01 1.740845e-01 1.962097e-05
<GCONST> 7.438620e+01
<MIXTURE> 11 5.238748e-02
<MEAN> 39
 -4.842968e+00 -1.108650e+01 4.454952e+00 -1.162543e+01 -1.552547e+01 -1.369555e+01 -1.128972e+01 3.359080e+00 -5.006055e+00 -1.094879e+00 -2.375238e+00 3.300824e-01 6.863061e-01 -6.572250e-01 3.287989e+00 3.195125e-01 3.471900e+00 2.064625e+00 1.106991e+00 1.075733e-01 -2.446738e+00 -9.331476e-01 -1.297963e+00 -8.508850e-01 -8.908933e-01 -1.270580e-01 -4.630384e-01 4.970346e-01 -7.360952e-01 4.368851e-01 7.823632e-01 6.656228e-01 6.465549e-01 -2.392390e-01 2.591571e-01 -1.823805e-01 -2.871379e-01 -4.029187e-01 -2.315281e-02
<VARIANCE> 39
 8.721791e+00 2.734963e+01 2.227786e+01 4.375861e+01 3.842422e+01 3.634204e+01 4.743748e+01 4.028712e+01 6.715511e+01 3.970790e+01 4.383670e+01 2.983518e+01 1.416397e-02 1.141123e+00 2.349114e+00 2.289936e+00 3.678560e+00 3.628505e+00 2.945616e+00 5.844913e+00 4.143903e+00 3.843580e+00 3.223588e+00 3.278370e+00 2.188500e+00 1.969313e-03 2.753704e-01 3.943565e-01 2.857583e-01 5.611095e-01 5.620620e-01 4.770817e-01 4.929075e-01 5.227515e-01 7.858514e-01 6.629256e-01 5.857475e-01 5.332246e-01 3.119703e-04
<GCONST> 9.995836e+01
<MIXTURE> 12 6.653544e-02
<MEAN> 39
 -6.759653e+00 -1.079682e+01 -5.171002e+00 -1.506256e+01 -1.640610e+01 -1.498972e+01 2.567475e+00 -1.444572e+00 -4.753226e+00 -2.266584e+00 -7.276058e+00 -2.756355e-01 7.410901e-01 -3.586278e-01 2.472592e+00 1.373780e+00 2.010159e+00 1.001703e-01 -9.752867e-02 -1.315698e+00 -1.219669e+00 -6.898800e-01 5.310585e-01 5.854133e-01 3.811755e-01 -8.478805e-02 -6.269639e-01 4.331809e-01 5.189643e-02 8.232079e-01 1.053566e+00 8.890895e-01 -4.254800e-01 2.331193e-01 1.195556e-01 -1.479246e-01 2.510733e-01 -1.775850e-01 -3.483374e-02
<VARIANCE> 39
 8.170664e+00 1.811175e+01 3.296790e+01 4.002020e+01 4.161814e+01 5.009501e+01 3.991386e+01 3.499122e+01 7.826416e+01 4.849886e+01 3.940229e+01 2.377118e+01 1.560433e-02 1.035569e+00 2.096069e+00 1.510592e+00 2.164999e+00 2.612259e+00 2.930852e+00 3.808144e+00 3.831457e+00 3.821222e+00 3.462447e+00 2.731251e+00 2.282598e+00 1.301121e-03 2.811359e-01 3.127635e-01 3.628072e-01 3.944124e-01 5.270681e-01 5.503070e-01 5.377575e-01 5.446151e-01 8.817551e-01 6.888428e-01 5.837191e-01 4.627220e-01 2.898002e-04
<GCONST> 9.731609e+01
<MIXTURE> 13 5.993799e-02
<MEAN> 39
 -7.877783e+00 -1.332217e+01 -4.741149e+00 -1.814383e+01 -1.507036e+01 -9.620048e+00 -2.377858e+00 2.796823e+00 -1.303777e+01 -6.007160e+00 -9.195277e+00 -2.421054e+00 7.864748e-01 7.350509e-01 1.130551e+00 -3.890569e-01 1.348163e+00 9.274420e-02 -1.041207e+00 -1.230412e+00 -6.504259e-01 1.246315e-01 -2.290928e-01 -1.696362e-01 2.813869e-01 -3.596820e-02 1.017232e-01 5.840039e-01 1.377490e-01 4.204434e-01 1.674005e-01 -7.153909e-02 -8.405010e-02 -8.763421e-01 3.600975e-01 3.040388e-01 -1.254350e-01 3.644867e-02 -1.378580e-02
<VARIANCE> 39
 8.386720e+00 2.006464e+01 3.644779e+01 2.937348e+01 4.165134e+01 3.588914e+01 4.171119e+01 5.018588e+01 3.657581e+01 4.684953e+01 2.412018e+01 3.144980e+01 1.364757e-02 6.889992e-01 1.608475e+00 2.458368e+00 1.790530e+00 2.656949e+00 2.373987e+00 2.420361e+00 3.964413e+00 2.745366e+00 3.462172e+00 2.205665e+00 2.302361e+00 5.127345e-04 1.056083e-01 2.823098e-01 3.655384e-01 3.248720e-01 4.852847e-01 4.839321e-01 4.525418e-01 6.757051e-01 4.829332e-01 5.765952e-01 4.354957e-01 3.998788e-01 1.112485e-04
<GCONST> 9.010020e+01
<MIXTURE> 14 8.352546e-02
<MEAN> 39
 -4.959702e+00 -1.238917e+01 -2.334699e+00 -9.588902e+00 -1.571316e+01 -6.961613e+00 -1.037912e+01 6.487636e+00 -6.834421e-01 -7.720976e+00 -2.436222e+00 -3.456584e+00 7.475163e-01 3.471395e-01 1.026833e+00 8.573385e-02 7.279911e-01 9.155411e-01 -2.686852e-01 -4.842630e-01 -1.195490e+00 -7.287671e-01 4.164978e-01 -3.395866e-01 -4.128372e-01 -3.685946e-02 -1.225100e-02 4.892823e-01 1.199848e-01 3.102261e-01 1.782669e-01 -1.325563e-01 6.004702e-01 -9.873756e-01 -5.868990e-01 6.358816e-01 -1.711693e-01 -1.018287e-01 -1.409399e-02
<VARIANCE> 39
 6.567398e+00 2.267866e+01 3.996421e+01 2.862392e+01 4.309524e+01 4.041525e+01 5.442380e+01 4.868748e+01 5.771902e+01 3.068321e+01 3.572819e+01 3.440365e+01 1.207335e-02 3.379901e-01 8.560600e-01 1.422028e+00 9.596855e-01 2.036721e+00 1.592162e+00 2.200590e+00 2.497505e+00 2.945524e+00 2.085206e+00 1.796208e+00 1.704089e+00 3.094378e-04 8.438525e-02 1.869993e-01 2.869557e-01 2.465223e-01 4.158601e-01 4.006918e-01 4.358361e-01 5.870705e-01 5.405124e-01 3.579645e-01 3.515976e-01 2.954893e-01 4.676062e-05
<GCONST> 8.221857e+01
<MIXTURE> 15 4.018032e-02
<MEAN> 39
 -1.162091e+00 -1.116854e+01 -1.172089e+01 -1.034463e+01 -7.524860e+00 -1.207413e+01 -8.756354e+00 -4.391421e-01 3.012930e-01 2.786007e+00 -2.319273e+00 -8.147345e+00 7.184278e-01 -1.652080e+00 3.523978e+00 6.542341e-01 2.150632e+00 1.958593e+00 1.455822e+00 -1.124617e-01 -2.214158e+00 -1.164358e+00 -2.409190e-01 6.104854e-01 7.768902e-01 -1.309522e-01 -1.182156e+00 3.934445e-01 8.006580e-01 3.381284e-01 3.080345e-03 7.151147e-01 5.889527e-01 6.874265e-02 -2.917601e-01 -6.602453e-01 -2.327167e-01 5.811867e-01 -3.043773e-02
<VARIANCE> 39
 1.065996e+01 2.451094e+01 2.727819e+01 2.955629e+01 2.767258e+01 5.930488e+01 4.506673e+01 4.738877e+01 5.218708e+01 3.547120e+01 5.145771e+01 2.954345e+01 1.888102e-02 2.480114e+00 3.109436e+00 3.244022e+00 2.951813e+00 3.589610e+00 4.637074e+00 5.731588e+00 5.466969e+00 5.378536e+00 3.469475e+00 4.268234e+00 3.421422e+00 3.347411e-03 3.418123e-01 4.045075e-01 3.950146e-01 4.041674e-01 4.538394e-01 5.981940e-01 6.251467e-01 7.888401e-01 5.118359e-01 4.242311e-01 7.215036e-01 4.482616e-01 3.511525e-04
<GCONST> 1.039179e+02
<MIXTURE> 16 6.443261e-02
<MEAN> 39
 -1.593283e+00 -1.680549e+01 -1.726081e+00 -1.210625e+01 -1.515452e+01 -6.321584e+00 -1.811223e+01 9.307748e+00 -5.258195e-01 5.229908e-01 -2.190921e+00 -5.102252e+00 8.199084e-01 -1.832574e-01 2.483120e+00 -5.853612e-01 1.558310e+00 1.947280e+00 -6.645325e-01 4.641617e-01 -2.816731e+00 -3.536144e-01 -1.869570e-01 3.272151e-01 4.362688e-01 -6.392328e-02 -7.457277e-01 1.106752e+00 -1.556990e-01 5.337616e-01 7.000589e-01 4.025866e-02 1.156090e+00 -9.635953e-01 -2.207211e-01 -2.515664e-01 -1.047632e-01 2.514561e-01 -2.990412e-02
<VARIANCE> 39
 9.527113e+00 1.756297e+01 2.870563e+01 2.744787e+01 3.124022e+01 3.583858e+01 3.461827e+01 3.545505e+01 3.311660e+01 3.805248e+01 3.519158e+01 2.917030e+01 1.137176e-02 1.116502e+00 1.881925e+00 3.659719e+00 2.019408e+00 2.710633e+00 2.204834e+00 3.746727e+00 3.042214e+00 3.177441e+00 2.748183e+00 3.637946e+00 2.552485e+00 1.129211e-03 2.626413e-01 2.458306e-01 2.956802e-01 4.964740e-01 4.192167e-01 4.678317e-01 4.175645e-01 5.394228e-01 5.630945e-01 4.669510e-01 4.641979e-01 4.218920e-01 2.482168e-04
<GCONST> 9.272363e+01
<TRANSP> 5
 0.000000e+00 1.000000e+00 0.000000e+00 0.000000e+00 0.000000e+00
 0.000000e+00 5.935104e-01 4.064896e-01 0.000000e+00 0.000000e+00
 0.000000e+00 0.000000e+00 7.097790e-01 2.902210e-01 0.000000e+00
 0.000000e+00 0.000000e+00 0.000000e+00 5.647836e-01 4.352164e-01
 0.000000e+00 0.000000e+00 0.000000e+00 0.000000e+00 0.000000e+00
<ENDHMM>
