~o
<STREAMINFO> 1 39
<VECSIZE> 39<NULLD><MFCC_E_D_A><DIAGC>
~h "el"
<BEGINHMM>
<NUMSTATES> 5
<STATE> 2
<NUMMIXES> 16
<MIXTURE> 1 5.581140e-02
<MEAN> 39
 1.690418e+00 -5.311132e+00 -8.404853e+00 -1.926661e+01 -1.712847e+01 4.690794e+00 -7.646345e-01 -1.034058e+01 -4.172585e+00 2.727231e-01 -2.506782e+00 2.763384e+00 7.113491e-01 -8.110242e-03 6.027911e-01 6.822385e-01 -2.522776e+00 -8.343704e-01 1.382488e+00 -4.921131e-02 3.572149e-01 7.748828e-01 -7.965682e-01 -2.792816e-01 6.001384e-01 1.354534e-02 -2.470201e-01 1.670206e-01 -3.148933e-02 6.369423e-02 7.925136e-01 -3.635965e-01 -5.620816e-01 5.185770e-01 6.224743e-04 -2.075547e-01 3.011421e-01 -3.153896e-01 -5.847443e-03
<VARIANCE> 39
 4.845914e+00 2.735271e+01 2.252818e+01 4.471822e+01 2.845604e+01 2.398029e+01 4.508005e+01 3.094804e+01 3.914005e+01 4.964117e+01 3.490860e+01 2.544279e+01 9.956913e-03 4.965393e-01 1.235952e+00 1.109921e+00 2.744030e+00 2.973922e+00 2.422408e+00 1.836601e+00 2.976473e+00 3.110996e+00 2.576107e+00 3.234697e+00 1.872385e+00 5.293845e-04 8.958645e-02 2.099399e-01 1.876480e-01 4.043180e-01 3.504267e-01 3.373616e-01 4.207316e-01 5.150591e-01 4.289250e-01 4.055291e-01 3.253989e-01 2.999214e-01 8.835324e-05
<GCONST> 8.400782e+01
<MIXTURE> 2 4.563596e-02
<MEAN> 39
 -2.202485e+00 -8.101230e+00 -8.448967e+00 -1.338680e+01 -8.308175e+00 -4.663691e+00 -1.301912e+01 -7.179379e+00 1.957926e-01 3.650195e+00 1.413256e+00 -6.334985e+00 6.922717e-01 1.381254e+00 1.014148e+00 -1.800071e+00 -2.980040e+00 5.336775e-01 2.712631e+00 9.370924e-01 -2.133904e+00 -8.772359e-01 8.623016e-01 1.707687e+00 3.688174e-01 1.670756e-02 -4.325791e-01 3.482847e-01 4.680194e-01 -1.595065e-01 -3.531708e-01 5.781753e-02 9.474747e-01 4.139458e-01 -6.515518e-01 -7.996982e-01 -1.249143e-01 7.142798e-01 -6.363541e-03
<VARIANCE> 39
 1.219185e+01 2.049591e+01 3.483714e+01 3.019794e+01 2.518802e+01 3.506413e+01 3.598291e+01 3.282846e+01 3.446076e+01 2.423805e+01 3.207843e+01 2.251557e+01 2.197273e-02 2.970210e+00 2.214901e+00 1.683128e+00 1.735825e+00 1.941779e+00 4.203853e+00 3.498671e+00 4.009604e+00 4.005751e+00 3.350905e+00 1.219769e+00 2.738153e+00 1.464304e-03 5.300894e-01 2.909305e-01 2.968187e-01 3.989134e-01 4.654884e-01 6.536888e-01 5.094109e-01 4.927367e-01 5.838530e-01 4.552462e-01 4.766768e-01 4.005800e-01 1.098439e-04
<GCONST> 9.380759e+01
<MIXTURE> 3 5.096947e-02
<MEAN> 39
 6.377745e-01 -2.630991e-01 -5.207922e+00 -3.018490e+01 -1.903354e+01 9.818475e+00 -6.453701e+00 -5.108004e+00 1.911135e-01 -7.159436e+00 -1.750361e+00 2.016230e+00 7.161102e-01 7.352932e-01 3.957689e-01 4.214677e-01 -2.806943e+00 -1.103995e+00 1.579227e+00 -9.486653e-01 4.638336e-01 4.599402e-01 -5.979893e-01 3.545301e-01 -3.707296e-02 2.997241e-02 -6.677632e-01 -2.458382e-02 -2.268937e-01 1.599504e+00 1.295445e+00 -9.388896e-01 2.719627e-01 3.041292e-01 -5.182467e-01 2.580882e-01 2.260392e-03 -2.983715e-01 -2.679664e-02
<VARIANCE> 39
 4.677925e+00 1.646820e+01 1.823196e+01 3.481654e+01 3.196940e+01 2.485973e+01 3.977417e+01 3.124622e+01 2.558615e+01 1.832371e+01 1.800089e+01 2.168481e+01 1.039401e-02 1.042976e+00 1.695323e+00 1.106266e+00 4.727007e+00 4.393098e+00 3.117996e+00 2.124313e+00 2.441706e+00 2.052028e+00 1.374464e+00 1.670353e+00 1.230010e+00 9.604977e-04 2.505977e-01 2.910002e-01 2.034894e-01 4.329728e-01 4.200237e-01 5.018530e-01 4.255849e-01 3.852542e-01 4.845582e-01 2.567299e-01 3.842272e-01 2.583311e-01 1.699375e-04
<GCONST> 8.363820e+01
<MIXTURE> 4 7.267619e-02
<MEAN> 39
 -1.632821e-01 -7.577388e-02 -9.246972e+00 -2.389363e+01 -1.171173e+01 2.631756e+00 -2.764963e+00 -7.845739e+00 -3.994560e+00 -2.748535e+00 -1.249593e+00 3.036760e+00 6.319968e-01 2.730418e+00 7.188616e-01 -2.227824e-01 -4.836401e+00 -2.698400e+00 1.300646e+00 1.519280e-01 -1.224069e+00 -3.214931e-01 -4.512784e-01 -1.225813e-01 1.047087e+00 8.229988e-02 -9.710764e-01 -1.886683e-01 1.820566e-01 9.949512e-01 6.451316e-01 -2.349421e-01 -1.795927e-02 3.884027e-01 3.813640e-02 9.384593e-02 -1.175883e-01 -4.190096e-01 -2.808573e-02
<VARIANCE> 39
 6.414020e+00 1.468065e+01 1.774505e+01 3.091793e+01 3.172800e+01 2.374120e+01 2.325792e+01 2.823410e+01 2.323726e+01 2.511369e+01 2.353777e+01 1.356410e+01 1.445661e-02 1.713088e+00 3.134303e+00 2.173598e+00 5.710901e+00 3.902557e+00 2.693517e+00 3.011477e+00 2.830854e+00 3.742442e+00 3.334140e+00 2.902625e+00 2.061266e+00 1.539545e-03 3.624981e-01 3.709622e-01 2.554323e-01 4.490190e-01 3.622087e-01 3.035482e-01 2.366236e-01 4.266422e-01 4.060416e-01 4.198283e-01 3.038811e-01 2.193545e-01 2.279613e-04
<GCONST> 8.853500e+01
<MIXTURE> 5 5.685432e-02
<MEAN> 39
 -2.404373e-01 -6.061615e+00 -4.682567e+00 -2.961494e+01 -1.194757e+01 6.041688e+00 -1.203461e+01 -4.790609e-01 -1.239479e+01 2.076832e+00 2.941333e+00 -2.251181e+00 7.748728e-01 6.378540e-01 1.183499e-01 7.730964e-01 -2.673158e+00 -8.092083e-01 1.296516e+00 -2.325472e-01 5.704350e-01 -3.903925e-01 7.133725e-03 -3.094490e-01 1.435260e-01 2.199006e-02 -8.001264e-01 3.005137e-01 -3.839940e-01 1.573724e+00 7.404585e-01 -7.498051e-01 6.365791e-01 -2.965070e-01 8.382345e-01 -2.906930e-01 -4.117624e-01 7.794455e-02 -2.700501e-02
<VARIANCE> 39
 5.454712e+00 2.424368e+01 2.539600e+01 3.043257e+01 2.695808e+01 2.809408e+01 4.145974e+01 3.869460e+01 2.471950e+01 3.411014e+01 4.728551e+01 2.674275e+01 7.670988e-03 9.109834e-01 1.578359e+00 1.477382e+00 4.441841e+00 3.425178e+00 1.619058e+00 3.271798e+00 2.593803e+00 3.665520e+00 3.282881e+00 2.835389e+00 1.873145e+00 8.565597e-04 4.182828e-01 3.270253e-01 3.760462e-01 5.410627e-01 4.249657e-01 5.068216e-01 6.267481e-01 4.514022e-01 4.981418e-01 6.732146e-01 6.349196e-01 5.424746e-01 1.741209e-04
<GCONST> 9.222870e+01
<MIXTURE> 6 7.647312e-02
<MEAN> 39
 5.527956e-01 -3.075421e+00 -1.492566e+01 -2.166254e+01 -6.868219e+00 -2.227691e+00 -1.447835e+00 -8.546226e+00 -7.457790e+00 2.243214e+00 1.339048e+00 -1.444783e+00 7.083786e-01 3.441008e-01 8.637614e-01 -1.046832e-01 -1.460253e+00 -4.461080e-01 8.345069e-01 8.993568e-01 2.374830e-01 -6.057895e-01 -7.403903e-01 -5.561028e-02 1.059375e+00 2.998628e-03 -4.402440e-01 5.711570e-02 4.657820e-01 5.682276e-01 6.583586e-02 -1.155926e-01 -3.076803e-01 3.139257e-01 2.276217e-01 -3.473198e-01 -3.363333e-01 -1.477025e-01 -1.379282e-02
<VARIANCE> 39
 7.404583e+00 2.250939e+01 2.937716e+01 3.309528e+01 2.259749e+01 2.446603e+01 5.527473e+01 3.634272e+01 4.394654e+01 3.047332e+01 2.620064e+01 2.467201e+01 1.609577e-02 3.298574e-01 1.019588e+00 1.008965e+00 1.286869e+00 1.469168e+00 1.307769e+00 1.949122e+00 1.808742e+00 1.917411e+00 1.765949e+00 9.823169e-01 1.429638e+00 5.572580e-04 1.596442e-01 1.567076e-01 1.782526e-01 2.541352e-01 2.679302e-01 2.648750e-01 3.754019e-01 5.486022e-01 4.452067e-01 2.880512e-01 1.530758e-01 2.889138e-01 1.265460e-04
<GCONST> 7.713111e+01
<MIXTURE> 7 5.607305e-02
<MEAN> 39
 -1.091444e-01 -3.178305e+00 -1.596809e+01 -2.030253e+01 -5.847816e+00 -7.855967e+00 1.852461e+00 -7.604511e+00 -9.975692e+00 2.124380e+00 6.942312e-01 -1.536153e+00 7.378894e-01 1.025181e+00 4.453574e-01 -5.465936e-01 -2.125056e+00 -9.207836e-01 -3.589562e-01 2.103209e+00 -8.260556e-01 -2.615085e-01 2.042244e-02 -4.853875e-01 7.560654e-01 3.395427e-02 -6.595186e-01 -2.783850e-02 5.735972e-01 5.730543e-01 1.591790e-01 4.749438e-01 -5.447613e-01 1.821803e-01 5.539168e-01 -3.673987e-01 -3.174136e-01 -2.748414e-02 -2.117627e-02
<VARIANCE> 39
 1.017630e+01 2.370562e+01 2.990681e+01 4.571456e+01 4.649417e+01 3.157246e+01 5.866600e+01 5.836072e+01 5.060703e+01 6.043027e+01 5.657648e+01 3.186804e+01 1.246823e-02 1.583149e+00 1.783323e+00 2.660491e+00 4.332803e+00 3.285115e+00 3.402818e+00 3.160109e+00 3.604671e+00 5.314424e+00 3.927079e+00 3.808785e+00 2.268686e+00 1.161587e-03 6.689941e-01 3.728072e-01 5.007350e-01 5.619131e-01 7.793811e-01 4.665115e-01 5.416647e-01 6.799303e-01 8.349755e-01 7.650220e-01 6.272703e-01 4.094821e-01 2.693367e-04
<GCONST> 1.030238e+02
<MIXTURE> 8 5.481644e-02
<MEAN> 39
 -5.639639e-01 -3.749222e+00 -1.681503e+01 -2.910633e+01 -5.355054e+00 -3.096003e+00 -1.173057e+01 -8.157248e+00 -9.018398e+00 -1.493497e+00 -6.268692e+00 -3.534786e+00 7.187825e-01 2.266494e+00 5.795043e-03 -1.138170e+00 -5.016650e+00 -6.270713e-01 8.917173e-01 -1.063876e+00 2.716429e-01 -1.041046e+00 2.260193e-01 2.471072e-01 1.425307e-01 7.828443e-02 -1.269686e+00 -2.510195e-01 4.480064e-01 1.543779e+00 5.906146e-01 1.399385e-01 7.259847e-01 7.088463e-01 7.014917e-01 2.585350e-01 3.811385e-01 3.405250e-01 -2.990343e-02
<VARIANCE> 39
 4.968317e+00 1.944512e+01 1.708557e+01 3.757996e+01 3.521938e+01 3.110782e+01 2.976515e+01 2.684483e+01 3.003259e+01 3.584555e+01 3.573354e+01 2.001394e+01 9.715217e-03 1.832675e+00 1.823848e+00 2.691554e+00 5.073388e+00 4.231820e+00 2.296309e+00 3.179877e+00 3.125679e+00 3.719747e+00 2.934062e+00 2.751899e+00 1.918285e+00 1.365039e-03 2.256839e-01 2.366326e-01 4.125591e-01 6.397079e-01 4.802697e-01 3.420198e-01 3.771984e-01 3.738135e-01 3.701649e-01 6.015499e-01 3.977547e-01 2.730907e-01 2.391775e-04
<GCONST> 9.107600e+01
<MIXTURE> 9 7.416011e-02
<MEAN> 39
 1.571931e+00 -5.292844e+00 -8.786758e+00 -2.217834e+01 -1.690538e+01 6.433534e+00 -6.725875e+00 -6.176491e+00 -5.078452e+00 -5.535470e+00 7.618813e+00 -2.633459e+00 7.305445e-01 4.607599e-01 5.249270e-02 1.416516e-01 -1.452822e+00 -1.302473e+00 1.151877e+00 1.109985e-01 2.185276e-02 3.681749e-01 -8.604719e-01 6.088124e-01 -3.068029e-01 2.133506e-02 -8.497233e-01 2.257149e-01 -1.708410e-02 8.833086e-01 1.179178e+00 -6.501803e-01 2.150529e-01 2.186265e-01 5.733708e-02 5.072303e-01 -7.842861e-01 8.787816e-02 -2.470782e-02
<VARIANCE> 39
 5.048663e+00 2.589262e+01 2.217347e+01 3.182625e+01 2.015737e+01 2.345765e+01 3.960517e+01 3.595498e+01 1.721707e+01 2.849486e+01 2.937650e+01 1.803761e+01 1.117812e-02 5.024420e-01 1.175820e+00 9.654239e-01 1.695005e+00 1.870942e+00 1.201827e+00 1.750439e+00 1.777548e+00 1.603936e+00 1.681914e+00 1.614797e+00 1.637857e+00 5.499061e-04 2.443455e-01 2.864776e-01 2.929702e-01 3.427566e-01 3.241982e-01 3.542790e-01 4.316125e-01 3.850168e-01 3.313987e-01 3.278782e-01 3.051043e-01 3.286853e-01 1.084114e-04
<GCONST> 7.830943e+01
<MIXTURE> 10 8.337847e-02
<MEAN> 39
 -4.597782e-01 -2.215517e+00 -7.957656e+00 -3.204332e+01 -1.030204e+01 3.890595e+00 -7.168975e+00 -4.137419e+00 -8.207671e+00 -2.291326e-01 -3.489326e+00 1.938784e+00 7.051226e-01 -1.272527e-02 5.984929e-02 2.550202e-01 -1.878899e+00 2.378789e-01 2.700349e-01 -1.511278e-01 6.192956e-01 1.780671e-01 2.716908e-01 -3.511142e-01 4.681908e-01 2.157279e-02 -5.495150e-01 1.168186e-01 -3.228372e-02 1.523375e+00 5.391675e-01 -5.002362e-01 2.418754e-01 1.036137e-02 2.157371e-01 -1.816087e-01 1.174672e-01 -3.409657e-01 -2.353942e-02
<VARIANCE> 39
 7.649744e+00 1.833618e+01 4.064282e+01 2.267930e+01 2.432175e+01 1.962085e+01 3.708853e+01 3.354372e+01 2.220088e+01 1.826662e+01 1.959039e+01 2.239003e+01 1.571087e-02 3.396900e-01 7.122530e-01 8.227233e-01 2.047683e+00 1.548064e+00 1.071255e+00 1.056794e+00 1.386408e+00 1.247825e+00 1.143804e+00 1.329795e+00 1.128253e+00 3.890542e-04 2.522611e-01 1.979092e-01 3.215065e-01 4.048552e-01 2.655756e-01 2.250731e-01 3.749454e-01 3.544687e-01 3.763625e-01 2.971726e-01 2.590446e-01 2.971572e-01 1.015378e-04
<GCONST> 7.375511e+01
<MIXTURE> 11 7.739276e-02
<MEAN> 39
 -2.047278e+00 -9.346878e+00 -1.571053e+01 -2.407668e+01 -2.877027e+00 3.099355e-01 -1.072972e+01 -5.422636e+00 -3.576862e+00 -5.927561e-01 -4.506775e+00 -5.900773e+00 7.815806e-01 2.332254e-01 1.108047e+00 -5.728782e-01 -1.293863e+00 3.739387e-01 1.351366e+00 5.634861e-01 -4.523753e-01 -4.965652e-01 -4.390833e-01 1.164848e+00 3.533192e-01 -9.482505e-04 -5.634107e-02 2.862438e-01 2.423074e-01 4.216011e-01 -2.557567e-01 -4.876737e-01 1.398746e-01 1.008316e-01 -2.314194e-01 -2.686439e-01 -1.101616e-01 2.441608e-01 -1.021776e-02
<VARIANCE> 39
 7.156347e+00 2.665926e+01 2.276450e+01 4.904622e+01 3.788049e+01 5.876914e+01 4.624313e+01 3.722583e+01 4.546535e+01 5.249880e+01 4.244402e+01 2.364984e+01 9.586639e-03 3.916621e-01 8.061959e-01 9.144496e-01 1.591935e+00 1.225621e+00 1.780839e+00 1.500668e+00 2.307618e+00 2.271600e+00 1.940886e+00 1.666212e+00 1.869565e+00 2.748892e-04 7.493337e-02 1.270113e-01 1.664350e-01 3.009091e-01 3.320252e-01 3.581942e-01 2.877657e-01 4.043267e-01 2.908510e-01 2.927992e-01 3.102130e-01 2.627361e-01 5.770847e-05
<GCONST> 7.815379e+01
<MIXTURE> 12 5.120908e-02
<MEAN> 39
 -2.220055e+00 -6.744335e+00 -7.002110e+00 -1.703155e+01 -7.963862e+00 6.196317e-01 -1.168345e+01 -8.930471e+00 -4.663030e+00 3.219084e+00 4.402764e+00 -3.432482e+00 6.760538e-01 2.852610e+00 4.375463e-02 3.480395e-01 -4.240294e+00 -2.447662e+00 2.940790e+00 -3.459756e-01 -1.664686e+00 -1.257784e+00 -6.313697e-01 1.785785e+00 9.344100e-01 6.747556e-02 -8.712906e-01 4.778336e-02 -1.079204e-01 2.480657e-01 1.651825e-01 -4.489426e-02 6.034297e-01 7.535288e-01 1.881085e-01 -5.573564e-01 -6.305240e-01 3.569193e-01 -1.828141e-02
<VARIANCE> 39
 9.984682e+00 2.212102e+01 1.946236e+01 3.046328e+01 2.134734e+01 3.199902e+01 4.604714e+01 3.364092e+01 3.017208e+01 2.500528e+01 3.073343e+01 1.663996e+01 9.581253e-03 2.066927e+00 1.793781e+00 3.372019e+00 2.945680e+00 3.890826e+00 3.809200e+00 4.907570e+00 5.035326e+00 2.920906e+00 4.772202e+00 3.425043e+00 2.848263e+00 9.235845e-04 3.292922e-01 3.202996e-01 3.868879e-01 4.292321e-01 5.182691e-01 5.148807e-01 7.158846e-01 6.306539e-01 5.465428e-01 3.947726e-01 4.279939e-01 4.359054e-01 2.480099e-04
<GCONST> 9.530626e+01
<MIXTURE> 13 8.664954e-02
<MEAN> 39
 -2.266165e+00 9.371505e-01 -8.707425e+00 -2.043402e+01 -9.479956e+00 2.708654e-01 -3.849677e+00 -3.235934e+00 -7.575952e+00 -2.716741e+00 1.342973e+00 -1.480949e+00 5.767483e-01 3.204187e+00 7.554701e-01 7.107174e-01 -3.786105e+00 -3.354050e+00 4.857805e-01 -5.035536e-01 -1.437911e-01 -8.219784e-01 -1.308368e+00 3.096677e-01 8.938161e-02 8.737729e-02 -6.405898e-01 -6.553013e-01 -1.962376e-01 1.809977e-01 3.263101e-01 9.622799e-02 -1.432800e-01 7.016820e-02 3.134318e-01 3.167752e-01 -9.470515e-02 -4.708054e-03 -8.447004e-03
<VARIANCE> 39
 1.276951e+01 2.171053e+01 2.342524e+01 3.876836e+01 2.994496e+01 2.364388e+01 2.395385e+01 2.781060e+01 2.761746e+01 2.450216e+01 2.735618e+01 1.477810e+01 1.903448e-02 3.400553e+00 3.144857e+00 4.508754e+00 4.350241e+00 4.203166e+00 4.882004e+00 3.926373e+00 3.383723e+00 3.920674e+00 3.157542e+00 3.544974e+00 2.667203e+00 1.828421e-03 4.066626e-01 3.141185e-01 4.465944e-01 5.931559e-01 4.108366e-01 4.058447e-01 4.211006e-01 3.752316e-01 4.809267e-01 3.740425e-01 4.170564e-01 2.903907e-01 2.882043e-04
<GCONST> 9.614674e+01
<MIXTURE> 14 5.985998e-02
<MEAN> 39
 -6.619756e-01 -5.017972e+00 -8.213953e+00 -2.313655e+01 -1.215256e+01 7.290474e+00 -8.815442e+00 -9.851189e+00 -4.181372e+00 -1.826810e+00 4.885816e+00 -9.111877e-01 7.011414e-01 2.493823e-01 1.589232e+00 -1.118692e-01 -2.263257e+00 -6.502457e-01 1.293217e+00 1.155785e+00 7.087331e-01 -1.615589e-01 -1.997415e+00 -3.160088e-01 1.491125e+00 -5.690766e-04 -1.421652e-01 1.494318e-02 6.482174e-02 7.040074e-01 1.561718e-01 -9.397972e-01 -3.019948e-02 6.360114e-01 1.358210e-01 7.911183e-02 -5.269889e-01 -2.699754e-01 -5.141552e-03
<VARIANCE> 39
 7.315552e+00 3.187596e+01 2.647484e+01 4.779560e+01 2.073267e+01 2.734523e+01 5.648766e+01 3.721193e+01 3.680001e+01 2.588286e+01 2.428279e+01 2.094447e+01 2.791267e-02 6.131738e-01 1.159793e+00 1.458101e+00 2.278679e+00 2.703874e+00 2.362223e+00 3.191342e+00 3.579316e+00 3.515481e+00 2.141797e+00 2.865125e+00 1.742262e+00 7.054959e-04 1.205052e-01 2.826715e-01 3.118043e-01 4.919575e-01 3.599718e-01 4.341235e-01 4.896694e-01 4.551271e-01 6.725159e-01 4.136227e-01 3.159329e-01 3.195479e-01 2.111393e-04
<GCONST> 8.864767e+01
<MIXTURE> 15 5.506219e-02
<MEAN> 39
 -3.558479e+00 -1.088466e+01 -1.177352e+01 -2.519850e+01 -2.262403e+00 -7.377103e+00 -1.471183e+01 -2.310351e+00 -2.974129e+00 3.036008e+00 -9.991327e+00 -4.481758e+00 7.777717e-01 9.792525e-01 -1.541482e-02 -1.059721e+00 -2.708029e+00 1.147266e+00 1.685950e+00 -3.091404e-01 2.810896e-02 -3.518721e-01 9.233662e-01 6.461215e-01 -8.341057e-02 3.075158e-02 -6.294880e-01 7.388698e-01 2.277134e-01 1.053078e+00 -1.828581e-01 1.792194e-01 7.454321e-01 -2.220920e-01 -3.826078e-01 -5.061282e-01 5.875196e-01 3.270158e-01 -2.547329e-02
<VARIANCE> 39
 4.742269e+00 3.050039e+01 2.580975e+01 3.115171e+01 1.903742e+01 4.796579e+01 4.628603e+01 3.968391e+01 4.974565e+01 6.954280e+01 3.391322e+01 2.935456e+01 1.114579e-02 1.274253e+00 2.279179e+00 2.079030e+00 4.942301e+00 2.840003e+00 3.755332e+00 3.858658e+00 4.288620e+00 3.758098e+00 3.674134e+00 3.409644e+00 3.735482e+00 1.178871e-03 3.490465e-01 4.031649e-01 3.929346e-01 6.839466e-01 5.339298e-01 6.952085e-01 6.558415e-01 7.566574e-01 6.755488e-01 7.129459e-01 6.168348e-01 5.783399e-01 1.800223e-04
<GCONST> 9.987447e+01
<MIXTURE> 16 4.297260e-02
<MEAN> 39
 -4.795032e+00 -2.793058e+00 -1.405513e+01 -1.857056e+01 -3.930257e+00 -7.629675e+00 -1.093506e+01 -9.506539e+00 -6.237860e+00 -7.387818e-01 -8.522979e+00 -5.109520e+00 6.260555e-01 3.784118e+00 7.203026e-01 -7.789600e-01 -5.407990e+00 -1.540435e+00 2.676080e-01 -1.954784e+00 -1.501723e+00 -1.753920e+00 -5.774057e-02 -4.049653e-01 -8.577075e-01 9.074511e-02 -6.415852e-01 -4.487087e-01 8.363563e-02 6.544060e-02 3.118084e-01 5.973078e-01 5.620641e-01 7.691768e-01 3.014830e-01 2.333346e-01 6.359742e-01 6.103869e-01 -5.170657e-03
<VARIANCE> 39
 1.065722e+01 1.888076e+01 2.400527e+01 2.329383e+01 2.853074e+01 2.805531e+01 2.368628e+01 2.870600e+01 2.432030e+01 3.784212e+01 2.595787e+01 2.087776e+01 8.657312e-03 2.742115e+00 3.118338e+00 6.271129e+00 4.111810e+00 5.132367e+00 3.627933e+00 4.881062e+00 3.220708e+00 4.714966e+00 5.186748e+00 4.087002e+00 3.263328e+00 1.619022e-03 2.652867e-01 2.584385e-01 3.563974e-01 3.717393e-01 4.674518e-01 4.131971e-01 4.911584e-01 4.980853e-01 4.982322e-01 6.911086e-01 4.347502e-01 4.313536e-01 2.987628e-04
<GCONST> 9.671289e+01
<STATE> 3
<NUMMIXES> 16
<MIXTURE> 1 5.905426e-02
<MEAN> 39
 6.925398e-01 1.299938e+00 -4.228611e+00 -3.289069e+01 -1.788175e+01 5.720362e+00 -4.447870e+00 -3.368614e+00 -4.221017e-01 -3.875800e+00 -4.605119e+00 2.693808e+00 7.401730e-01 4.490237e-02 4.232958e-01 2.420323e-01 1.029757e-01 -6.424144e-02 -2.730266e-01 -3.020965e-01 2.761692e-01 2.821735e-01 -2.244111e-01 -1.790705e-01 -4.479684e-02 -8.376680e-03 -4.071328e-02 -1.703805e-01 -8.634017e-02 3.815033e-01 2.453017e-01 1.643595e-02 -9.640092e-02 -5.888488e-02 -2.940145e-01 8.492245e-02 2.624782e-01 -9.031314e-02 -4.216321e-03
<VARIANCE> 39
 5.419938e+00 1.241152e+01 1.590939e+01 2.150240e+01 2.644938e+01 1.856529e+01 4.361617e+01 3.450726e+01 3.659322e+01 2.186293e+01 2.253949e+01 2.158875e+01 8.586124e-03 1.744533e-01 7.563945e-01 5.013210e-01 8.675501e-01 8.041592e-01 7.706949e-01 8.915318e-01 7.999928e-01 1.292223e+00 8.380927e-01 6.689525e-01 5.617622e-01 2.369570e-04 5.013052e-02 1.111055e-01 8.110280e-02 1.239089e-01 1.681023e-01 1.108160e-01 1.629441e-01 1.685451e-01 1.692228e-01 1.099519e-01 1.150108e-01 1.252887e-01 3.306488e-05
<GCONST> 5.451797e+01
<MIXTURE> 2 8.021400e-02
<MEAN> 39
 6.903382e-02 7.239785e-01 -8.384799e+00 -2.524862e+01 -1.352546e+01 1.600688e+00 -3.811222e+00 -3.671942e+00 -7.442358e+00 -4.133010e+00 7.592188e-01 -1.816437e+00 7.000059e-01 -1.233812e-01 -9.991885e-01 -3.934926e-01 4.685753e-01 1.060344e+00 3.083663e-01 -4.196990e-01 -5.339447e-01 -2.547417e-01 6.992829e-01 7.711478e-01 -1.794465e-01 3.324529e-03 -1.181627e-01 -5.343550e-01 -1.786283e-01 3.121851e-01 4.294905e-01 4.366687e-02 -2.889760e-01 -3.124532e-01 4.476551e-01 5.089324e-01 3.872248e-02 -1.462476e-01 2.286617e-03
<VARIANCE> 39
 8.459858e+00 3.204633e+01 2.244293e+01 5.862285e+01 4.483301e+01 3.173730e+01 4.570068e+01 4.393932e+01 2.888452e+01 3.723272e+01 5.355300e+01 2.679488e+01 1.101375e-02 5.056027e-01 1.209523e+00 1.631989e+00 2.063589e+00 2.650943e+00 2.138054e+00 2.765322e+00 2.716874e+00 3.029757e+00 2.104304e+00 2.586441e+00 1.681742e+00 4.611938e-04 9.151796e-02 2.323628e-01 2.437645e-01 3.670626e-01 4.145229e-01 4.455823e-01 4.786113e-01 4.795471e-01 7.206860e-01 4.518488e-01 6.189472e-01 4.198347e-01 7.396490e-05
<GCONST> 8.777599e+01
<MIXTURE> 3 7.104172e-02
<MEAN> 39
 1.751898e+00 -1.950764e+00 -1.456163e+01 -2.256047e+01 -1.267824e+01 3.957163e+00 -6.350488e+00 -3.014986e+00 -6.202698e+00 -6.586090e+00 4.464539e+00 -3.574477e+00 7.261228e-01 4.599641e-02 2.952566e-01 -2.482849e-02 -3.520326e-02 -2.416307e-03 -8.054025e-03 2.313988e-01 7.200801e-02 -8.801127e-02 2.503139e-02 -5.719454e-02 -2.298246e-01 -5.025673e-03 -3.969351e-02 -9.167073e-02 6.224500e-02 1.342915e-01 1.266747e-01 -7.882813e-02 -6.455079e-02 -1.253242e-01 9.581583e-04 1.545236e-01 -9.591354e-02 8.218150e-05 -2.337978e-03
<VARIANCE> 39
 4.640515e+00 2.408936e+01 3.564870e+01 5.707227e+01 4.611054e+01 4.747161e+01 6.862886e+01 7.689757e+01 3.380106e+01 3.693510e+01 3.937729e+01 2.651375e+01 8.637869e-03 1.109363e-01 4.480806e-01 3.510815e-01 5.808730e-01 6.612237e-01 8.538172e-01 8.933017e-01 7.972961e-01 7.793723e-01 6.705465e-01 6.635237e-01 7.527481e-01 8.778468e-05 1.994060e-02 8.689036e-02 6.217919e-02 8.536664e-02 1.169614e-01 1.598622e-01 1.544555e-01 1.405199e-01 1.150925e-01 1.383790e-01 1.091475e-01 1.236472e-01 1.697561e-05
<GCONST> 5.458158e+01
<MIXTURE> 4 3.871362e-02
<MEAN> 39
 -2.021143e+00 -1.819232e+00 -1.311320e+01 -3.470119e+01 -1.412039e+00 -5.510626e+00 -4.562397e+00 -7.816180e+00 -6.959042e+00 -7.360452e-01 -5.486568e+00 1.859160e+00 7.727010e-01 7.250014e-02 4.594305e-01 2.336860e-01 -1.637398e+00 5.523347e-01 2.251294e-01 1.949429e-01 8.158066e-01 -5.534046e-02 -7.033477e-03 8.570787e-02 5.273408e-01 1.182536e-02 -4.843468e-01 -5.773409e-02 1.390879e-01 1.950355e+00 -1.679455e-01 9.792634e-02 -2.280311e-01 2.427229e-01 1.903443e-01 -3.015642e-02 1.660629e-01 -3.610838e-01 -2.397182e-02
<VARIANCE> 39
 4.357982e+00 2.405747e+01 3.456464e+01 2.655881e+01 3.223483e+01 2.018856e+01 4.305262e+01 3.464647e+01 5.440862e+01 5.026330e+01 3.721131e+01 2.460263e+01 7.470792e-03 2.786941e-01 1.020509e+00 9.952458e-01 2.938504e+00 1.392285e+00 2.012079e+00 1.819412e+00 1.965456e+00 2.298798e+00 1.725951e+00 1.653959e+00 1.440784e+00 4.437024e-04 1.712377e-01 3.123416e-01 3.689146e-01 5.137911e-01 3.028184e-01 2.988248e-01 3.887298e-01 4.801526e-01 6.277748e-01 7.262108e-01 4.808151e-01 2.431273e-01 1.411264e-04
<GCONST> 8.295014e+01
<MIXTURE> 5 9.481940e-02
<MEAN> 39
 -1.022993e+00 -3.630470e+00 -1.062919e+01 -3.314017e+01 -5.256205e+00 2.048120e+00 -6.775188e+00 -4.976692e+00 -7.452834e+00 1.157548e+00 -3.884433e+00 2.445345e+00 7.633200e-01 1.640017e-02 7.195491e-01 1.076784e-01 -3.707903e-01 2.013063e-02 -1.027653e-02 -2.524814e-02 3.638678e-01 -1.331088e-01 -6.311647e-01 7.088774e-02 2.125277e-01 -8.925211e-03 -1.003794e-02 1.279191e-01 -6.315887e-02 6.428926e-01 -1.685185e-01 -2.179595e-01 -4.887827e-02 -1.809996e-01 -6.680754e-02 -1.340667e-01 6.320471e-02 -3.054669e-01 -8.943223e-03
<VARIANCE> 39
 6.939940e+00 1.989567e+01 3.421874e+01 2.847832e+01 3.232073e+01 2.783420e+01 3.926810e+01 3.080319e+01 2.248984e+01 2.740928e+01 2.450491e+01 1.969615e+01 1.130291e-02 2.154138e-01 4.605844e-01 5.346675e-01 9.507475e-01 1.090413e+00 7.626947e-01 9.070735e-01 1.050179e+00 1.261679e+00 1.421416e+00 1.162054e+00 8.689086e-01 1.592565e-04 4.383720e-02 8.090539e-02 9.515531e-02 2.004234e-01 1.418695e-01 1.462534e-01 1.681079e-01 2.003656e-01 1.840314e-01 1.789560e-01 1.796265e-01 1.586622e-01 3.756939e-05
<GCONST> 6.010848e+01
<MIXTURE> 6 8.130523e-02
<MEAN> 39
 4.857704e-01 5.453527e-01 -1.038244e+01 -2.724625e+01 -1.478285e+01 7.186307e+00 -5.633190e+00 -4.986970e+00 2.986745e-01 -8.632728e+00 1.722217e+00 1.519838e+00 6.921178e-01 -1.441723e-01 8.783112e-01 -2.784635e-01 4.461966e-02 5.921954e-01 -8.768719e-01 5.012509e-01 8.808357e-01 -3.673141e-01 -3.917140e-01 -1.320863e-01 -1.600206e-01 -1.214870e-02 -2.821029e-01 -1.520380e-01 1.266956e-01 7.578638e-01 4.376802e-01 -4.885641e-01 8.606879e-02 3.027756e-02 -4.448992e-01 6.045850e-01 -1.900149e-01 -2.930586e-01 -1.156145e-02
<VARIANCE> 39
 6.446159e+00 2.418887e+01 2.840401e+01 3.266135e+01 3.175856e+01 2.868406e+01 4.274237e+01 4.376781e+01 2.074676e+01 2.352302e+01 2.396829e+01 2.170405e+01 1.769329e-02 3.424713e-01 1.193791e+00 8.838357e-01 1.765341e+00 1.348404e+00 1.488707e+00 1.681748e+00 2.464951e+00 1.399810e+00 1.592078e+00 1.506474e+00 1.513573e+00 3.337195e-04 1.078536e-01 1.835113e-01 1.618750e-01 3.032077e-01 3.198754e-01 3.147933e-01 2.723705e-01 3.544927e-01 2.590439e-01 2.652490e-01 2.198300e-01 2.658835e-01 7.582041e-05
<GCONST> 7.503297e+01
<MIXTURE> 7 5.001644e-02
<MEAN> 39
 8.124994e-01 -3.608751e+00 -4.617330e+00 -2.693842e+01 -1.691036e+01 8.926689e+00 -8.832641e+00 -6.191419e+00 -4.685636e+00 -4.538714e+00 3.064536e+00 -1.059337e+00 7.278806e-01 -8.608488e-01 1.013758e+00 -2.049330e-01 2.181616e+00 1.622297e+00 -1.357158e+00 9.410222e-01 -3.078543e-01 -6.380122e-01 2.897440e-01 -8.712564e-01 3.580720e-01 -4.827459e-02 -1.007622e+00 2.687736e-01 -1.777153e-01 1.580902e+00 1.265471e+00 -1.050276e+00 4.320659e-01 2.097987e-01 1.022959e-03 2.875741e-01 -3.830110e-01 2.416583e-03 -3.026816e-02
<VARIANCE> 39
 5.128525e+00 2.283229e+01 2.392638e+01 3.703018e+01 3.117120e+01 2.059258e+01 3.831088e+01 4.771211e+01 2.766400e+01 3.967485e+01 3.999836e+01 2.494730e+01 7.725857e-03 1.230465e+00 2.448712e+00 1.596143e+00 4.237702e+00 3.673029e+00 2.599045e+00 2.545880e+00 2.646447e+00 3.079911e+00 2.161709e+00 2.947127e+00 2.766830e+00 9.226202e-04 4.159588e-01 2.883687e-01 3.039275e-01 6.545241e-01 3.788847e-01 3.567038e-01 5.023664e-01 4.712425e-01 4.535305e-01 5.174204e-01 4.641627e-01 4.488439e-01 3.033341e-04
<GCONST> 9.213346e+01
<MIXTURE> 8 6.356002e-02
<MEAN> 39
 -1.405932e+00 -2.910818e+00 -1.375437e+01 -2.875903e+01 -2.125937e+00 -3.871737e+00 -1.051779e+01 -7.400687e+00 -9.739270e+00 4.288848e-01 -4.762384e+00 -1.394925e+00 7.016247e-01 -1.014536e+00 1.483490e+00 6.274314e-01 3.460738e+00 -3.725321e-01 -3.299384e-01 2.992498e-01 -1.045073e+00 -2.240081e-01 -1.111724e+00 3.885246e-01 -3.894922e-01 -6.352828e-02 -1.019200e+00 9.745422e-02 5.732625e-01 1.807666e+00 -7.054419e-02 -1.370630e-02 4.094440e-01 2.058976e-01 5.139520e-01 -3.152528e-01 5.023755e-02 -2.470136e-01 -2.948644e-02
<VARIANCE> 39
 5.388968e+00 2.566764e+01 3.107803e+01 3.175964e+01 2.691851e+01 2.755207e+01 5.395871e+01 4.187817e+01 4.553656e+01 4.881089e+01 3.849715e+01 3.440639e+01 9.836311e-03 1.366776e+00 2.266157e+00 2.115296e+00 5.148967e+00 3.104464e+00 2.978427e+00 3.933386e+00 3.305568e+00 3.597655e+00 4.295017e+00 2.823808e+00 2.219096e+00 1.271825e-03 3.255964e-01 3.621745e-01 3.250879e-01 5.545020e-01 4.179151e-01 4.464034e-01 6.200626e-01 6.496230e-01 5.916205e-01 6.012788e-01 5.660115e-01 4.149660e-01 2.682057e-04
<GCONST> 9.717506e+01
<MIXTURE> 9 5.452362e-02
<MEAN> 39
 -2.209844e+00 4.551753e+00 -1.086931e+01 -2.778648e+01 -1.070945e+01 -2.764878e+00 2.829905e+00 -5.737547e+00 -4.307103e+00 -3.237525e+00 -3.715185e+00 1.565771e+00 5.945681e-01 -5.120341e-02 6.178610e-01 9.459598e-02 3.578124e-01 6.887193e-02 -3.111680e-01 1.714725e-01 4.010399e-01 1.146247e-01 -4.175596e-01 -7.882918e-02 -1.774274e-01 -1.691273e-02 1.024015e-02 -2.663494e-01 3.652966e-02 3.181297e-01 9.936491e-02 1.308431e-01 -1.891805e-01 8.355679e-03 -1.321603e-01 1.222067e-01 1.836407e-01 -1.539442e-01 -2.985757e-03
<VARIANCE> 39
 5.977642e+00 2.071449e+01 2.420120e+01 3.786832e+01 2.981988e+01 3.177009e+01 3.339919e+01 5.834929e+01 4.710574e+01 2.632284e+01 2.264589e+01 2.377524e+01 2.137730e-02 3.263839e-01 4.648044e-01 4.845202e-01 1.036603e+00 7.899424e-01 9.694521e-01 8.565783e-01 1.277267e+00 8.901156e-01 7.954114e-01 9.606499e-01 7.975482e-01 2.696836e-04 6.729955e-02 9.478700e-02 1.042518e-01 1.777139e-01 2.322394e-01 1.567936e-01 1.475182e-01 2.791202e-01 2.385423e-01 1.207504e-01 1.284405e-01 1.969983e-01 7.027909e-05
<GCONST> 6.339690e+01
<MIXTURE> 10 6.367136e-02
<MEAN> 39
 -1.779264e+00 -1.018950e+00 -1.804200e+01 -2.968638e+01 8.198512e-01 -3.715928e+00 -8.317036e+00 -6.672462e+00 -5.763587e+00 -3.203355e+00 -1.359244e+00 -3.126936e+00 7.729239e-01 -1.090031e-01 -1.848407e-02 -1.290005e-01 4.556672e-01 5.869408e-02 -1.567657e-01 -1.266022e-01 -1.606362e-01 3.460196e-02 -2.207559e-01 7.229420e-02 -3.432729e-01 -8.706612e-03 -1.374848e-01 -1.866407e-01 2.255658e-01 5.666170e-01 -2.628467e-01 -2.108659e-01 -1.437199e-01 -6.368387e-02 1.483452e-01 1.280482e-02 -4.182478e-01 -4.218640e-02 -6.881644e-03
<VARIANCE> 39
 6.891967e+00 2.225307e+01 1.850769e+01 3.337479e+01 1.771468e+01 3.735279e+01 4.897291e+01 5.764854e+01 6.780438e+01 3.292583e+01 3.909654e+01 2.962500e+01 1.360609e-02 2.345473e-01 1.146730e+00 5.526420e-01 1.293088e+00 1.242301e+00 1.040805e+00 1.463989e+00 1.875425e+00 1.724817e+00 1.598361e+00 1.327355e+00 9.044834e-01 2.303661e-04 6.009165e-02 1.415045e-01 1.643278e-01 2.592117e-01 1.865810e-01 2.031675e-01 2.449639e-01 4.554507e-01 4.448000e-01 2.863619e-01 1.845788e-01 1.826903e-01 5.679387e-05
<GCONST> 7.186819e+01
<MIXTURE> 11 8.079202e-02
<MEAN> 39
 6.863917e-01 -1.480692e+00 -9.323093e+00 -2.676276e+01 -1.366331e+01 4.125806e+00 -6.899250e+00 1.334950e+00 -8.671588e+00 -4.213521e+00 2.903152e+00 -4.880914e+00 6.787823e-01 -3.990725e-01 6.812959e-01 1.626062e-01 4.790581e-01 5.405118e-01 -6.323280e-01 3.658657e-01 1.526602e-01 -3.244044e-01 6.000573e-02 -4.081269e-01 -3.209430e-01 -2.387720e-02 -3.472881e-01 5.749707e-02 2.489069e-02 6.942884e-01 4.206409e-01 -3.082726e-01 2.988759e-01 -4.991555e-01 1.953803e-01 1.130262e-01 -3.368836e-01 2.941420e-01 -1.254159e-02
<VARIANCE> 39
 5.940308e+00 2.078288e+01 4.626022e+01 4.185317e+01 3.675726e+01 3.470643e+01 5.055083e+01 4.308310e+01 2.762127e+01 3.215989e+01 3.317223e+01 1.938169e+01 1.310384e-02 3.170962e-01 8.386081e-01 1.252898e+00 1.631512e+00 1.487400e+00 1.184166e+00 1.890906e+00 1.968369e+00 1.678104e+00 1.248544e+00 1.709617e+00 1.459076e+00 2.606403e-04 9.772420e-02 1.383917e-01 2.396805e-01 2.421054e-01 2.811616e-01 2.931629e-01 2.829747e-01 2.922208e-01 2.494129e-01 3.046445e-01 2.550180e-01 2.141881e-01 5.962557e-05
<GCONST> 7.514088e+01
<MIXTURE> 12 6.040520e-02
<MEAN> 39
 1.043044e+00 -3.635244e+00 -4.845621e+00 -2.922216e+01 -1.701762e+01 9.203609e+00 -8.235384e+00 -4.653478e+00 -4.624378e+00 -4.579254e+00 2.584110e+00 -6.246857e-01 7.461830e-01 -8.289764e-02 2.809481e-01 8.108789e-02 -5.993815e-01 2.934116e-01 2.955806e-02 -1.018151e-01 3.450368e-01 4.536485e-02 8.216869e-03 -1.851577e-01 -9.960982e-02 1.034858e-03 -1.499623e-01 1.319070e-01 -1.898907e-01 6.265522e-01 4.625477e-01 -4.658399e-01 1.704838e-01 -3.398963e-02 -1.742091e-01 1.412730e-01 -1.223191e-01 3.597920e-02 -9.965222e-03
<VARIANCE> 39
 4.047841e+00 1.785687e+01 1.881745e+01 2.677376e+01 3.259429e+01 2.048714e+01 3.488867e+01 4.072858e+01 2.171987e+01 2.288226e+01 2.364887e+01 2.231833e+01 1.017559e-02 1.569731e-01 6.145729e-01 5.071507e-01 8.529393e-01 7.407568e-01 5.909711e-01 8.513936e-01 9.753401e-01 1.153151e+00 1.239164e+00 7.951354e-01 7.656447e-01 2.106848e-04 4.008843e-02 1.378551e-01 8.917983e-02 2.150930e-01 1.736215e-01 1.357872e-01 1.532898e-01 2.151372e-01 1.459871e-01 2.402506e-01 1.706311e-01 1.667428e-01 4.602174e-05
<GCONST> 5.783194e+01
<MIXTURE> 13 5.235020e-02
<MEAN> 39
 -4.700589e-01 2.810988e+00 -1.318153e+01 -2.308347e+01 -1.177535e+01 -1.705770e+00 2.930793e+00 -1.080878e+01 -2.685320e+00 -4.156512e+00 -1.866761e+00 3.131155e+00 6.770657e-01 -3.550481e-01 2.901067e-01 2.190009e-01 6.618223e-01 7.893945e-01 1.940431e-02 -4.093400e-01 -6.323848e-03 -4.557405e-01 1.747268e-03 8.572314e-02 -1.590770e-01 -2.470048e-02 -6.045082e-01 -4.750515e-01 4.949683e-01 9.518813e-01 6.887822e-01 1.953074e-02 -7.568806e-01 6.218970e-01 -2.372658e-01 4.044114e-01 9.598706e-02 -5.517346e-01 -1.953074e-02
<VARIANCE> 39
 1.148940e+01 2.579694e+01 2.272643e+01 4.880838e+01 5.601349e+01 4.874774e+01 3.956201e+01 6.520501e+01 4.310759e+01 3.222136e+01 3.841455e+01 3.096298e+01 1.184671e-02 5.648208e-01 1.642824e+00 1.458739e+00 2.875358e+00 2.840791e+00 2.019906e+00 2.674349e+00 3.962512e+00 3.116811e+00 2.699441e+00 2.635057e+00 2.102263e+00 8.452368e-04 3.975605e-01 2.766174e-01 2.885861e-01 7.453376e-01 6.544289e-01 6.071737e-01 3.759308e-01 8.012936e-01 7.308843e-01 4.476904e-01 5.609017e-01 4.988666e-01 2.625237e-04
<GCONST> 9.575937e+01
<MIXTURE> 14 4.797630e-02
<MEAN> 39
 -1.006268e+00 -1.624090e+00 -4.623109e+00 -2.780698e+01 -9.278837e+00 5.725110e+00 -1.038796e+01 -2.425323e+00 -1.005771e+01 -5.494644e+00 1.563280e+00 -1.896410e+00 6.197426e-01 -1.165726e+00 1.085362e+00 -3.956439e-01 3.466482e+00 1.655885e+00 -1.041158e+00 1.097761e+00 -8.327962e-01 -2.186659e-01 -7.048720e-01 -4.453121e-01 -4.463180e-01 -6.756695e-02 -6.084431e-01 5.137386e-02 -8.632046e-02 1.320693e+00 3.989604e-01 -4.919851e-01 4.258348e-01 -3.645108e-01 3.920836e-01 3.690238e-01 -3.244877e-01 3.704526e-02 -1.953069e-02
<VARIANCE> 39
 6.944189e+00 1.571910e+01 3.630058e+01 3.666608e+01 2.284990e+01 2.466392e+01 2.711385e+01 5.420764e+01 4.191823e+01 4.421452e+01 2.675118e+01 2.803586e+01 1.486862e-02 8.798792e-01 1.478720e+00 1.550635e+00 3.950443e+00 2.662169e+00 2.150797e+00 2.521130e+00 2.848202e+00 2.778141e+00 3.974673e+00 2.542867e+00 2.819286e+00 1.092797e-03 3.158330e-01 2.503039e-01 2.194157e-01 4.360889e-01 2.406501e-01 3.940148e-01 3.434310e-01 6.197978e-01 6.826140e-01 5.527453e-01 3.789016e-01 4.288721e-01 1.421295e-04
<GCONST> 9.003394e+01
<MIXTURE> 15 6.287098e-02
<MEAN> 39
 -1.175768e+00 -2.259745e+00 -7.794991e+00 -3.484764e+01 -5.596367e+00 1.005522e+00 -8.305217e+00 -3.116603e+00 -8.553226e+00 1.018437e+00 -4.662812e+00 3.320714e+00 7.358712e-01 -1.277936e-01 8.195972e-01 -1.442193e-01 1.273308e+00 5.458531e-02 -4.801383e-01 -9.216667e-02 -2.472178e-01 -6.469826e-01 -6.474955e-01 1.044805e-01 -3.107049e-01 -2.735295e-02 -4.329588e-01 1.034736e-01 -1.205396e-01 1.682637e+00 -5.666238e-02 -2.626214e-01 2.293765e-01 -3.378426e-01 1.816310e-01 -3.567383e-01 2.466479e-01 -5.581823e-01 -1.986092e-02
<VARIANCE> 39
 7.232835e+00 2.929841e+01 4.432604e+01 3.153701e+01 3.577808e+01 3.164205e+01 5.082198e+01 3.442132e+01 3.219474e+01 2.644628e+01 2.524556e+01 1.908212e+01 1.052544e-02 3.522865e-01 8.612128e-01 9.538519e-01 2.311302e+00 2.094362e+00 2.066420e+00 1.943062e+00 2.595886e+00 2.233612e+00 2.313680e+00 1.376751e+00 1.518932e+00 3.004243e-04 1.752439e-01 2.777091e-01 3.348979e-01 5.190027e-01 3.847752e-01 3.241613e-01 4.605538e-01 5.355532e-01 4.789842e-01 3.371099e-01 2.853058e-01 2.627711e-01 1.332129e-04
<GCONST> 8.250468e+01
<MIXTURE> 16 3.867429e-02
<MEAN> 39
 -4.951217e-01 2.183682e+00 -1.525140e+01 -2.980545e+01 -6.515402e+00 -4.236830e+00 -1.047835e+00 -3.674392e+00 -7.924172e+00 -3.016998e+00 -1.640130e+00 -8.084554e-01 7.006572e-01 -6.832787e-02 5.405915e-01 1.262642e-01 2.579290e-01 -1.548834e-01 -3.936678e-01 -1.594464e-02 -6.432059e-02 -2.935244e-01 -1.687677e-01 -8.436882e-02 -2.023728e-01 -1.618509e-02 -5.789227e-02 -1.506403e-01 1.139896e-01 1.990897e-01 7.919088e-02 5.855151e-02 -2.635486e-01 -1.838281e-01 -7.737766e-02 -4.270053e-03 3.485719e-02 -2.859326e-02 -4.117088e-03
<VARIANCE> 39
 5.861553e+00 1.153946e+01 2.085925e+01 4.937624e+01 3.086772e+01 4.972168e+01 8.104299e+01 1.955802e+01 2.774572e+01 2.966426e+01 3.034099e+01 2.480363e+01 1.466241e-02 9.275042e-02 4.701089e-01 3.899946e-01 4.486715e-01 1.106897e+00 8.696760e-01 1.130964e+00 8.197236e-01 9.719530e-01 1.015917e+00 8.930524e-01 8.825190e-01 9.791222e-05 3.975741e-02 5.072815e-02 8.198617e-02 9.841061e-02 1.177021e-01 1.584835e-01 2.052278e-01 9.650572e-02 1.634686e-01 2.120140e-01 1.404898e-01 1.730636e-01 1.525336e-05
<GCONST> 5.507634e+01
<STATE> 4
<NUMMIXES> 16
<MIXTURE> 1 7.981308e-02
<MEAN> 39
 -1.724356e+00 3.705672e+00 -9.210854e+00 -2.200987e+01 -1.129202e+01 1.666561e+00 -9.335573e-02 1.986631e+00 -4.533597e+00 -5.012611e+00 -2.331568e+00 -2.232184e-01 4.750487e-01 -1.325629e+00 1.497547e-01 5.146439e-01 2.698915e+00 1.911165e+00 -2.635181e-01 7.924175e-01 1.933442e-01 -1.247364e-01 5.453540e-01 -4.320739e-01 -3.453799e-01 -6.694413e-02 -3.583814e-01 -4.293661e-01 1.002317e-01 3.716481e-01 4.550571e-01 1.438498e-01 -8.434802e-02 -3.442117e-01 9.299976e-02 2.968764e-01 1.362036e-01 8.159758e-03 -8.858300e-03
<VARIANCE> 39
 6.179812e+00 1.326914e+01 1.855390e+01 3.513708e+01 3.468488e+01 3.254660e+01 2.794127e+01 3.973699e+01 3.496848e+01 3.077101e+01 2.081489e+01 2.876361e+01 1.539410e-02 5.323759e-01 7.948511e-01 1.231908e+00 2.148535e+00 2.136261e+00 1.972089e+00 2.484718e+00 2.987985e+00 2.025772e+00 2.217895e+00 2.449212e+00 2.256248e+00 6.231513e-04 1.141708e-01 1.581260e-01 1.798984e-01 3.322085e-01 3.430193e-01 2.959262e-01 2.842784e-01 2.669409e-01 3.539650e-01 2.972164e-01 3.004143e-01 3.479892e-01 8.256387e-05
<GCONST> 7.958490e+01
<MIXTURE> 2 3.846429e-02
<MEAN> 39
 -2.040663e+00 -5.727129e+00 -1.439808e+01 -2.129988e+01 -4.698912e+00 -2.558041e+00 -2.291921e+00 -1.084981e+01 -1.265890e+00 4.295961e+00 -8.404601e-01 -3.992888e+00 7.125981e-01 -4.206111e-02 -1.462143e+00 -1.420770e-01 9.004934e-01 4.756988e-01 -4.474482e-02 -3.360816e-01 7.005818e-01 1.214636e+00 4.841055e-01 -9.770622e-01 -1.216952e+00 1.490952e-02 6.075206e-02 9.489680e-02 2.147990e-01 4.381467e-02 -2.274399e-01 -2.053571e-02 -2.912224e-02 3.549998e-01 -1.623575e-01 -4.047033e-01 -1.239939e-01 1.409562e-01 1.636605e-03
<VARIANCE> 39
 1.274995e+01 2.096115e+01 3.095935e+01 4.460139e+01 4.496418e+01 5.304483e+01 9.655819e+01 4.464164e+01 4.176402e+01 4.300794e+01 3.760471e+01 2.543923e+01 1.827622e-02 5.269897e-01 1.459773e+00 1.666847e+00 2.009838e+00 2.370688e+00 2.050669e+00 2.028344e+00 2.659783e+00 3.055321e+00 2.278186e+00 2.649785e+00 1.865029e+00 6.711003e-04 7.988568e-02 2.059629e-01 2.239054e-01 3.164068e-01 2.747236e-01 2.302578e-01 2.877312e-01 4.510267e-01 3.324471e-01 3.610840e-01 2.339205e-01 3.357993e-01 1.281108e-04
<GCONST> 8.625774e+01
<MIXTURE> 3 9.864338e-02
<MEAN> 39
 -1.621977e+00 2.191606e+00 -9.053412e+00 -2.368567e+01 -9.732487e+00 1.316207e+00 -3.484631e+00 -5.396523e+00 -6.757490e+00 -3.789953e+00 -1.652031e+00 1.115936e+00 5.743957e-01 -3.486841e+00 6.162568e-01 5.853305e-01 4.730993e+00 2.618982e+00 -1.597106e+00 5.845338e-01 3.658638e-01 7.854651e-02 7.759016e-02 -2.118564e-01 -6.109035e-02 -1.011014e-01 -1.329123e+00 -5.488225e-01 1.851741e-01 9.482929e-01 5.737801e-01 -1.676022e-01 1.839875e-02 3.483002e-01 4.583257e-01 3.317560e-01 1.037804e-01 -2.127462e-01 -1.732864e-02
<VARIANCE> 39
 8.757639e+00 1.019137e+01 2.499274e+01 2.883819e+01 2.964511e+01 2.751184e+01 2.706412e+01 3.383472e+01 3.374290e+01 2.687360e+01 2.479289e+01 2.096240e+01 1.434461e-02 1.994377e+00 3.339267e+00 3.478816e+00 6.395991e+00 4.842721e+00 4.302631e+00 4.406429e+00 3.955409e+00 3.899635e+00 3.608292e+00 3.502247e+00 3.015188e+00 2.698522e-03 1.992159e-01 2.410337e-01 2.315893e-01 4.163083e-01 3.608620e-01 3.616472e-01 3.695092e-01 4.484251e-01 4.901711e-01 3.870747e-01 3.036735e-01 3.217797e-01 4.252365e-04
<GCONST> 9.411088e+01
<MIXTURE> 4 4.340093e-02
<MEAN> 39
 -1.402767e+01 -4.070374e+00 -9.893045e+00 -1.121723e+01 -2.556494e+00 -2.391368e+00 -3.617678e+00 1.066723e+00 1.402197e+00 2.404888e+00 -1.704879e+00 -4.570666e+00 2.542682e-01 -2.541971e+00 -1.037192e+00 9.615578e-01 2.217952e+00 5.796330e-01 -1.329316e+00 2.562156e-01 1.563357e+00 9.056750e-01 -3.033408e-01 -9.953567e-01 -4.688049e-01 -3.125318e-02 6.458632e-01 1.696585e-01 1.051761e-01 -9.511517e-01 -5.325300e-01 1.291384e-01 1.138412e-01 -3.680357e-01 -7.253540e-01 -5.390291e-01 3.329350e-02 4.650731e-01 3.232181e-02
<VARIANCE> 39
 3.404664e+01 2.531454e+01 4.024726e+01 5.071551e+01 6.808217e+01 4.186311e+01 6.224580e+01 4.556206e+01 5.146329e+01 4.445560e+01 3.208169e+01 3.302019e+01 4.902655e-02 6.496715e+00 2.582254e+00 2.654973e+00 5.640235e+00 5.495458e+00 3.634750e+00 4.737687e+00 5.613093e+00 5.676688e+00 5.102771e+00 3.849766e+00 3.483851e+00 5.842800e-03 6.825105e-01 4.193159e-01 4.438329e-01 7.890921e-01 9.625793e-01 8.113354e-01 7.866479e-01 9.555005e-01 7.686526e-01 1.046277e+00 8.506795e-01 6.906008e-01 5.696813e-04
<GCONST> 1.152162e+02
<MIXTURE> 5 5.315372e-02
<MEAN> 39
 -4.695295e+00 1.415851e+00 -1.219611e+01 -1.696358e+01 -3.093984e+00 -5.612927e+00 -1.075247e+01 -1.178665e+01 -8.685840e+00 -1.453222e+00 -2.084164e+00 -3.459782e+00 5.038855e-01 -3.526813e+00 1.271510e+00 2.016076e+00 6.275390e+00 1.302090e-01 -5.872911e-01 1.047235e+00 3.358985e-01 7.755210e-01 -1.053820e+00 -3.550987e-02 -7.046299e-01 -1.205906e-01 -8.578930e-01 -5.538375e-01 2.717332e-01 1.041271e-01 1.014991e-01 3.440037e-01 6.415405e-01 1.039170e+00 5.406688e-01 2.278708e-02 -1.462403e-01 3.257934e-01 -5.958857e-03
<VARIANCE> 39
 1.273638e+01 1.481704e+01 2.174147e+01 4.205176e+01 2.224457e+01 2.488478e+01 2.673518e+01 2.760490e+01 3.109344e+01 4.329191e+01 2.672065e+01 1.934318e+01 1.826407e-02 2.617842e+00 3.601947e+00 2.903923e+00 4.212198e+00 3.920356e+00 3.702424e+00 4.935746e+00 4.433367e+00 3.527395e+00 3.571546e+00 3.596343e+00 2.290098e+00 3.133507e-03 2.301769e-01 2.587638e-01 2.600858e-01 6.480746e-01 4.674544e-01 5.775374e-01 4.129056e-01 5.918195e-01 6.158088e-01 8.031585e-01 3.587140e-01 3.254911e-01 4.202854e-04
<GCONST> 9.754499e+01
<MIXTURE> 6 6.804330e-02
<MEAN> 39
 -1.095046e+01 4.137898e+00 -7.285465e+00 -1.827975e+01 3.930356e-02 -3.952857e+00 -2.944625e+00 -3.826556e+00 -7.385721e+00 -1.411240e+00 -3.250239e-01 1.824444e+00 4.534194e-01 -4.752805e+00 -2.518045e-01 4.276473e-01 3.175683e+00 2.909001e+00 -1.279042e+00 -1.071026e-01 8.723494e-01 1.407485e+00 6.630449e-01 -8.114559e-02 -2.036475e-01 -3.401533e-02 -1.877205e-01 -5.447398e-01 -9.412582e-03 -2.213183e-01 -5.470525e-01 4.122351e-01 -1.984259e-01 2.250768e-01 4.413917e-01 7.423349e-02 -8.134840e-02 -3.363952e-01 1.814903e-02
<VARIANCE> 39
 2.487074e+01 1.512280e+01 1.680106e+01 2.590470e+01 1.600763e+01 2.572969e+01 2.333829e+01 2.452341e+01 2.254681e+01 2.173403e+01 1.606988e+01 1.111941e+01 1.609003e-02 4.085076e+00 2.886478e+00 2.142137e+00 4.099658e+00 3.073101e+00 4.177721e+00 3.812953e+00 3.847147e+00 2.926943e+00 2.665611e+00 2.427178e+00 2.000646e+00 1.207675e-03 5.826043e-01 2.793804e-01 3.410390e-01 4.824564e-01 5.039662e-01 6.049403e-01 4.785780e-01 4.242018e-01 4.831860e-01 4.360348e-01 4.176142e-01 2.908624e-01 1.097673e-04
<GCONST> 9.091270e+01
<MIXTURE> 7 8.575359e-02
<MEAN> 39
 -8.712584e-01 -4.065866e+00 -1.112781e+01 -2.526072e+01 -5.601118e+00 2.953822e+00 -9.671162e+00 -7.994625e+00 -6.792410e+00 9.837253e-01 3.357891e+00 -1.314011e+00 7.272032e-01 -5.353033e-01 -1.875129e+00 -1.759032e-01 1.878459e+00 1.477312e+00 -8.999387e-01 -1.814946e+00 -3.073757e-01 2.061844e+00 2.259869e+00 -3.306592e-01 -1.663838e+00 3.045815e-03 -1.417961e-01 -9.256133e-02 3.268059e-01 5.807129e-01 -4.457281e-01 -6.697479e-01 -1.214926e-02 6.377184e-01 6.482780e-01 -2.446418e-01 -8.104846e-01 -2.760749e-01 -2.476967e-03
<VARIANCE> 39
 6.684729e+00 2.163306e+01 2.512761e+01 5.526614e+01 2.831980e+01 3.826173e+01 5.041419e+01 4.672790e+01 3.736009e+01 4.868502e+01 3.563016e+01 3.170403e+01 9.973794e-03 3.504982e-01 1.090176e+00 1.148421e+00 2.157224e+00 1.706129e+00 2.210766e+00 2.777712e+00 2.752740e+00 3.024193e+00 2.772886e+00 2.591016e+00 1.965224e+00 5.077248e-04 7.868162e-02 2.240171e-01 1.709733e-01 3.151109e-01 3.018028e-01 3.876334e-01 4.059708e-01 4.575689e-01 4.440476e-01 5.075914e-01 3.001911e-01 3.369009e-01 5.881047e-05
<GCONST> 8.373256e+01
<MIXTURE> 8 7.845403e-02
<MEAN> 39
 -6.068926e+00 1.691258e+00 -8.353825e+00 -1.296273e+01 -3.819435e+00 3.449190e+00 4.030210e+00 2.218161e+00 -3.436946e+00 -2.096975e+00 -2.781341e+00 -1.139679e+00 2.706948e-01 -1.599008e+00 -1.010063e+00 4.678932e-01 2.006349e+00 1.646786e+00 2.432776e-01 1.166425e-01 -1.031170e-01 3.325694e-01 4.529289e-01 -2.430627e-01 -1.442162e-01 -6.583411e-02 -6.071895e-02 -3.130780e-01 -2.535798e-01 -4.803037e-01 -4.726177e-01 -1.779944e-01 -3.682961e-01 -1.707789e-01 8.114854e-03 -5.646931e-02 1.895580e-01 9.351165e-02 5.479881e-03
<VARIANCE> 39
 8.013565e+00 1.328167e+01 1.615097e+01 2.241954e+01 2.819661e+01 4.220626e+01 3.407733e+01 4.123430e+01 2.868395e+01 3.894093e+01 2.813876e+01 2.296724e+01 1.603071e-02 1.099242e+00 1.038611e+00 1.664897e+00 2.700341e+00 2.899379e+00 2.360945e+00 2.618009e+00 2.759436e+00 2.208685e+00 2.400292e+00 2.259522e+00 2.272318e+00 9.017384e-04 1.427206e-01 1.606524e-01 2.827474e-01 3.466159e-01 3.571529e-01 4.395772e-01 4.587126e-01 4.585612e-01 3.856197e-01 4.608400e-01 4.434124e-01 4.006728e-01 1.063331e-04
<GCONST> 8.563903e+01
<MIXTURE> 9 5.541528e-02
<MEAN> 39
 -1.932057e-01 2.469489e+00 -1.278791e+01 -2.020804e+01 -1.241835e+01 -3.697393e+00 3.211973e+00 -1.816195e+00 -7.136123e+00 -2.958577e+00 -1.878680e+00 -3.241137e+00 5.418626e-01 -1.019288e+00 -3.355028e-02 7.554999e-01 1.689374e+00 1.239740e+00 -2.049225e-02 -2.431392e-01 -3.115143e-01 3.569315e-01 1.274837e-01 -5.247428e-01 2.542054e-01 -4.381404e-02 -7.298728e-01 -3.653222e-01 3.884019e-01 5.170755e-01 7.304800e-01 3.104720e-01 -4.260267e-01 5.845441e-02 2.535433e-01 4.385715e-02 1.726316e-01 2.488813e-01 -1.476764e-02
<VARIANCE> 39
 1.172638e+01 2.326390e+01 2.965061e+01 3.688676e+01 3.899129e+01 2.286875e+01 4.122723e+01 4.801445e+01 4.413544e+01 3.771163e+01 2.978746e+01 1.945744e+01 1.768249e-02 6.862159e-01 1.445649e+00 1.085383e+00 1.737540e+00 2.961707e+00 1.869960e+00 1.878998e+00 2.176141e+00 2.059527e+00 1.815292e+00 1.587548e+00 1.569070e+00 5.936417e-04 2.297550e-01 2.235744e-01 2.172017e-01 3.388784e-01 3.409375e-01 2.338578e-01 2.813423e-01 3.260127e-01 4.687014e-01 3.553886e-01 2.496947e-01 2.495795e-01 1.293510e-04
<GCONST> 8.294318e+01
<MIXTURE> 10 7.739868e-02
<MEAN> 39
 -8.118906e+00 2.579170e+00 -6.168262e+00 -1.142125e+01 -5.627604e+00 -5.003599e-01 -2.382143e+00 -5.210771e+00 -6.621663e+00 -4.934237e+00 -2.392740e+00 -2.407297e-01 3.398884e-01 -4.097362e+00 -6.447749e-01 9.229620e-01 5.671731e+00 2.598053e+00 -7.870465e-01 6.941075e-01 5.936676e-01 9.948720e-01 6.315459e-01 -1.675775e-01 -3.754384e-01 -1.397207e-01 -9.129629e-02 -6.266728e-01 -1.782228e-01 -8.657103e-01 -1.658739e-01 1.704955e-01 -2.997299e-01 3.578929e-01 3.490691e-01 4.780255e-01 2.135521e-01 -5.168593e-02 1.185931e-02
<VARIANCE> 39
 2.050083e+01 1.212734e+01 2.045416e+01 3.228937e+01 2.140262e+01 2.605254e+01 2.719892e+01 2.678606e+01 2.530936e+01 2.140514e+01 1.659569e+01 1.890386e+01 2.260764e-02 3.149311e+00 2.900922e+00 2.317908e+00 4.071586e+00 3.942413e+00 3.722744e+00 3.706578e+00 3.952779e+00 4.334985e+00 3.371511e+00 3.035331e+00 2.330730e+00 3.180024e-03 3.393102e-01 3.300285e-01 4.554118e-01 6.384513e-01 5.007222e-01 4.862150e-01 5.377450e-01 5.163381e-01 5.496187e-01 5.453809e-01 4.207108e-01 4.343749e-01 3.823933e-04
<GCONST> 9.667764e+01
<MIXTURE> 11 5.938038e-02
<MEAN> 39
 -2.739390e+00 -7.015001e+00 -1.252947e+01 -2.038214e+01 -2.616704e+00 -2.776194e+00 -1.509229e+01 -6.121553e+00 -5.554738e-02 3.064222e+00 -1.472552e+00 -7.173390e+00 7.356219e-01 -7.328399e-01 -1.601895e+00 9.460126e-01 2.763349e+00 -5.459287e-01 -2.389245e+00 -9.445890e-01 2.032859e+00 2.616815e+00 -2.501714e-01 -2.256472e+00 -8.540686e-01 -2.530645e-03 -6.192201e-02 2.168062e-01 6.183731e-01 1.162354e-01 -8.801506e-01 -3.375353e-01 8.490807e-01 5.709468e-01 -6.409948e-01 -1.001436e+00 -1.908662e-01 7.937706e-01 -4.091492e-03
<VARIANCE> 39
 6.065450e+00 2.617875e+01 3.353952e+01 4.506440e+01 3.339107e+01 4.374224e+01 4.529964e+01 5.691428e+01 5.445582e+01 5.205732e+01 5.045121e+01 3.146346e+01 1.487059e-02 4.443025e-01 9.605785e-01 1.194506e+00 1.718482e+00 1.742299e+00 2.294021e+00 2.954719e+00 3.116532e+00 3.086317e+00 3.069641e+00 1.932894e+00 2.772855e+00 4.783874e-04 7.609920e-02 2.262908e-01 1.413611e-01 2.710273e-01 4.502053e-01 2.885649e-01 3.605011e-01 5.215648e-01 5.960075e-01 6.056865e-01 4.722585e-01 2.775432e-01 6.940891e-05
<GCONST> 8.641183e+01
<MIXTURE> 12 6.817865e-02
<MEAN> 39
 -2.250956e+00 -3.900682e+00 -7.453541e+00 -1.578346e+01 -7.557711e+00 2.078116e+00 -8.003951e+00 -9.600600e+00 -1.004848e+01 -6.376615e-02 2.794864e+00 -1.920079e+00 5.615452e-01 -1.478486e+00 4.549149e-01 1.223240e-01 4.702634e+00 2.405472e+00 -1.835487e+00 -4.475334e-01 1.256636e-01 7.811861e-01 5.655749e-01 -1.109407e+00 -1.153310e+00 -9.167521e-02 -3.867703e-01 2.106933e-01 2.668601e-01 1.277778e-01 -3.456360e-02 -3.697379e-01 5.110246e-02 6.732926e-01 7.061273e-01 -2.799796e-01 -5.680812e-01 2.911419e-02 -9.179358e-03
<VARIANCE> 39
 1.413878e+01 2.967416e+01 4.096943e+01 6.054502e+01 6.631734e+01 3.626787e+01 5.792406e+01 4.767444e+01 5.008266e+01 4.915101e+01 4.247042e+01 3.178481e+01 2.178686e-02 2.508295e+00 2.943782e+00 3.337770e+00 6.515412e+00 4.509117e+00 3.867084e+00 5.519100e+00 6.292647e+00 7.297684e+00 5.963935e+00 4.187951e+00 4.831962e+00 2.129689e-03 3.083669e-01 4.621944e-01 4.018941e-01 9.101856e-01 1.078724e+00 6.427120e-01 9.861621e-01 1.008056e+00 8.266373e-01 9.896839e-01 6.877811e-01 7.673837e-01 3.981918e-04
<GCONST> 1.125509e+02
<MIXTURE> 13 3.263560e-02
<MEAN> 39
 -4.993762e+00 -5.629196e-01 -1.307464e+01 -1.465139e+01 -2.773101e+00 -2.159555e+00 -4.611508e+00 -8.004131e+00 -1.165955e+01 -1.198173e+01 -8.761593e+00 -8.964981e+00 3.415931e-01 -2.227192e+00 -6.852033e-01 1.407861e+00 3.094592e+00 1.200706e+00 -4.395030e-01 4.615231e-01 2.591344e-01 4.561641e-01 2.760990e-01 -8.336559e-01 9.371401e-02 -7.988158e-02 -3.542905e-01 -4.983619e-01 -2.280609e-01 -4.242148e-01 4.831544e-02 1.935602e-01 1.893448e-01 7.222810e-01 7.405092e-01 9.811614e-01 7.458347e-01 7.133721e-01 -1.571723e-03
<VARIANCE> 39
 7.578856e+00 1.074717e+01 1.685179e+01 2.870148e+01 3.788648e+01 3.293258e+01 4.941251e+01 3.234208e+01 2.215823e+01 3.465195e+01 2.899035e+01 2.801333e+01 1.772500e-02 1.727254e+00 1.730702e+00 2.349167e+00 4.094721e+00 2.756831e+00 2.176880e+00 3.579682e+00 4.211259e+00 2.598349e+00 4.050625e+00 3.372963e+00 1.830557e+00 1.370452e-03 1.637359e-01 2.060322e-01 3.086042e-01 4.025639e-01 4.317933e-01 3.787692e-01 6.186669e-01 3.214275e-01 3.516693e-01 5.051497e-01 4.712704e-01 3.519327e-01 1.301125e-04
<GCONST> 9.014771e+01
<MIXTURE> 14 5.562377e-02
<MEAN> 39
 -1.069408e+01 -3.002572e+00 -9.660295e+00 -9.899368e+00 -2.939862e-02 1.382695e+00 1.020742e+00 4.534591e-01 -3.892504e+00 -3.280759e+00 -3.776854e+00 -2.650351e+00 1.117758e-01 -2.216481e+00 -1.851442e+00 -5.532169e-01 5.291641e-01 2.473064e-01 -7.894095e-01 -2.504617e-01 2.125662e-01 9.079954e-01 1.106266e+00 1.168341e+00 8.238966e-01 -6.283031e-02 3.215159e-01 1.738122e-01 -3.269197e-01 -8.277158e-01 -8.422676e-01 -1.982903e-01 -1.420338e-01 -7.704937e-02 -1.853927e-01 -1.052075e-01 1.243136e-01 1.280707e-01 1.797305e-02
<VARIANCE> 39
 7.485357e+00 1.432405e+01 2.498260e+01 3.498173e+01 3.546877e+01 3.185251e+01 4.230069e+01 3.659992e+01 2.706058e+01 3.109360e+01 3.329924e+01 2.397402e+01 1.353306e-02 1.165808e+00 1.077244e+00 1.378492e+00 2.896203e+00 2.763255e+00 2.444551e+00 3.053224e+00 2.734599e+00 2.597913e+00 3.121864e+00 2.478378e+00 2.063907e+00 8.625971e-04 1.354040e-01 1.804446e-01 3.930562e-01 4.061160e-01 4.581880e-01 3.572725e-01 4.058665e-01 4.326041e-01 4.691967e-01 4.275577e-01 5.277332e-01 3.550121e-01 1.304514e-04
<GCONST> 8.760731e+01
<MIXTURE> 15 4.671264e-02
<MEAN> 39
 -4.581783e+00 -8.646863e+00 -9.907276e+00 -1.424483e+01 -5.131986e+00 -8.314710e+00 -1.537174e+01 -1.059828e+00 3.472887e+00 -1.232314e+00 -6.999728e+00 -5.411034e+00 6.838673e-01 -7.915035e-01 -1.022054e+00 2.059391e+00 2.524564e+00 -2.214649e+00 -2.599847e+00 1.290837e+00 2.891704e+00 1.166763e-01 -2.338619e+00 -1.453355e+00 1.107515e+00 -9.297949e-03 6.017044e-02 4.740743e-01 4.295060e-01 -5.840033e-01 -5.712647e-01 4.140650e-01 9.500217e-01 -3.410855e-01 -1.494728e+00 -3.246531e-01 8.371245e-01 5.502707e-01 -1.982525e-03
<VARIANCE> 39
 8.899641e+00 2.038110e+01 4.766961e+01 5.169008e+01 3.253418e+01 4.568108e+01 4.858111e+01 4.987390e+01 5.415600e+01 5.398074e+01 5.269206e+01 2.312052e+01 2.110138e-02 3.481424e-01 1.316647e+00 1.222347e+00 2.333529e+00 2.620831e+00 2.473615e+00 2.625803e+00 2.575533e+00 3.140867e+00 2.391679e+00 2.760508e+00 2.594122e+00 1.087621e-03 7.512923e-02 1.328413e-01 2.005151e-01 2.733884e-01 4.334199e-01 3.520247e-01 3.281496e-01 5.327504e-01 5.510330e-01 8.122598e-01 3.413755e-01 3.760973e-01 1.348320e-04
<GCONST> 8.931845e+01
<MIXTURE> 16 5.892536e-02
<MEAN> 39
 -1.024455e+00 2.319185e+00 -1.445054e+01 -2.420134e+01 -9.321756e+00 -5.228548e-01 -4.099353e+00 -5.237312e+00 -7.176507e+00 -5.734774e+00 -3.045795e+00 -2.029373e+00 5.491965e-01 -1.559163e-01 6.415489e-01 6.404809e-01 1.525799e+00 -6.004575e-01 -9.418634e-01 1.290091e-01 -8.541390e-02 -7.554579e-01 -4.219271e-01 -7.093992e-01 -6.750943e-01 -2.977566e-02 -1.833213e-01 -3.790875e-01 2.785604e-01 3.001868e-01 1.647617e-01 1.829270e-02 -1.456880e-01 -4.937111e-02 2.039817e-01 1.380308e-01 -9.087283e-02 1.714848e-02 -5.565200e-04
<VARIANCE> 39
 9.978713e+00 1.915666e+01 4.017577e+01 2.994163e+01 5.546498e+01 3.953164e+01 5.090728e+01 3.502290e+01 4.734121e+01 2.319453e+01 3.276865e+01 3.293691e+01 2.545235e-02 9.382614e-01 1.167491e+00 1.798735e+00 2.847792e+00 1.820305e+00 2.193851e+00 2.154939e+00 2.631427e+00 2.540785e+00 2.091015e+00 1.932963e+00 1.424041e+00 9.119323e-04 1.901356e-01 1.950334e-01 2.487571e-01 3.197106e-01 3.959445e-01 3.624063e-01 2.964505e-01 3.281926e-01 3.670911e-01 2.701912e-01 3.406939e-01 2.290744e-01 1.131035e-04
<GCONST> 8.599737e+01
<TRANSP> 5
 0.000000e+00 1.000000e+00 0.000000e+00 0.000000e+00 0.000000e+00
 0.000000e+00 6.923875e-01 3.076125e-01 0.000000e+00 0.000000e+00
 0.000000e+00 0.000000e+00 7.792837e-01 2.207163e-01 0.000000e+00
 0.000000e+00 0.000000e+00 0.000000e+00 7.124050e-01 2.875949e-01
 0.000000e+00 0.000000e+00 0.000000e+00 0.000000e+00 0.000000e+00
<ENDHMM>
