~o
<STREAMINFO> 1 39
<VECSIZE> 39<NULLD><MFCC_E_D_A><DIAGC>
~h "er"
<BEGINHMM>
<NUMSTATES> 5
<STATE> 2
<NUMMIXES> 16
<MIXTURE> 1 5.000927e-02
<MEAN> 39
 5.401310e+00 -1.207631e+01 -1.813787e+01 -4.724840e+00 -4.939373e+00 -7.860149e+00 -1.974930e+01 -3.761954e+00 5.921388e+00 -1.906227e+00 -1.957161e+00 2.678092e+00 7.740782e-01 3.777833e-01 -6.824368e-01 -4.761604e-01 3.340792e-01 -1.554954e-01 -1.042697e-01 -9.730708e-01 1.463306e-01 1.006901e+00 3.176292e-01 -1.499614e-01 -2.128272e-01 2.001378e-02 -8.301575e-01 2.956370e-01 6.912930e-01 7.865092e-02 4.820028e-02 1.110384e-02 7.851490e-01 2.276531e-01 -4.742443e-01 -7.259309e-03 2.986718e-02 -2.669129e-01 -1.778353e-02
<VARIANCE> 39
 5.720644e+00 2.112737e+01 3.045441e+01 2.310586e+01 2.887822e+01 5.349659e+01 4.971375e+01 4.231272e+01 4.082661e+01 2.821119e+01 2.133124e+01 2.235244e+01 1.191975e-02 4.615178e-01 7.443056e-01 9.132668e-01 9.329473e-01 1.348053e+00 1.294184e+00 1.473980e+00 1.527535e+00 1.309368e+00 1.195458e+00 8.679678e-01 9.468057e-01 2.340742e-04 2.241133e-01 1.828258e-01 2.253792e-01 1.662530e-01 2.091571e-01 3.482946e-01 4.668973e-01 2.930471e-01 2.831559e-01 2.879581e-01 1.972013e-01 2.355535e-01 9.363442e-05
<GCONST> 7.290064e+01
<MIXTURE> 2 5.797456e-02
<MEAN> 39
 2.433808e+00 -7.313254e+00 -1.725467e+01 -7.637965e+00 -1.370502e+00 -6.593245e+00 -1.607410e+01 -4.240887e+00 1.402657e+00 -1.616426e+00 -4.543287e-01 8.006397e-01 6.759679e-01 4.532493e+00 -7.462751e-01 -3.042661e+00 -9.932922e-01 3.975194e-01 -7.316710e-01 -4.623395e+00 -2.053702e-01 1.373212e+00 -6.894444e-01 3.701125e-01 6.271214e-01 1.019696e-01 -1.151581e+00 -2.090799e-01 5.059138e-01 2.587022e-01 -1.124096e-01 4.947475e-02 3.563457e-01 3.660768e-01 4.508740e-02 1.460547e-02 -6.686566e-02 -1.214033e-01 -2.262136e-02
<VARIANCE> 39
 1.122471e+01 1.267088e+01 1.984768e+01 1.857490e+01 1.801600e+01 2.325330e+01 3.686396e+01 2.614913e+01 2.985137e+01 1.990171e+01 1.764871e+01 1.834774e+01 1.082916e-02 2.504984e+00 2.792520e+00 3.023979e+00 2.685393e+00 3.325744e+00 4.114332e+00 5.537288e+00 5.611607e+00 3.951991e+00 3.538998e+00 2.979356e+00 2.535916e+00 1.667894e-03 4.506257e-01 2.537826e-01 2.606158e-01 2.666982e-01 2.779990e-01 2.898669e-01 5.678546e-01 3.720058e-01 3.794155e-01 3.709123e-01 2.758385e-01 2.655678e-01 2.810266e-04
<GCONST> 8.979151e+01
<MIXTURE> 3 7.495181e-02
<MEAN> 39
 2.525916e+00 -1.576337e+01 -9.566588e+00 -1.531683e+00 -1.404266e+01 -9.658695e+00 -1.538977e+01 4.500616e-01 3.654735e+00 -1.269755e+00 -2.897571e+00 7.070495e-01 7.516057e-01 6.775123e-01 3.920275e-02 -1.430887e+00 7.351665e-01 1.029461e+00 -5.601439e-01 -1.212487e+00 8.111771e-01 7.190784e-01 -7.978178e-01 -3.473276e-01 1.049901e+00 2.889002e-03 -4.845106e-01 6.534997e-01 1.507952e-01 -3.348862e-01 6.360530e-01 7.002071e-02 2.666623e-01 -3.008914e-01 -2.372175e-01 -1.509770e-02 -3.907274e-02 -2.028080e-01 -1.127925e-02
<VARIANCE> 39
 7.531337e+00 1.801901e+01 3.576839e+01 3.151023e+01 2.606217e+01 3.903677e+01 5.349669e+01 5.032854e+01 3.604086e+01 2.996841e+01 2.725172e+01 2.652804e+01 1.533735e-02 5.015810e-01 8.304003e-01 1.668688e+00 1.922473e+00 2.106662e+00 2.395835e+00 2.714392e+00 2.836390e+00 2.250355e+00 2.091534e+00 1.806877e+00 1.712806e+00 4.118313e-04 1.475892e-01 1.400587e-01 1.890216e-01 2.578450e-01 2.601051e-01 3.294352e-01 3.950210e-01 4.194892e-01 3.430168e-01 3.014404e-01 2.648745e-01 2.790643e-01 6.141004e-05
<GCONST> 8.093568e+01
<MIXTURE> 4 6.437517e-02
<MEAN> 39
 -9.711688e-01 -1.619433e+01 -7.227802e+00 -1.230215e+01 -1.123843e+01 -1.499301e+01 -1.104336e+01 5.002892e+00 -7.273870e+00 1.639080e+00 -5.563535e+00 -3.396918e+00 7.823291e-01 1.091031e+00 -1.572141e+00 -4.703950e-01 4.345078e-01 2.489961e-01 -9.843803e-01 -2.496034e-01 2.272732e+00 -4.770032e-01 2.504055e-01 1.304400e-01 3.371036e-01 2.302809e-02 -9.684637e-01 9.816194e-01 -3.328869e-04 5.083089e-01 5.788723e-01 4.726458e-01 4.063829e-01 -5.199035e-01 2.789048e-01 -5.357247e-01 2.353608e-01 2.139767e-01 -2.298850e-02
<VARIANCE> 39
 1.185480e+01 2.403181e+01 6.115466e+01 3.836185e+01 4.432591e+01 5.824387e+01 5.080869e+01 6.308329e+01 6.004015e+01 4.100180e+01 3.686422e+01 3.418404e+01 1.252662e-02 1.128729e+00 1.605252e+00 2.297173e+00 2.484015e+00 3.142017e+00 3.227341e+00 3.016027e+00 3.429949e+00 2.587794e+00 3.190002e+00 2.466470e+00 2.118711e+00 5.474272e-04 3.620272e-01 3.454931e-01 6.249712e-01 5.682852e-01 6.882799e-01 7.106950e-01 6.331938e-01 8.266602e-01 6.824864e-01 5.338085e-01 5.701824e-01 4.838665e-01 1.382516e-04
<GCONST> 9.916901e+01
<MIXTURE> 5 5.954425e-02
<MEAN> 39
 2.673823e+00 -1.601273e+01 -9.297043e+00 -8.155770e+00 -4.246312e+00 -1.264213e+01 -2.577728e+01 9.147953e+00 1.254927e+00 -5.607923e+00 1.773510e+00 -1.390310e-01 7.952842e-01 8.571258e-01 -8.317898e-01 -6.706387e-01 -5.811843e-01 6.959791e-01 1.575550e-01 -2.288949e+00 1.164917e+00 8.278186e-01 -1.399080e-01 2.144130e-01 -1.128639e-02 2.340077e-02 -1.007438e+00 7.132839e-01 2.498413e-01 3.733040e-01 -7.544631e-02 3.533731e-01 1.496630e+00 -8.056628e-01 -2.206120e-01 3.410186e-01 -4.010618e-01 -1.056072e-01 -2.341413e-02
<VARIANCE> 39
 6.147147e+00 1.771513e+01 4.848462e+01 2.223644e+01 3.025223e+01 4.694012e+01 4.402773e+01 3.393136e+01 3.367910e+01 2.865990e+01 2.403597e+01 1.833885e+01 1.083587e-02 9.795306e-01 1.253737e+00 2.196877e+00 1.332232e+00 2.675161e+00 1.436269e+00 3.354702e+00 2.437733e+00 1.713524e+00 1.772581e+00 1.774089e+00 1.271575e+00 4.778772e-04 3.438871e-01 1.994191e-01 3.108758e-01 2.838532e-01 3.248526e-01 3.805751e-01 5.515540e-01 4.456235e-01 3.932470e-01 3.636864e-01 3.175869e-01 2.522369e-01 1.198876e-04
<GCONST> 8.326010e+01
<MIXTURE> 6 7.453063e-02
<MEAN> 39
 2.181556e+00 -1.109685e+01 -1.412856e+01 -4.770017e+00 -2.206746e+00 -1.647045e+01 -1.884958e+01 3.299224e+00 4.935878e+00 -4.164642e+00 -3.606533e+00 2.983975e+00 7.465270e-01 6.947543e-01 4.592101e-01 -1.885944e+00 -5.628692e-01 1.797467e+00 6.283359e-01 -1.642610e+00 -5.213766e-01 1.039334e+00 7.468011e-01 -4.678328e-01 -2.021026e-01 4.355026e-03 -2.565965e-01 9.568483e-02 4.644776e-01 -1.053759e-01 -4.285020e-01 4.467519e-01 4.531433e-01 -2.803012e-01 -5.266279e-01 1.534658e-01 3.152230e-01 -3.113357e-01 -5.154813e-03
<VARIANCE> 39
 8.311451e+00 2.085092e+01 3.268235e+01 3.861771e+01 3.618621e+01 6.379596e+01 7.623213e+01 7.139419e+01 4.792414e+01 4.197759e+01 3.331083e+01 2.905844e+01 1.601781e-02 3.296180e-01 6.947801e-01 1.360346e+00 9.998763e-01 1.682054e+00 1.718468e+00 2.109774e+00 2.334541e+00 2.088701e+00 2.370600e+00 1.780118e+00 1.537246e+00 3.164304e-04 9.365515e-02 1.458030e-01 1.916110e-01 2.344562e-01 2.236637e-01 3.211325e-01 3.643286e-01 3.751962e-01 3.522387e-01 3.391073e-01 2.481717e-01 2.506151e-01 5.759127e-05
<GCONST> 8.002008e+01
<MIXTURE> 7 3.838992e-02
<MEAN> 39
 3.895549e+00 -1.083234e+01 -1.753801e+01 -1.098728e+01 3.293880e+00 -1.181858e+01 -2.365333e+01 6.274235e+00 -2.473743e+00 -2.976942e-01 -4.663554e-01 -8.111973e-01 7.468922e-01 2.408454e+00 -1.183250e+00 -1.556820e+00 -1.430090e+00 1.361619e+00 -1.071472e+00 -4.136199e+00 2.095772e+00 2.008681e-01 1.132398e-01 3.409244e-01 1.020507e-01 6.215901e-02 -1.458432e+00 1.078545e-01 8.702464e-01 5.445785e-01 -5.318551e-01 3.982380e-01 1.319922e+00 -3.977082e-01 1.950015e-01 -5.494967e-02 -1.008756e-01 -7.638673e-02 -2.863635e-02
<VARIANCE> 39
 6.331985e+00 1.428531e+01 3.956213e+01 2.637177e+01 2.569437e+01 4.538768e+01 5.483547e+01 2.621577e+01 2.346653e+01 2.416645e+01 2.501117e+01 2.100986e+01 1.055432e-02 2.562279e+00 1.515357e+00 2.479417e+00 2.255752e+00 2.982790e+00 2.997884e+00 5.326188e+00 3.271486e+00 2.057499e+00 2.542850e+00 2.122179e+00 1.640183e+00 1.307048e-03 3.732165e-01 2.438192e-01 3.499805e-01 3.166735e-01 2.757739e-01 3.335174e-01 7.307800e-01 4.034292e-01 3.183835e-01 3.114007e-01 2.958225e-01 2.765158e-01 2.186273e-04
<GCONST> 8.845966e+01
<MIXTURE> 8 4.525214e-02
<MEAN> 39
 -2.985059e+00 -1.136842e+01 -7.927851e+00 -1.161915e+01 -1.285451e+01 -1.648660e+01 -9.219900e+00 -1.846421e+00 -9.241203e+00 -4.176882e+00 -6.842449e+00 -4.432504e+00 6.757314e-01 4.399748e+00 -2.229815e+00 -1.808261e+00 -8.267260e-01 -9.133550e-01 -3.450697e+00 -1.751628e+00 1.668261e+00 -1.682469e+00 1.027458e-01 -5.445439e-01 -6.120166e-01 8.038673e-02 -1.173122e+00 9.887394e-02 -6.433149e-02 2.947251e-01 9.180495e-01 7.181701e-01 5.509133e-01 6.881349e-01 5.991479e-01 4.027608e-01 5.401064e-01 4.424862e-01 -1.299457e-02
<VARIANCE> 39
 1.413998e+01 1.971562e+01 5.112968e+01 2.814647e+01 3.751260e+01 3.852338e+01 3.712441e+01 2.856811e+01 4.236154e+01 3.031210e+01 2.464153e+01 1.952191e+01 1.381649e-02 2.535189e+00 3.748899e+00 4.504862e+00 3.250001e+00 4.808501e+00 6.393006e+00 4.676274e+00 5.033372e+00 3.709283e+00 3.306211e+00 3.471156e+00 2.688553e+00 1.805979e-03 3.635247e-01 3.779036e-01 4.457008e-01 4.307775e-01 5.798114e-01 6.086839e-01 4.804448e-01 4.831784e-01 5.552193e-01 4.864077e-01 3.893864e-01 3.278427e-01 2.644450e-04
<GCONST> 1.000744e+02
<MIXTURE> 9 5.757155e-02
<MEAN> 39
 6.991107e-01 -1.578878e+01 -5.628382e+00 -3.493388e+00 -1.452052e+01 -8.506305e+00 -2.090504e+01 2.475523e-01 4.515354e+00 -7.695459e+00 2.268014e+00 -5.439183e-01 7.706627e-01 1.787395e+00 -1.473928e+00 -9.676524e-01 5.895575e-01 -5.711800e-01 1.089127e-01 -2.123571e+00 5.831925e-01 1.356014e+00 -1.153130e+00 5.318038e-01 6.310971e-01 2.808245e-02 -1.202198e+00 8.543458e-01 -9.202809e-03 -1.571686e-01 8.677835e-01 5.867437e-02 1.279074e+00 -1.573932e-01 -5.361454e-01 5.466673e-01 -4.286842e-01 -5.331923e-02 -2.198886e-02
<VARIANCE> 39
 9.229019e+00 1.644528e+01 5.360501e+01 3.450369e+01 3.052677e+01 3.523436e+01 4.835473e+01 4.892037e+01 5.316164e+01 4.702385e+01 3.691433e+01 3.860096e+01 1.040997e-02 1.878845e+00 2.068146e+00 3.210597e+00 2.283523e+00 4.204088e+00 2.469914e+00 5.111508e+00 3.990721e+00 3.767934e+00 3.069741e+00 2.624836e+00 2.007159e+00 8.090668e-04 5.463301e-01 3.361913e-01 5.772080e-01 3.413609e-01 5.568583e-01 5.720258e-01 8.098887e-01 7.789799e-01 6.556389e-01 6.367809e-01 5.863503e-01 6.159633e-01 1.840017e-04
<GCONST> 9.977193e+01
<MIXTURE> 10 1.151911e-01
<MEAN> 39
 8.131098e-01 -1.554229e+01 -8.467784e+00 -4.214100e+00 -1.053375e+01 -1.250632e+01 -1.940499e+01 8.547386e+00 2.204198e+00 -8.194770e+00 2.374489e+00 -1.287256e+00 7.875412e-01 4.230409e-01 1.893824e-01 -1.128959e+00 3.264793e-01 1.025325e+00 -2.583822e-01 -1.032838e+00 3.486932e-01 7.619128e-01 -3.004994e-01 -3.111329e-01 3.836829e-01 -1.322367e-03 -1.355861e-01 2.279985e-01 1.839849e-01 -8.962887e-02 -1.848871e-02 1.286756e-01 3.425447e-01 -4.955189e-01 -1.886980e-01 3.094756e-01 -2.511109e-01 -3.746575e-02 -5.215502e-03
<VARIANCE> 39
 7.146701e+00 2.155541e+01 4.994805e+01 3.168639e+01 3.839833e+01 4.810123e+01 8.462664e+01 5.306638e+01 4.421247e+01 3.641711e+01 3.583855e+01 3.195079e+01 1.546566e-02 2.288756e-01 4.518562e-01 1.071185e+00 7.739767e-01 1.429160e+00 1.226676e+00 1.759301e+00 1.657545e+00 1.531693e+00 1.370038e+00 1.231085e+00 9.722027e-01 1.848233e-04 5.557599e-02 8.936965e-02 1.459552e-01 1.350338e-01 1.823214e-01 1.797822e-01 2.793027e-01 2.327738e-01 2.074835e-01 2.045334e-01 1.825866e-01 1.771047e-01 3.289118e-05
<GCONST> 6.947428e+01
<MIXTURE> 11 4.008016e-02
<MEAN> 39
 5.370524e+00 -7.885668e+00 -2.230304e+01 -8.897483e+00 4.370579e-02 -5.405949e+00 -2.218542e+01 -6.484548e+00 6.020628e+00 -3.672231e+00 1.266795e+00 1.358028e+00 7.642975e-01 1.246005e+00 -6.832558e-01 -1.433375e+00 -2.809867e-02 4.113956e-01 -2.576645e-01 -2.808696e+00 1.132364e-02 1.928068e+00 -1.865148e-01 1.323099e-01 -2.072699e-02 3.538384e-02 -1.450013e+00 -5.874762e-02 1.323363e+00 5.211482e-01 -3.438061e-01 -1.569137e-01 1.310336e+00 5.674834e-01 -5.737395e-01 1.877677e-01 -2.603221e-01 -2.476301e-01 -2.886356e-02
<VARIANCE> 39
 5.887547e+00 1.706972e+01 2.988242e+01 3.283044e+01 3.038958e+01 4.469287e+01 6.442843e+01 6.091237e+01 5.223361e+01 4.100764e+01 3.597812e+01 3.278693e+01 1.045024e-02 1.454847e+00 1.330468e+00 2.566081e+00 2.090774e+00 2.114433e+00 3.183040e+00 3.684366e+00 3.976850e+00 2.959176e+00 3.130821e+00 2.120244e+00 2.050057e+00 5.762405e-04 3.953463e-01 2.950802e-01 3.205876e-01 3.319875e-01 4.453511e-01 4.901292e-01 9.496803e-01 6.630274e-01 5.993015e-01 6.847246e-01 4.835639e-01 4.311554e-01 1.919848e-04
<GCONST> 9.462437e+01
<MIXTURE> 12 6.275254e-02
<MEAN> 39
 -1.662458e+00 -1.486584e+01 -7.610313e+00 -1.045606e+01 -1.118446e+01 -2.135947e+01 -4.416965e+00 7.711668e+00 -1.180858e+01 -1.353913e-01 -2.377701e+00 -3.656146e+00 7.805539e-01 8.933606e-01 -2.721905e-01 -1.894545e+00 1.092712e+00 1.844721e+00 -1.680772e+00 -1.013952e+00 2.230891e+00 2.484182e-01 -8.170289e-01 2.893166e-01 5.982636e-01 3.637799e-03 -2.048160e-01 4.211318e-01 7.020175e-02 -1.507434e-01 1.774757e-01 6.115230e-01 -4.071342e-01 -6.636244e-01 4.806840e-01 -5.458861e-02 -3.563741e-01 1.920390e-01 -7.158441e-03
<VARIANCE> 39
 7.952871e+00 1.900525e+01 4.294022e+01 2.942680e+01 5.030544e+01 7.166617e+01 6.913983e+01 4.908880e+01 5.682477e+01 4.509216e+01 3.331645e+01 2.361065e+01 1.315407e-02 3.323928e-01 6.858453e-01 1.544808e+00 1.378538e+00 1.899059e+00 2.172858e+00 2.631195e+00 2.234915e+00 2.911246e+00 1.983394e+00 1.671140e+00 1.658831e+00 2.943659e-04 1.142375e-01 1.575494e-01 2.554214e-01 2.324263e-01 3.119996e-01 4.809387e-01 3.516721e-01 4.628401e-01 3.890987e-01 4.103600e-01 3.044771e-01 2.690967e-01 6.835796e-05
<GCONST> 8.297025e+01
<MIXTURE> 13 7.179251e-02
<MEAN> 39
 3.709193e+00 -1.024074e+01 -2.065876e+01 -1.034129e+01 -2.885200e+00 -8.096807e+00 -1.602450e+01 1.742823e+00 -3.638052e+00 -1.641526e+00 3.677764e+00 -9.972065e-01 7.949961e-01 1.139777e-01 -5.961975e-01 -4.155204e-01 1.087902e+00 1.051343e+00 -1.215553e+00 -2.029764e+00 8.082709e-01 1.953933e+00 4.372374e-01 -1.205279e+00 -4.725913e-01 3.811506e-03 -1.847899e-01 1.314302e-01 5.343578e-01 2.932041e-02 -3.707519e-01 2.501462e-02 3.090771e-01 -1.217183e-01 -1.888364e-02 -2.056342e-01 -3.426298e-01 -1.526835e-02 -6.430188e-03
<VARIANCE> 39
 7.721354e+00 2.186136e+01 3.059232e+01 4.593471e+01 5.440218e+01 5.305704e+01 7.487392e+01 5.970929e+01 7.425730e+01 6.095340e+01 5.784011e+01 4.303537e+01 1.271182e-02 2.589845e-01 7.452516e-01 1.244496e+00 1.585948e+00 1.832654e+00 2.107845e+00 2.705961e+00 2.590608e+00 2.321962e+00 3.012690e+00 2.538618e+00 2.527097e+00 3.384807e-04 5.259697e-02 1.275311e-01 1.562821e-01 2.355617e-01 2.852150e-01 3.485329e-01 4.280182e-01 4.291683e-01 3.961959e-01 4.361761e-01 4.345935e-01 3.790441e-01 5.071933e-05
<GCONST> 8.468803e+01
<MIXTURE> 14 8.566431e-02
<MEAN> 39
 -1.413264e+00 -1.046483e+01 -6.872016e+00 -1.363293e+00 -7.267526e+00 -1.424935e+01 -1.438472e+01 4.750018e-01 7.947180e-01 -4.140069e+00 -2.233623e+00 6.271863e-01 6.284192e-01 4.132535e+00 -8.801892e-01 -1.979729e+00 2.359133e-01 3.847695e-01 -1.418875e+00 -3.932181e+00 3.490462e-01 1.139815e+00 -9.266558e-01 -1.380324e-01 8.803124e-01 5.758369e-02 -1.004332e+00 -7.790636e-02 -2.931924e-02 -4.534757e-01 1.170754e-01 7.356530e-01 3.864679e-01 4.304735e-02 -4.278781e-03 2.021095e-01 7.550613e-02 -4.537913e-02 -6.754292e-03
<VARIANCE> 39
 1.530311e+01 1.353235e+01 3.314957e+01 1.794379e+01 3.366172e+01 3.198392e+01 3.603049e+01 3.210935e+01 2.552365e+01 2.765473e+01 1.703168e+01 1.495265e+01 1.626652e-02 3.946471e+00 2.569263e+00 3.889185e+00 2.769211e+00 4.501967e+00 4.079266e+00 6.190541e+00 4.652710e+00 3.903738e+00 3.248581e+00 2.632010e+00 1.964807e+00 1.401648e-03 5.638369e-01 3.502533e-01 4.541535e-01 2.974370e-01 5.157180e-01 5.080110e-01 7.821271e-01 4.684806e-01 3.888718e-01 4.517277e-01 3.380648e-01 2.899449e-01 2.252230e-04
<GCONST> 9.556413e+01
<MIXTURE> 15 4.957141e-02
<MEAN> 39
 1.448947e+00 -1.341797e+01 -1.583728e+01 -9.026933e+00 -4.049867e+00 -2.387090e+01 -1.270213e+01 6.419456e+00 -9.346088e+00 -3.113459e+00 -5.797768e+00 -3.029702e+00 7.348129e-01 2.324286e+00 -1.574753e+00 -1.761803e+00 -8.436131e-01 8.838344e-01 -2.874520e+00 -1.567984e+00 2.652274e+00 -6.686347e-01 5.645932e-01 -1.130961e-01 4.142709e-01 6.148786e-02 -1.508413e+00 3.383263e-01 9.247631e-01 3.566685e-01 -6.002381e-02 1.472771e+00 8.760722e-01 -4.258876e-01 5.940839e-01 2.094798e-01 2.778611e-01 2.309826e-01 -3.011296e-02
<VARIANCE> 39
 6.340727e+00 1.766619e+01 5.719474e+01 2.005864e+01 4.119358e+01 4.203135e+01 5.509148e+01 4.006982e+01 3.596347e+01 3.414584e+01 3.536032e+01 2.746323e+01 1.167792e-02 2.267694e+00 1.917097e+00 3.415210e+00 2.027008e+00 4.305777e+00 4.116685e+00 5.016306e+00 3.451973e+00 3.847234e+00 2.872530e+00 2.386279e+00 2.142638e+00 1.415147e-03 3.295363e-01 3.926548e-01 5.487618e-01 2.906123e-01 4.983049e-01 5.891083e-01 5.995955e-01 7.334605e-01 5.339513e-01 4.834256e-01 4.505333e-01 3.893888e-01 2.510497e-04
<GCONST> 9.743105e+01
<MIXTURE> 16 5.232734e-02
<MEAN> 39
 -3.361561e+00 -1.604805e+01 -5.052148e+00 -1.559631e+01 -1.287886e+01 -1.468232e+01 -4.746971e+00 4.517737e+00 -8.132485e+00 -1.790136e-01 -8.520777e+00 -3.027459e+00 7.859660e-01 6.215300e-01 -5.557745e-01 -5.326615e-01 1.289874e+00 1.297013e-02 -1.162431e+00 6.561970e-01 1.130496e+00 -1.190108e+00 -2.637818e-01 1.196373e+00 -7.055261e-01 -1.677154e-03 -8.104783e-02 5.260364e-01 -2.566121e-01 2.896505e-01 3.229613e-01 -6.541442e-02 -2.836606e-01 -2.418399e-01 1.207915e-01 -2.942219e-01 1.752991e-01 1.166331e-01 -8.359662e-03
<VARIANCE> 39
 7.705167e+00 2.829835e+01 3.523662e+01 2.811116e+01 4.253954e+01 4.061874e+01 5.372093e+01 4.611927e+01 5.209455e+01 4.475372e+01 2.708871e+01 2.878739e+01 1.453082e-02 3.133562e-01 7.323555e-01 1.301876e+00 1.523307e+00 1.735689e+00 2.328480e+00 1.633364e+00 2.110963e+00 1.879532e+00 2.052659e+00 1.562739e+00 1.567190e+00 2.222889e-04 1.142791e-01 1.626559e-01 1.762299e-01 2.791970e-01 2.559868e-01 3.137204e-01 3.208894e-01 3.558443e-01 3.158215e-01 3.459350e-01 2.995243e-01 2.522624e-01 6.560073e-05
<GCONST> 7.897552e+01
<STATE> 3
<NUMMIXES> 16
<MIXTURE> 1 7.349828e-02
<MEAN> 39
 4.490224e+00 -1.013820e+01 -2.109726e+01 -4.947101e+00 -1.780465e+00 -1.067599e+01 -1.811005e+01 -2.457301e+00 6.861661e+00 -1.659088e+00 -3.514971e+00 1.718210e+00 7.739997e-01 1.209126e-01 3.717146e-01 -4.347685e-01 -1.580132e-01 4.382759e-01 1.800318e-01 -1.842940e-01 -3.358830e-01 4.649182e-03 3.378165e-01 -1.407849e-02 -1.089601e-01 -4.855449e-03 -1.199632e-01 -1.055604e-01 3.903384e-01 5.381697e-03 -2.454843e-01 -3.458876e-02 2.070633e-01 2.419157e-01 -3.346614e-01 -8.297492e-02 1.062068e-01 -4.040612e-02 -2.368752e-03
<VARIANCE> 39
 6.927217e+00 1.761445e+01 2.899633e+01 3.668582e+01 4.177177e+01 6.584508e+01 6.521345e+01 7.084960e+01 5.830528e+01 4.621454e+01 3.801735e+01 2.788294e+01 1.198510e-02 1.285785e-01 4.167575e-01 6.907793e-01 6.417921e-01 8.998610e-01 1.045432e+00 1.288415e+00 1.224922e+00 1.152994e+00 9.822959e-01 8.505282e-01 7.885762e-01 1.211676e-04 2.494737e-02 7.651352e-02 9.564771e-02 1.195448e-01 1.610327e-01 1.841333e-01 2.064496e-01 2.021073e-01 2.430682e-01 1.982247e-01 1.572404e-01 1.429467e-01 2.777469e-05
<GCONST> 6.286500e+01
<MIXTURE> 2 4.777927e-02
<MEAN> 39
 3.675418e+00 -1.166001e+01 -1.621788e+01 -6.964503e+00 -4.017327e-01 -1.173929e+01 -2.390885e+01 3.119496e+00 3.330859e+00 -1.935360e+00 -1.386277e+00 -8.386614e-01 7.555592e-01 4.495744e-01 1.221993e+00 -1.170425e+00 -6.890849e-01 1.076440e+00 1.468916e+00 2.061878e-02 -1.703959e+00 -6.599374e-01 5.277367e-01 4.238804e-01 1.378055e-01 -1.680406e-02 -5.417452e-01 4.008090e-01 6.776763e-01 4.558970e-02 -5.235411e-01 3.253777e-01 1.297219e+00 -3.458971e-01 -6.942443e-01 -2.477364e-01 7.874376e-02 1.260357e-01 -1.518886e-02
<VARIANCE> 39
 6.973498e+00 2.073482e+01 3.901759e+01 3.498883e+01 3.830850e+01 5.450776e+01 5.768588e+01 7.068129e+01 5.278559e+01 3.044243e+01 3.200210e+01 2.452110e+01 1.484042e-02 4.137993e-01 6.627579e-01 1.326178e+00 1.271286e+00 1.706285e+00 2.107675e+00 2.318363e+00 2.617656e+00 2.277968e+00 1.870766e+00 1.778571e+00 1.435191e+00 3.460161e-04 2.035087e-01 1.857839e-01 2.715372e-01 3.235734e-01 4.348807e-01 4.227854e-01 4.434324e-01 5.568211e-01 4.714023e-01 4.102723e-01 3.074579e-01 2.767018e-01 1.110686e-04
<GCONST> 8.438169e+01
<MIXTURE> 3 4.889927e-02
<MEAN> 39
 4.545088e+00 -1.049442e+01 -1.988680e+01 -6.363337e+00 1.623607e-01 -1.053880e+01 -2.393155e+01 -6.040328e-01 5.985334e+00 -7.841916e-01 -1.847289e+00 6.245849e-02 7.762361e-01 -4.727501e-01 -9.184913e-01 1.355666e+00 1.156632e+00 -1.215867e+00 -1.409102e+00 1.422587e-01 1.781685e+00 4.812892e-01 -1.085603e+00 -3.299914e-01 2.933259e-01 2.728373e-04 -2.147144e-01 -1.674055e-01 6.793251e-01 1.502982e-02 -6.559598e-01 -4.310162e-02 6.616235e-01 3.310276e-01 -4.703273e-01 -3.799810e-01 2.016752e-01 1.089894e-01 -2.334373e-03
<VARIANCE> 39
 6.441155e+00 2.017691e+01 3.269106e+01 3.610406e+01 4.724381e+01 5.489343e+01 6.748050e+01 7.976736e+01 4.993094e+01 3.627009e+01 2.892539e+01 3.021898e+01 1.531848e-02 1.596573e-01 5.853087e-01 9.526067e-01 1.093211e+00 1.295661e+00 1.708691e+00 1.966539e+00 1.919871e+00 1.780882e+00 1.445783e+00 1.201061e+00 1.097407e+00 2.363402e-04 3.754545e-02 7.515554e-02 1.234297e-01 1.673351e-01 1.939531e-01 2.535876e-01 3.211406e-01 3.464910e-01 2.781765e-01 2.168570e-01 2.094189e-01 2.085915e-01 2.669682e-05
<GCONST> 7.140296e+01
<MIXTURE> 4 4.742331e-02
<MEAN> 39
 1.496095e+00 -1.506919e+01 -1.463105e+01 -8.817587e+00 -2.275682e+00 -2.247859e+01 -1.253126e+01 1.257610e+01 -6.886656e+00 -8.655602e-01 -5.164017e+00 -1.102770e+00 7.971953e-01 4.398023e-01 4.775487e-01 -1.221415e+00 2.776732e-01 1.180620e+00 -3.252966e-02 -1.043962e+00 -4.057702e-02 7.761610e-01 -1.376230e-01 -3.077380e-01 2.033512e-01 -6.186781e-03 -1.864219e-01 1.581643e-01 3.779860e-01 -1.110438e-01 -4.114985e-01 4.409664e-01 1.992219e-01 -6.065813e-01 -4.154675e-02 -2.660553e-02 9.590697e-02 -1.313913e-01 -5.024502e-03
<VARIANCE> 39
 5.134985e+00 1.488797e+01 4.781503e+01 2.561277e+01 4.194971e+01 5.838536e+01 8.156333e+01 4.111211e+01 4.202513e+01 2.941449e+01 3.265162e+01 2.256319e+01 1.104454e-02 1.963109e-01 4.181952e-01 8.991798e-01 7.045832e-01 1.200026e+00 1.721592e+00 1.690821e+00 1.555807e+00 1.416362e+00 1.356591e+00 1.383376e+00 1.084314e+00 2.009281e-04 4.905690e-02 7.846814e-02 1.460182e-01 1.535030e-01 2.036228e-01 2.564443e-01 2.622370e-01 2.659330e-01 2.436979e-01 2.596918e-01 2.397908e-01 2.069148e-01 2.962062e-05
<GCONST> 6.838032e+01
<MIXTURE> 5 5.236186e-02
<MEAN> 39
 4.419007e+00 -1.437807e+01 -1.708992e+01 -6.209675e+00 -4.970913e+00 -7.822718e+00 -2.319342e+01 4.286041e-01 9.692455e+00 -4.602177e+00 1.577355e+00 -1.659498e-01 8.558319e-01 3.441821e-03 1.057860e-01 -2.591759e-02 2.140880e-01 2.243204e-01 -2.071223e-01 -3.538584e-01 7.005851e-02 1.950537e-01 2.200545e-02 -1.880174e-01 -1.071694e-01 -4.299024e-03 -1.471624e-02 1.279395e-03 1.299512e-01 7.565683e-03 -7.867216e-02 -1.253473e-02 7.298507e-02 9.670009e-03 -1.879715e-01 -9.169752e-03 1.060631e-02 3.582729e-02 -1.729851e-03
<VARIANCE> 39
 4.798543e+00 1.755995e+01 3.115220e+01 3.159995e+01 5.558523e+01 4.625347e+01 6.243823e+01 7.912018e+01 4.811385e+01 2.468525e+01 2.964701e+01 2.298941e+01 6.670058e-03 8.911517e-02 1.920483e-01 3.905242e-01 2.795504e-01 3.989639e-01 5.265593e-01 7.191090e-01 5.856966e-01 6.496834e-01 5.589196e-01 4.713004e-01 4.295677e-01 6.211661e-05 1.140672e-02 2.615756e-02 4.194467e-02 3.831340e-02 5.281108e-02 6.185381e-02 7.552287e-02 9.781375e-02 7.984712e-02 8.447099e-02 6.884933e-02 5.780740e-02 7.441694e-06
<GCONST> 3.943361e+01
<MIXTURE> 6 6.760406e-02
<MEAN> 39
 1.876808e+00 -1.240864e+01 -1.193185e+01 -4.223772e-01 -8.304261e+00 -1.442128e+01 -1.674248e+01 4.237043e+00 4.356392e+00 -5.788198e+00 -3.365693e+00 1.716712e+00 6.586459e-01 -2.891407e-01 4.447168e-01 4.227133e-01 3.406726e-01 -6.093066e-02 4.458502e-04 4.173029e-01 -2.245972e-01 -2.602470e-01 -7.624716e-02 -3.428719e-01 6.289494e-02 -1.874658e-02 -2.128051e-01 1.010923e-01 3.520576e-01 -1.189136e-01 -8.986739e-02 2.463205e-01 2.735096e-01 -2.111949e-01 -2.195316e-01 1.083390e-01 3.538221e-02 -1.825566e-01 -4.848280e-03
<VARIANCE> 39
 7.261985e+00 1.845184e+01 4.241872e+01 2.026027e+01 3.775526e+01 3.074060e+01 6.590860e+01 4.279096e+01 4.051566e+01 3.687936e+01 2.671739e+01 2.680477e+01 1.931204e-02 1.647740e-01 5.743489e-01 1.133433e+00 7.309794e-01 1.508245e+00 1.009236e+00 1.236318e+00 1.351773e+00 1.114527e+00 1.254442e+00 9.744207e-01 8.289527e-01 1.731471e-04 5.608371e-02 1.106260e-01 1.420689e-01 1.360743e-01 1.795312e-01 1.436776e-01 2.241686e-01 2.227739e-01 1.681423e-01 1.801107e-01 1.676911e-01 1.564319e-01 4.043790e-05
<GCONST> 6.518023e+01
<MIXTURE> 7 6.817770e-02
<MEAN> 39
 1.893835e+00 -1.531600e+01 -6.586933e+00 -1.516923e+00 -1.126270e+01 -1.125505e+01 -2.295821e+01 4.531825e+00 2.651544e+00 -7.128308e+00 -1.750095e+00 2.163378e+00 7.385188e-01 -5.877563e-01 8.311378e-01 7.710989e-01 9.905228e-01 1.667736e-01 -4.109409e-01 1.673847e+00 -9.380196e-01 -4.930037e-01 -1.785187e-01 -9.371985e-01 1.699246e-01 -3.448647e-02 -1.044467e+00 9.491280e-01 2.656681e-01 -1.523859e-01 5.692831e-01 2.464180e-01 1.497723e+00 -6.296454e-01 -4.964738e-01 4.704995e-01 -9.452884e-02 -4.660740e-01 -2.622688e-02
<VARIANCE> 39
 6.969032e+00 1.580500e+01 4.145494e+01 3.047026e+01 3.639334e+01 3.839652e+01 6.991080e+01 4.740636e+01 3.594368e+01 4.197328e+01 3.039213e+01 2.124940e+01 1.215717e-02 8.519033e-01 1.284148e+00 3.317429e+00 2.236902e+00 3.687998e+00 2.608338e+00 4.420594e+00 3.553680e+00 2.762761e+00 3.148157e+00 2.786157e+00 2.113638e+00 6.373068e-04 4.838010e-01 3.039909e-01 3.953202e-01 4.691906e-01 4.545434e-01 5.425259e-01 8.106897e-01 5.404825e-01 5.738858e-01 5.473309e-01 4.822518e-01 3.581912e-01 2.332880e-04
<GCONST> 9.483434e+01
<MIXTURE> 8 6.455947e-02
<MEAN> 39
 -8.684992e-01 -1.674868e+01 -9.789447e+00 -1.073829e+01 -9.093214e+00 -2.181199e+01 -7.416115e+00 1.107511e+01 -1.203904e+01 -1.503124e+00 -4.412961e+00 -3.605266e+00 7.936923e-01 -3.030861e-01 2.818253e-01 1.014237e+00 -1.880177e-01 -9.867271e-01 5.984322e-01 -3.941364e-02 -8.635516e-01 -1.024606e-01 -2.449023e-01 2.059346e-01 1.004689e-02 -1.366353e-02 -2.176015e-01 4.898044e-01 2.340150e-01 7.500910e-02 -1.393842e-01 5.509418e-01 -2.439188e-02 -9.472775e-01 2.790255e-01 -1.271142e-01 -1.629125e-01 5.407872e-02 -1.122741e-02
<VARIANCE> 39
 5.683113e+00 2.240964e+01 5.057700e+01 2.477695e+01 5.543795e+01 6.756417e+01 6.687155e+01 4.948680e+01 3.311333e+01 4.457556e+01 2.774272e+01 2.402495e+01 1.370124e-02 2.568658e-01 6.433044e-01 1.608621e+00 1.122192e+00 2.061539e+00 2.534827e+00 2.266717e+00 2.226489e+00 1.889782e+00 2.066369e+00 1.603937e+00 1.663796e+00 2.721306e-04 9.129366e-02 1.385895e-01 2.147458e-01 2.589060e-01 3.073091e-01 3.803554e-01 3.541751e-01 4.072514e-01 2.832391e-01 3.451522e-01 2.826659e-01 2.343693e-01 5.399470e-05
<GCONST> 7.948804e+01
<MIXTURE> 9 7.385389e-02
<MEAN> 39
 1.285540e+00 -1.442421e+01 -1.411985e+01 -6.121637e+00 -4.769950e+00 -1.902804e+01 -1.353158e+01 9.184543e+00 -2.656561e+00 -3.538364e+00 -3.599964e+00 -8.901250e-01 7.794487e-01 -8.789036e-02 4.638100e-02 3.126807e-01 1.255019e-01 -1.585626e-01 -2.792280e-01 1.352805e-02 9.877677e-02 -9.744161e-02 -2.212648e-01 -3.658869e-02 1.498002e-01 -6.187343e-03 -3.307230e-02 4.474386e-03 1.784363e-01 -5.623395e-02 -2.038537e-01 1.320178e-01 7.191086e-02 -1.657258e-01 -1.103416e-01 2.127418e-02 5.386915e-02 -5.644759e-02 -1.583937e-03
<VARIANCE> 39
 6.285194e+00 2.107061e+01 6.284912e+01 2.785849e+01 6.223087e+01 7.326178e+01 7.272400e+01 5.292408e+01 5.432643e+01 4.587453e+01 3.071831e+01 2.843121e+01 1.235672e-02 9.698658e-02 2.311493e-01 5.583864e-01 3.634809e-01 6.996612e-01 6.401289e-01 8.058231e-01 6.846455e-01 7.288061e-01 5.455701e-01 5.013804e-01 4.637792e-01 7.067588e-05 1.754667e-02 3.016865e-02 7.121845e-02 5.971007e-02 9.005473e-02 9.128242e-02 1.187875e-01 1.157893e-01 1.072835e-01 1.061099e-01 8.875571e-02 8.274889e-02 7.803335e-06
<GCONST> 4.894031e+01
<MIXTURE> 10 7.904303e-02
<MEAN> 39
 4.500332e+00 -1.043843e+01 -2.066296e+01 -1.199034e+01 4.362393e+00 -8.662548e+00 -2.778797e+01 4.942986e+00 2.180944e+00 2.576765e-01 1.548018e+00 -3.554552e+00 8.113897e-01 -5.679267e-02 6.575243e-03 1.448852e-01 3.202060e-01 8.283379e-02 -1.359259e-01 -3.478349e-01 -2.127695e-02 1.778965e-01 1.162274e-01 -2.419950e-01 -2.141620e-01 -4.741651e-03 -1.105950e-01 -3.150613e-02 2.938055e-01 2.804090e-01 -3.304321e-01 -1.480974e-01 4.206520e-01 3.642934e-02 -5.289982e-02 -2.766399e-01 -1.285230e-01 2.546880e-01 -4.781857e-03
<VARIANCE> 39
 6.117474e+00 2.148678e+01 2.808113e+01 2.579768e+01 2.407022e+01 5.488738e+01 5.845024e+01 5.668671e+01 3.193237e+01 3.800367e+01 2.595136e+01 2.348274e+01 1.135645e-02 1.696996e-01 3.976441e-01 6.976728e-01 7.670680e-01 8.977156e-01 1.011860e+00 1.491831e+00 1.274679e+00 9.865210e-01 1.013265e+00 7.411753e-01 7.831731e-01 1.938854e-04 3.713242e-02 9.291568e-02 1.245939e-01 1.347621e-01 1.565600e-01 1.711257e-01 2.402613e-01 2.469212e-01 1.620082e-01 1.628206e-01 1.280120e-01 1.110107e-01 3.371253e-05
<GCONST> 6.121462e+01
<MIXTURE> 11 7.194493e-02
<MEAN> 39
 -8.744338e-01 -1.737949e+01 -1.090840e+01 -1.021422e+01 -9.970119e+00 -1.903667e+01 -3.977201e+00 9.992262e+00 -1.210798e+01 -2.239044e+00 -5.958861e+00 -4.301961e+00 7.827707e-01 1.326505e-01 1.242546e-01 -3.022632e-01 3.737234e-01 2.230620e-01 -4.195833e-01 -1.802635e-01 2.974852e-01 -3.073913e-02 -2.962518e-01 1.654955e-01 2.044939e-01 -6.270218e-03 -6.864373e-02 1.496022e-01 1.600081e-01 -1.084565e-01 -1.188216e-01 1.612872e-01 -1.444442e-01 -3.122205e-01 1.094188e-01 3.675277e-02 -7.847675e-02 4.179715e-02 -2.999862e-03
<VARIANCE> 39
 5.576488e+00 2.195889e+01 3.436527e+01 2.248657e+01 4.386758e+01 6.565965e+01 3.935264e+01 4.248626e+01 3.292167e+01 3.364505e+01 2.099154e+01 1.795008e+01 1.866717e-02 1.918817e-01 2.941510e-01 9.034839e-01 6.819434e-01 1.070858e+00 1.379097e+00 1.020904e+00 1.142958e+00 8.851342e-01 9.083304e-01 8.268012e-01 6.685541e-01 1.261565e-04 2.379940e-02 4.317079e-02 8.767336e-02 8.693678e-02 1.259044e-01 1.469348e-01 1.407234e-01 1.362264e-01 1.304451e-01 1.410110e-01 1.316963e-01 1.151268e-01 1.347115e-05
<GCONST> 5.577795e+01
<MIXTURE> 12 5.958088e-02
<MEAN> 39
 3.288449e+00 -1.282699e+01 -1.561760e+01 -1.994565e+00 -7.076185e+00 -9.270092e+00 -2.225893e+01 -1.250183e+00 1.036849e+01 -6.964499e+00 -4.955035e-01 6.771192e-01 7.859674e-01 -3.428890e-01 3.333376e-02 9.845614e-01 7.200487e-01 -3.156408e-01 -5.748239e-01 3.463356e-01 2.072242e-01 -2.675707e-01 -2.296190e-01 -7.232957e-01 -1.421604e-02 -1.719804e-02 -3.596005e-01 3.336944e-01 4.608237e-01 -1.075570e-01 1.162899e-01 -1.862479e-02 8.175464e-01 -1.288094e-02 -8.587765e-01 2.686185e-01 -8.874802e-02 -5.896835e-02 -1.268125e-02
<VARIANCE> 39
 6.887009e+00 1.799403e+01 3.371668e+01 3.074631e+01 3.494606e+01 5.040210e+01 7.174947e+01 5.524154e+01 3.607203e+01 4.139458e+01 3.596872e+01 3.298501e+01 1.177412e-02 2.090500e-01 7.127398e-01 1.226243e+00 1.209001e+00 1.999880e+00 1.606480e+00 2.362078e+00 2.258708e+00 2.375846e+00 1.830458e+00 1.876898e+00 1.401083e+00 3.430919e-04 9.376554e-02 1.287452e-01 1.950175e-01 2.265607e-01 2.381280e-01 2.815164e-01 4.369704e-01 3.486519e-01 3.201267e-01 3.279739e-01 3.198550e-01 2.713177e-01 5.217266e-05
<GCONST> 7.825607e+01
<MIXTURE> 13 6.091727e-02
<MEAN> 39
 1.803431e+00 -1.412157e+01 -1.723153e+01 -8.805356e+00 1.124696e+00 -2.433732e+01 -1.407831e+01 1.130288e+01 -5.041408e+00 1.081952e-01 -6.387216e+00 -3.130024e-01 7.911592e-01 -3.391770e-01 -2.166722e-01 1.041482e+00 2.973465e-01 -8.215847e-01 -3.685745e-01 4.604129e-01 5.866194e-01 -4.755067e-01 -5.464922e-01 1.706665e-01 2.909076e-01 -7.642123e-03 -2.083644e-01 1.113364e-01 4.916383e-01 1.587489e-02 -5.925353e-01 4.806142e-01 3.633938e-01 -5.159088e-01 -2.222621e-01 -1.973559e-01 2.730044e-01 -1.510602e-01 -7.027525e-03
<VARIANCE> 39
 4.290554e+00 1.644952e+01 4.493591e+01 2.357239e+01 3.398361e+01 5.428937e+01 8.646537e+01 3.965790e+01 3.354520e+01 3.418512e+01 3.159718e+01 2.813240e+01 1.295090e-02 1.994171e-01 5.324156e-01 1.015542e+00 9.125684e-01 1.487153e+00 1.827233e+00 1.864334e+00 1.753207e+00 1.829980e+00 1.271586e+00 1.322559e+00 1.299861e+00 2.557416e-04 5.517639e-02 1.100730e-01 1.504362e-01 1.740096e-01 2.178010e-01 2.570836e-01 3.205486e-01 2.935384e-01 2.830792e-01 2.619269e-01 2.121182e-01 2.285930e-01 4.787828e-05
<GCONST> 7.146021e+01
<MIXTURE> 14 6.937110e-02
<MEAN> 39
 -8.966009e-02 -1.450943e+01 -1.031579e+01 -8.969119e+00 -7.303602e+00 -2.358874e+01 -1.105184e+01 8.312176e+00 -1.027377e+01 -2.161597e+00 -5.345195e+00 -1.465873e+00 7.331138e-01 -5.246403e-01 1.290648e+00 7.414880e-01 9.470916e-01 -2.948737e-01 8.395247e-01 1.143216e-01 -1.447288e+00 3.712963e-01 -7.148079e-01 3.385920e-01 1.475830e-01 -4.042897e-02 -1.088696e+00 9.503099e-01 5.635260e-01 3.720557e-01 6.471396e-02 1.504466e+00 5.719393e-01 -1.086012e+00 4.885003e-01 -8.329146e-02 4.731725e-02 -1.631540e-01 -3.233479e-02
<VARIANCE> 39
 8.542668e+00 2.141827e+01 6.954172e+01 2.589277e+01 6.152423e+01 5.332172e+01 6.196919e+01 5.321331e+01 4.585367e+01 3.917101e+01 3.335004e+01 3.092368e+01 1.288527e-02 1.205479e+00 2.015086e+00 3.693937e+00 2.150277e+00 4.492253e+00 4.053557e+00 3.533036e+00 4.501287e+00 3.166097e+00 3.419803e+00 2.126233e+00 2.079109e+00 1.091322e-03 4.612453e-01 4.007753e-01 5.794196e-01 4.456834e-01 8.097465e-01 7.497314e-01 7.206604e-01 7.111935e-01 6.476713e-01 5.916820e-01 5.233827e-01 5.068011e-01 2.672366e-04
<GCONST> 1.016126e+02
<MIXTURE> 15 5.298039e-02
<MEAN> 39
 3.717900e+00 -1.071902e+01 -1.709391e+01 -9.063922e+00 2.174024e+00 -1.066565e+01 -2.734349e+01 5.017377e+00 1.416265e+00 -1.726975e+00 3.212347e-02 -1.715233e+00 7.481959e-01 -5.552752e-01 7.810383e-03 1.214823e+00 1.169167e+00 -4.026108e-01 -7.702169e-01 4.932132e-01 2.587670e-01 2.324589e-01 -5.818380e-01 -8.393270e-01 1.540616e-01 -2.318620e-02 -9.911952e-01 3.964218e-01 8.952140e-01 4.810064e-01 -5.984550e-01 2.853341e-01 1.842423e+00 -5.374535e-01 -3.975543e-01 -7.488623e-02 -1.590747e-01 1.011845e-01 -2.615703e-02
<VARIANCE> 39
 6.944130e+00 1.986731e+01 3.920612e+01 3.638596e+01 3.417101e+01 5.697053e+01 7.660166e+01 6.310461e+01 3.968846e+01 3.776784e+01 3.295718e+01 2.375438e+01 1.242194e-02 5.747465e-01 1.354119e+00 2.180683e+00 1.987897e+00 2.663955e+00 2.662470e+00 4.300072e+00 4.179281e+00 2.573375e+00 2.625082e+00 2.277928e+00 1.756196e+00 7.114531e-04 4.865674e-01 2.809789e-01 4.917944e-01 4.290915e-01 3.804661e-01 5.844905e-01 7.497692e-01 7.186003e-01 5.641158e-01 5.016769e-01 4.631042e-01 3.650529e-01 2.332065e-04
<GCONST> 9.455330e+01
<MIXTURE> 16 6.197656e-02
<MEAN> 39
 3.692338e+00 -1.652664e+01 -1.132257e+01 -4.276040e+00 -7.247925e+00 -1.060041e+01 -2.534252e+01 5.453724e+00 7.324146e+00 -5.906080e+00 -2.140560e-01 1.487563e+00 8.208660e-01 6.762881e-03 1.063406e-01 -2.074153e-02 2.053816e-01 8.234885e-02 -6.728132e-02 -8.709607e-02 -1.556917e-01 1.643691e-01 1.064842e-02 -1.994261e-01 4.259363e-03 -4.647201e-03 -1.164009e-01 1.075322e-01 2.208814e-01 5.968195e-02 -1.563450e-01 -5.382293e-02 4.135423e-01 -1.336267e-01 -3.333290e-01 6.607003e-02 7.594292e-03 -5.435560e-02 -4.311396e-03
<VARIANCE> 39
 4.435543e+00 1.415209e+01 2.818463e+01 2.634822e+01 3.251445e+01 3.321978e+01 5.590184e+01 4.884811e+01 3.343459e+01 3.223699e+01 2.367403e+01 1.990660e+01 8.253315e-03 1.295922e-01 3.155538e-01 1.041537e+00 5.187173e-01 1.074574e+00 8.604484e-01 1.400087e+00 1.089712e+00 9.144774e-01 6.926925e-01 8.084090e-01 6.650273e-01 1.146087e-04 2.183137e-02 5.518622e-02 9.475381e-02 8.950835e-02 1.317665e-01 1.228992e-01 1.462438e-01 1.273476e-01 1.100821e-01 1.072277e-01 1.138426e-01 1.072586e-01 1.698205e-05
<GCONST> 5.261951e+01
<STATE> 4
<NUMMIXES> 16
<MIXTURE> 1 5.848091e-02
<MEAN> 39
 4.703247e+00 -8.008997e+00 -1.931163e+01 -8.785756e+00 -6.340430e-02 -6.409488e+00 -1.978720e+01 -4.395846e+00 4.959623e-01 -2.482063e+00 5.887980e-01 8.701444e-01 7.209013e-01 -4.169776e-01 1.696655e+00 6.563919e-01 -4.892587e-01 -2.120278e-01 1.288588e+00 2.483278e+00 -1.159670e+00 -2.196912e+00 -7.909725e-01 1.740508e-01 6.706712e-01 -4.485028e-02 -5.151130e-01 1.890046e-01 8.158153e-01 2.950569e-01 -4.506801e-01 -1.708467e-01 7.436997e-01 3.903467e-01 -2.830127e-01 -3.134450e-01 -2.704402e-01 -1.241348e-01 -1.362989e-02
<VARIANCE> 39
 6.784188e+00 1.758528e+01 2.953377e+01 2.742978e+01 2.910025e+01 4.880071e+01 5.990640e+01 5.622546e+01 5.514251e+01 4.028440e+01 3.137133e+01 2.804440e+01 1.203226e-02 8.450987e-01 1.276652e+00 2.696434e+00 2.151313e+00 2.566472e+00 2.777802e+00 4.419929e+00 3.852308e+00 3.582591e+00 2.776395e+00 2.155913e+00 1.896503e+00 1.044985e-03 1.479882e-01 2.218375e-01 2.908679e-01 2.578933e-01 3.783840e-01 3.264884e-01 5.937691e-01 3.819808e-01 4.399090e-01 3.836383e-01 3.219492e-01 2.989030e-01 2.158237e-04
<GCONST> 8.993404e+01
<MIXTURE> 2 8.633257e-02
<MEAN> 39
 2.467628e+00 -1.391435e+01 -1.357218e+01 -4.268589e+00 -5.942595e+00 -1.527011e+01 -1.948707e+01 7.672990e+00 2.506800e+00 -5.988246e+00 -4.884035e-01 1.341948e+00 7.777759e-01 -9.012044e-01 -6.114263e-01 2.576616e+00 7.813722e-02 -2.628439e+00 -9.794121e-02 2.567059e+00 6.906646e-01 -1.724063e+00 -4.951285e-01 7.229452e-01 -4.929006e-02 -5.352035e-03 -1.995195e-01 2.487768e-01 4.279512e-01 -5.523393e-01 -1.872099e-01 6.398237e-01 4.834848e-01 -7.566456e-01 -4.565765e-01 4.635178e-01 7.527477e-02 -3.604961e-01 -3.343017e-03
<VARIANCE> 39
 7.831871e+00 2.267899e+01 5.523029e+01 4.415102e+01 4.744169e+01 6.164918e+01 8.337791e+01 6.889187e+01 5.750869e+01 3.722055e+01 3.344702e+01 3.001161e+01 1.324227e-02 3.399709e-01 7.842830e-01 2.018903e+00 1.665973e+00 1.691318e+00 2.578194e+00 2.651896e+00 3.798087e+00 2.631642e+00 2.597584e+00 2.030452e+00 2.037699e+00 2.972871e-04 5.654464e-02 1.159232e-01 1.849862e-01 2.217987e-01 2.700314e-01 2.583704e-01 4.230805e-01 4.087643e-01 3.552757e-01 3.054391e-01 3.085747e-01 2.628262e-01 3.227892e-05
<GCONST> 8.273134e+01
<MIXTURE> 3 4.885742e-02
<MEAN> 39
 -3.535792e+00 -8.789088e+00 -3.099774e+00 1.809412e-01 -9.020780e+00 -1.422052e+01 -1.182753e+01 -2.636185e-01 3.137417e-01 -3.938200e+00 -3.442722e+00 1.054043e+00 5.542444e-01 -4.821630e+00 1.497489e+00 3.205420e+00 -1.105078e+00 -3.733945e-01 1.779478e+00 3.931437e+00 -8.866718e-01 -9.445986e-01 9.824573e-01 4.245597e-01 -7.396601e-01 -4.368164e-02 -1.199586e+00 6.314115e-02 -8.470747e-02 -7.663688e-01 3.961953e-01 9.285583e-01 -8.211189e-02 1.618165e-01 1.415292e-01 1.381145e-01 1.706366e-01 -8.501688e-02 7.749610e-03
<VARIANCE> 39
 1.476935e+01 1.072793e+01 2.250381e+01 2.017818e+01 2.105629e+01 2.009418e+01 2.628426e+01 3.082137e+01 2.218611e+01 2.118460e+01 1.382753e+01 1.486846e+01 1.756975e-02 3.618404e+00 3.352532e+00 3.265304e+00 3.315651e+00 3.439999e+00 3.667389e+00 5.873576e+00 4.109904e+00 2.833465e+00 3.012035e+00 2.617740e+00 1.883233e+00 6.579485e-04 3.889794e-01 2.858130e-01 4.220490e-01 3.922513e-01 4.957024e-01 3.878899e-01 5.509400e-01 6.147046e-01 3.489252e-01 4.069912e-01 3.316556e-01 2.989028e-01 1.177262e-04
<GCONST> 9.001537e+01
<MIXTURE> 4 5.744627e-02
<MEAN> 39
 -1.844995e+01 -6.711053e+00 4.672835e+00 -4.817513e+00 -1.083267e+01 -6.417931e+00 -3.276492e+00 -2.108177e+00 -1.906379e+00 -1.662310e+00 -2.358519e+00 -9.368951e-01 5.034446e-01 -5.688046e+00 1.410346e+00 1.502904e+00 -2.572412e+00 9.513511e-01 3.709732e+00 1.811952e+00 -5.843680e-01 3.051712e-01 8.925839e-01 1.716638e-01 -2.893122e-01 1.239366e-03 5.985600e-01 -9.326166e-03 -1.191334e+00 -2.928948e-01 8.539883e-01 -2.679301e-01 -1.141773e+00 5.888920e-01 2.796231e-01 -2.331988e-01 3.169816e-02 2.178117e-01 1.674315e-02
<VARIANCE> 39
 4.654087e+01 1.633974e+01 1.549328e+01 2.654049e+01 1.846524e+01 3.111287e+01 3.337790e+01 2.822655e+01 2.423639e+01 1.820173e+01 1.583017e+01 1.231630e+01 1.617330e-02 4.184987e+00 2.579393e+00 3.469416e+00 2.601709e+00 4.215665e+00 2.886358e+00 5.076740e+00 3.204257e+00 2.846150e+00 2.593174e+00 1.986654e+00 1.692840e+00 1.283498e-03 7.870744e-01 3.878107e-01 4.944418e-01 4.969026e-01 5.096446e-01 8.361962e-01 8.943030e-01 7.519045e-01 5.508361e-01 5.318866e-01 4.722064e-01 3.122702e-01 1.460066e-04
<GCONST> 9.537657e+01
<MIXTURE> 5 1.043488e-01
<MEAN> 39
 -5.682917e-01 -7.762638e+00 -1.392712e+01 -1.650415e+00 -2.627720e+00 -1.321699e+01 -1.183478e+01 4.673004e+00 1.635151e+00 -4.475173e+00 -6.341748e+00 -1.423146e+00 4.655134e-01 -1.001669e+00 5.290245e-01 7.329506e-01 9.847880e-01 6.763337e-01 1.072424e+00 1.347777e+00 -7.534354e-02 -2.103168e-01 -5.573540e-01 -4.439263e-01 2.985731e-02 -4.846052e-02 -2.951723e-01 -3.283696e-01 2.159501e-01 -2.368194e-02 -8.517497e-03 2.567365e-01 2.522893e-01 -1.567459e-02 -1.099519e-01 6.696414e-03 1.948432e-01 4.821890e-02 -2.525756e-03
<VARIANCE> 39
 7.992038e+00 1.444791e+01 3.562713e+01 2.872178e+01 5.225534e+01 5.163538e+01 6.417785e+01 4.858998e+01 7.918722e+01 5.103086e+01 3.321472e+01 2.735554e+01 1.827447e-02 6.894367e-01 1.398549e+00 1.890531e+00 1.711634e+00 2.332852e+00 2.264783e+00 3.255466e+00 2.430558e+00 1.922554e+00 2.139991e+00 1.639691e+00 1.422029e+00 6.493058e-04 1.105876e-01 1.950520e-01 2.568993e-01 2.422166e-01 2.918960e-01 3.062186e-01 3.452235e-01 3.127011e-01 3.417953e-01 3.525217e-01 2.721287e-01 2.377575e-01 9.300037e-05
<GCONST> 8.481723e+01
<MIXTURE> 6 4.143791e-02
<MEAN> 39
 1.596546e+00 -1.048049e+01 -1.211572e+01 -5.409662e+00 1.591391e+00 -1.390940e+01 -2.609157e+01 6.231414e+00 1.722685e+00 -5.777965e+00 -1.278936e+00 -8.428862e-01 6.532444e-01 -2.445879e+00 1.814991e+00 1.930281e+00 2.091059e+00 -6.743314e-01 4.371530e-01 4.067119e+00 -1.445414e+00 -7.150459e-01 2.591964e-02 -1.099235e+00 3.264749e-01 -9.500671e-02 -1.250022e+00 3.404295e-01 4.799787e-01 1.496328e-02 -4.564858e-01 9.367014e-01 1.720371e+00 -6.241210e-01 -3.113359e-01 5.474944e-01 1.414559e-01 -1.015383e-01 -2.923554e-02
<VARIANCE> 39
 6.799373e+00 1.317456e+01 3.376711e+01 2.937926e+01 3.555867e+01 5.206069e+01 5.374090e+01 4.611650e+01 3.692255e+01 4.067631e+01 3.001556e+01 2.061757e+01 1.449291e-02 1.805538e+00 2.285639e+00 3.169386e+00 2.397812e+00 3.925082e+00 4.106708e+00 5.986763e+00 5.016347e+00 3.664445e+00 3.950277e+00 3.213454e+00 2.144056e+00 2.061812e-03 4.165374e-01 3.369823e-01 4.486491e-01 4.395213e-01 4.480207e-01 6.666324e-01 7.682974e-01 5.163818e-01 5.478995e-01 5.862231e-01 5.086923e-01 3.654131e-01 4.185456e-04
<GCONST> 9.964838e+01
<MIXTURE> 7 5.675407e-02
<MEAN> 39
 -2.490791e-01 -1.388233e+01 -2.915651e+00 -6.553525e-01 -1.256670e+01 -1.271426e+01 -1.740215e+01 7.405659e-01 7.629706e-01 -6.893163e+00 -3.144016e+00 1.059393e+00 6.712527e-01 -2.181982e+00 2.819623e+00 1.035691e+00 6.691914e-01 1.217396e+00 2.372913e-01 3.551686e+00 -1.986135e+00 -1.166147e+00 7.988849e-01 -1.141798e+00 -9.233324e-01 -8.090226e-02 -9.261005e-01 8.637897e-01 -1.262760e-01 -4.187098e-01 8.125116e-01 5.510107e-01 4.697956e-01 -2.089839e-02 -2.041752e-01 3.770009e-01 1.512425e-01 -3.159249e-01 -2.035584e-02
<VARIANCE> 39
 8.193734e+00 1.514297e+01 3.157506e+01 3.642628e+01 3.074422e+01 3.948002e+01 4.938343e+01 4.141526e+01 4.234325e+01 4.003459e+01 2.808210e+01 2.757250e+01 1.190423e-02 1.669173e+00 1.982050e+00 3.061248e+00 4.506938e+00 4.507689e+00 3.215094e+00 5.748963e+00 4.794056e+00 4.470410e+00 3.839873e+00 3.613285e+00 2.442119e+00 1.467954e-03 4.226692e-01 3.156866e-01 3.834815e-01 4.651586e-01 4.564660e-01 6.455878e-01 6.974867e-01 6.257151e-01 5.570966e-01 5.796205e-01 4.783492e-01 5.320807e-01 2.869286e-04
<GCONST> 9.979060e+01
<MIXTURE> 8 5.373582e-02
<MEAN> 39
 -2.337367e+00 -1.384350e+01 -6.717248e+00 -1.228127e+01 -1.145684e+01 -1.534166e+01 -6.627421e+00 2.765987e+00 -9.325323e+00 1.513824e+00 -2.691169e+00 -4.611706e+00 7.364324e-01 -1.106853e+00 1.482235e+00 1.772828e+00 -1.249418e+00 -7.354113e-01 2.177109e+00 7.202118e-01 -2.856984e+00 -2.055334e-01 4.674367e-01 -5.945126e-01 -2.773440e-01 -3.108926e-02 -1.473713e-01 6.051722e-01 -2.845302e-01 1.027466e-01 6.005479e-01 3.191671e-01 -4.009542e-01 -3.031862e-01 4.103984e-01 -4.056408e-01 -2.735443e-01 3.229776e-01 -9.434174e-03
<VARIANCE> 39
 9.751068e+00 2.687816e+01 6.501296e+01 3.788206e+01 5.780487e+01 1.062442e+02 9.164854e+01 8.053224e+01 7.184090e+01 5.088937e+01 5.092859e+01 3.133612e+01 1.697679e-02 9.444656e-01 1.632321e+00 2.795479e+00 4.494030e+00 4.223295e+00 4.759223e+00 6.185406e+00 4.085415e+00 5.132720e+00 4.421957e+00 3.699397e+00 3.309023e+00 8.042929e-04 2.389927e-01 3.169510e-01 3.766783e-01 7.143119e-01 6.011259e-01 7.697083e-01 9.402638e-01 7.600128e-01 8.745745e-01 6.368408e-01 7.120813e-01 5.087762e-01 2.350923e-04
<GCONST> 1.069273e+02
<MIXTURE> 9 7.724427e-02
<MEAN> 39
 1.268206e+00 -1.658953e+01 -9.359767e+00 -6.400762e+00 -1.344439e+01 -9.928493e+00 -1.264031e+01 4.807518e+00 2.696028e-02 -2.807776e+00 9.805653e-01 -2.319791e+00 8.132974e-01 -7.901382e-01 3.248038e-03 1.679909e+00 -1.367970e+00 -1.174740e+00 1.373638e+00 1.516932e+00 -9.079414e-01 -8.535414e-01 7.954552e-01 3.781955e-02 -1.116107e+00 -2.251827e-03 -6.629343e-02 3.627141e-01 -5.773785e-02 -3.279885e-01 4.573268e-01 1.015207e-01 -2.184508e-01 -4.141844e-01 1.076792e-01 8.232293e-02 -2.957600e-01 9.282395e-02 -3.160506e-03
<VARIANCE> 39
 8.243314e+00 2.224762e+01 5.582885e+01 4.115625e+01 4.563835e+01 6.699447e+01 7.705500e+01 6.928211e+01 7.418716e+01 4.267347e+01 3.871764e+01 2.869773e+01 9.022031e-03 3.225271e-01 6.052258e-01 1.576552e+00 1.374012e+00 1.750548e+00 1.726563e+00 2.616621e+00 3.247307e+00 1.778310e+00 1.860681e+00 1.786714e+00 1.641705e+00 1.815380e-04 4.774317e-02 9.522225e-02 1.570723e-01 2.344988e-01 2.678457e-01 2.721110e-01 3.637942e-01 3.274910e-01 2.813593e-01 2.664227e-01 2.586615e-01 2.199626e-01 1.974559e-05
<GCONST> 7.791442e+01
<MIXTURE> 10 8.683004e-02
<MEAN> 39
 -6.932672e+00 -1.023205e+01 -1.150020e+01 2.674169e+00 2.036881e+00 -6.727890e+00 -4.047046e+00 6.932186e+00 1.322101e+00 -7.316135e+00 -6.905179e+00 -2.162534e-01 2.323494e-01 -1.687073e+00 -7.360181e-01 2.749464e-01 -3.889297e-01 1.473769e-01 8.756674e-01 1.103904e+00 -3.783529e-01 -3.565196e-01 1.721368e-01 4.453276e-01 1.936493e-01 -4.976838e-02 9.861554e-02 7.402446e-02 -1.924991e-01 -5.461872e-01 -4.591976e-01 -3.410985e-01 -4.225054e-01 -2.532528e-01 -2.311107e-02 2.926007e-01 1.684039e-01 -5.594918e-02 4.925955e-03
<VARIANCE> 39
 9.215694e+00 1.506083e+01 2.880457e+01 2.102454e+01 4.008191e+01 3.903807e+01 3.680233e+01 3.856444e+01 7.738046e+01 3.777948e+01 2.703138e+01 2.284392e+01 1.527146e-02 8.486087e-01 1.247381e+00 1.668175e+00 2.293653e+00 3.044298e+00 2.788631e+00 2.754413e+00 2.658623e+00 2.865377e+00 2.622103e+00 2.258310e+00 1.974680e+00 6.904691e-04 1.291759e-01 2.618402e-01 3.051521e-01 3.660555e-01 3.841135e-01 4.181463e-01 4.637508e-01 4.460456e-01 4.809210e-01 4.286321e-01 3.764045e-01 3.442823e-01 8.977133e-05
<GCONST> 8.769253e+01
<MIXTURE> 11 6.114990e-02
<MEAN> 39
 3.047273e+00 -9.916703e+00 -1.495058e+01 -2.448005e-01 -3.837836e+00 -1.199698e+01 -1.812281e+01 -3.143049e+00 6.409361e+00 -2.382347e+00 -5.745249e+00 2.072026e+00 6.573077e-01 -2.051211e+00 1.410212e+00 1.973234e+00 2.954847e-01 5.547500e-01 1.939395e-01 2.425724e+00 -1.283204e-01 -1.687979e+00 1.317557e-01 -2.045372e-01 -6.412113e-01 -6.335267e-02 -1.105083e+00 2.461344e-01 8.404262e-01 -2.928031e-01 -1.845822e-01 5.987731e-01 8.704067e-01 1.739279e-01 -6.668282e-01 1.039367e-02 4.716442e-01 -2.615856e-01 -1.758862e-02
<VARIANCE> 39
 6.633128e+00 1.640514e+01 2.755148e+01 2.702086e+01 2.933203e+01 4.215403e+01 4.530414e+01 3.371493e+01 3.002129e+01 2.864115e+01 2.659184e+01 2.243696e+01 1.432257e-02 1.808143e+00 2.157111e+00 3.238579e+00 2.880833e+00 3.652174e+00 3.268240e+00 4.617830e+00 4.221507e+00 2.915585e+00 3.397621e+00 2.569103e+00 2.166134e+00 8.724137e-04 4.544344e-01 3.313169e-01 2.647763e-01 4.869607e-01 3.741692e-01 4.681704e-01 5.583826e-01 4.635303e-01 4.542642e-01 3.897517e-01 3.476258e-01 3.531938e-01 2.336426e-04
<GCONST> 9.311660e+01
<MIXTURE> 12 5.658497e-02
<MEAN> 39
 -4.530850e+00 -1.049307e+01 -3.858233e-01 -9.789754e+00 -1.698176e+01 -1.632357e+01 -8.062108e+00 -1.219586e+00 -9.442883e+00 -5.252857e+00 -5.340465e+00 -6.994082e-01 6.277055e-01 -2.898761e+00 3.736624e+00 1.095353e+00 8.379554e-01 1.395556e+00 2.482037e+00 4.180598e-01 -2.747019e+00 1.036586e+00 -9.610188e-01 -4.660568e-01 -1.732147e-01 -8.196821e-02 -9.466341e-01 5.667483e-01 -6.018136e-01 2.083300e-01 1.407220e+00 4.598016e-01 2.636537e-01 4.063357e-01 2.702014e-01 2.932011e-01 1.911783e-01 -2.032461e-01 -1.356231e-02
<VARIANCE> 39
 1.002153e+01 2.689421e+01 2.910470e+01 4.332863e+01 3.076240e+01 3.079623e+01 3.530674e+01 3.558952e+01 3.437741e+01 2.846520e+01 3.191497e+01 2.553375e+01 1.708753e-02 3.565440e+00 3.027776e+00 4.138766e+00 5.197375e+00 5.354158e+00 6.163517e+00 4.257212e+00 4.042581e+00 3.238659e+00 3.420799e+00 3.160295e+00 2.957642e+00 2.374428e-03 4.016139e-01 6.058426e-01 5.055388e-01 8.570312e-01 6.334914e-01 7.339197e-01 6.678589e-01 7.107887e-01 6.165453e-01 6.245607e-01 6.082281e-01 5.176675e-01 4.749373e-04
<GCONST> 1.047869e+02
<MIXTURE> 13 5.235496e-02
<MEAN> 39
 -3.440548e+00 -7.223373e+00 -6.062474e+00 4.703777e+00 -4.239533e+00 -1.619442e+01 -1.370245e+01 2.707931e+00 8.863943e-01 -8.347206e+00 -6.965092e+00 1.510021e+00 4.285472e-01 -3.477996e+00 2.405381e+00 1.967032e+00 8.339439e-01 6.669289e-01 2.639621e+00 3.947197e+00 -1.485615e+00 -1.633095e+00 6.643088e-01 -1.219593e-01 -1.126272e+00 -1.357296e-01 -4.786904e-01 -3.590353e-01 -8.784303e-02 -1.082058e+00 -1.232822e-01 1.127005e+00 1.123664e-01 -1.905294e-01 -5.008770e-02 6.982768e-01 6.677833e-01 -1.687407e-01 2.528564e-03
<VARIANCE> 39
 1.152398e+01 1.470669e+01 2.256040e+01 1.748368e+01 3.290744e+01 2.897390e+01 5.010147e+01 2.973155e+01 3.313972e+01 2.915366e+01 2.949894e+01 2.098975e+01 2.254921e-02 2.528483e+00 3.470712e+00 3.295123e+00 2.835195e+00 4.570742e+00 4.492284e+00 5.943321e+00 4.466058e+00 4.086436e+00 4.206925e+00 2.779694e+00 2.787534e+00 2.566286e-03 3.129695e-01 4.352321e-01 3.951463e-01 4.663568e-01 6.386885e-01 5.927630e-01 9.782537e-01 5.994148e-01 5.232154e-01 6.078062e-01 5.924870e-01 4.769967e-01 5.109860e-04
<GCONST> 1.009189e+02
<MIXTURE> 14 4.763815e-02
<MEAN> 39
 2.601349e-01 -7.555185e+00 -1.477793e+01 -6.893311e+00 -2.335842e+00 -1.622353e+01 -1.286336e+01 8.532147e-01 -4.435040e+00 -9.958905e-01 -3.431094e+00 -1.479259e+00 5.943057e-01 -3.401972e+00 2.863459e+00 2.757263e+00 1.618514e+00 -1.190729e-01 3.467116e+00 2.409550e+00 -2.429907e+00 9.085218e-02 -3.580810e-01 1.751620e-01 -3.106378e-01 -1.377103e-01 -1.202002e+00 -7.638114e-02 6.578297e-01 2.277116e-01 -8.526737e-02 8.721855e-01 6.013629e-01 1.920178e-01 1.376192e-01 -5.494214e-02 2.316396e-02 -3.705710e-02 -2.798437e-02
<VARIANCE> 39
 1.228475e+01 1.745306e+01 3.203593e+01 1.871435e+01 4.421440e+01 8.809170e+01 4.964684e+01 5.924991e+01 5.826281e+01 4.037217e+01 3.217016e+01 2.760819e+01 1.501254e-02 2.205493e+00 2.939202e+00 3.923279e+00 2.507180e+00 5.534195e+00 5.339158e+00 8.041414e+00 6.661607e+00 6.157983e+00 3.912446e+00 3.183471e+00 2.663276e+00 2.336651e-03 2.878856e-01 3.115807e-01 4.909227e-01 3.972492e-01 5.335721e-01 1.030047e+00 5.784833e-01 8.971586e-01 7.478873e-01 6.370305e-01 5.534306e-01 4.881504e-01 3.275296e-04
<GCONST> 1.054568e+02
<MIXTURE> 15 6.424228e-02
<MEAN> 39
 -2.735546e-01 -1.448647e+01 -5.065430e+00 -4.816775e+00 -1.281618e+01 -1.318550e+01 -1.455395e+01 4.469687e+00 -1.884068e+00 -5.597473e+00 -2.590424e+00 -3.597382e-01 7.049598e-01 -9.616058e-01 1.190216e+00 1.519870e+00 -4.293214e-01 -4.442137e-01 7.572649e-01 1.236002e+00 -2.162959e+00 -6.068841e-01 6.590036e-01 -7.165091e-01 -3.111412e-01 -2.952722e-02 -4.321212e-01 7.093558e-01 -5.678428e-02 -2.605789e-01 5.954383e-01 1.232854e-01 1.604435e-01 -4.367372e-01 -1.293077e-01 2.417290e-01 -1.535960e-01 -1.679638e-01 -9.047614e-03
<VARIANCE> 39
 7.448122e+00 1.742889e+01 4.045357e+01 3.486269e+01 4.501412e+01 4.527114e+01 6.735355e+01 5.490734e+01 5.751075e+01 4.361605e+01 3.746955e+01 2.767653e+01 1.403870e-02 5.007643e-01 9.228202e-01 2.081881e+00 2.015563e+00 2.554299e+00 2.422891e+00 3.261834e+00 2.793662e+00 2.779628e+00 2.168005e+00 2.132937e+00 1.962632e+00 2.634819e-04 2.108594e-01 1.820045e-01 2.640107e-01 3.417073e-01 3.838096e-01 4.006603e-01 3.841025e-01 5.049819e-01 4.259267e-01 4.304040e-01 3.767101e-01 2.789594e-01 5.553607e-05
<GCONST> 8.689053e+01
<MIXTURE> 16 4.653692e-02
<MEAN> 39
 -1.087532e+01 -4.645935e+00 -6.625823e+00 -1.558091e+00 -3.795046e+00 -6.971085e+00 -5.981957e+00 -6.118384e-01 -5.441212e-01 -1.510287e+00 -2.550267e+00 -1.860800e+00 2.064552e-01 -2.586714e+00 4.952753e-01 1.386001e+00 -1.677870e-01 3.319518e-03 2.411664e+00 2.414311e+00 -8.995592e-01 -9.527423e-01 3.526435e-01 2.992337e-01 -1.816027e-01 -6.984638e-02 6.823120e-01 -6.956966e-01 -4.420693e-01 -6.517015e-01 -1.597143e-01 -3.787595e-01 -6.272674e-01 2.360497e-01 2.548772e-02 -1.024200e-01 1.019538e-01 1.348590e-01 3.700921e-02
<VARIANCE> 39
 4.109707e+01 3.120052e+01 5.928279e+01 4.361202e+01 4.992392e+01 5.417054e+01 7.279185e+01 5.825131e+01 5.780732e+01 5.477935e+01 3.938817e+01 2.509678e+01 4.612666e-02 5.813917e+00 4.407291e+00 3.956410e+00 4.355475e+00 5.591554e+00 6.981443e+00 8.595874e+00 4.660446e+00 4.884686e+00 4.597513e+00 2.966419e+00 2.956480e+00 8.189728e-03 5.908730e-01 7.326441e-01 7.312644e-01 8.717563e-01 1.008113e+00 1.120967e+00 1.114034e+00 1.113724e+00 1.180128e+00 9.454188e-01 8.127342e-01 6.522803e-01 8.314689e-04
<GCONST> 1.201828e+02
<TRANSP> 5
 0.000000e+00 1.000000e+00 0.000000e+00 0.000000e+00 0.000000e+00
 0.000000e+00 6.593123e-01 3.406877e-01 0.000000e+00 0.000000e+00
 0.000000e+00 0.000000e+00 7.438830e-01 2.561170e-01 0.000000e+00
 0.000000e+00 0.000000e+00 0.000000e+00 6.696331e-01 3.303669e-01
 0.000000e+00 0.000000e+00 0.000000e+00 0.000000e+00 0.000000e+00
<ENDHMM>
