~o
<STREAMINFO> 1 39
<VECSIZE> 39<NULLD><MFCC_E_D_A><DIAGC>
~h "ey"
<BEGINHMM>
<NUMSTATES> 5
<STATE> 2
<NUMMIXES> 16
<MIXTURE> 1 4.183806e-02
<MEAN> 39
 -2.166619e+00 -1.621449e+01 -3.151123e+00 -8.550766e+00 -1.794723e+01 -7.566368e+00 -1.388291e+01 4.183740e+00 7.979758e+00 -3.099129e+00 9.641574e-01 -6.797805e+00 8.598298e-01 -5.668936e-01 9.927291e-02 2.075921e+00 7.526882e-01 -1.496948e+00 -2.016760e+00 6.011940e-01 1.895301e+00 -1.444812e+00 -1.891115e+00 4.728078e-01 1.893454e+00 -7.302818e-03 4.455364e-03 4.258063e-01 1.198695e-01 -3.035636e-01 1.246101e-01 3.306960e-01 2.423669e-01 -7.726787e-01 -1.014730e+00 1.957253e-01 6.520301e-01 3.341577e-01 -4.894590e-03
<VARIANCE> 39
 6.670886e+00 1.830038e+01 1.714745e+01 2.950704e+01 2.422138e+01 3.475681e+01 2.408456e+01 3.168179e+01 2.704305e+01 3.329035e+01 2.277351e+01 2.302769e+01 6.876820e-03 3.205211e-01 6.404705e-01 8.297740e-01 1.665817e+00 1.439616e+00 1.935623e+00 1.474732e+00 1.460666e+00 2.117720e+00 1.820979e+00 2.231586e+00 1.274772e+00 1.141650e-04 5.296294e-02 8.567753e-02 1.221759e-01 1.966094e-01 2.175582e-01 4.050545e-01 2.268328e-01 2.624604e-01 2.563753e-01 3.005703e-01 2.644667e-01 3.252582e-01 2.263375e-05
<GCONST> 6.792973e+01
<MIXTURE> 2 7.661889e-02
<MEAN> 39
 -4.174684e+00 -1.537095e+01 4.358471e+00 -1.305787e+01 -1.787140e+01 -1.131412e+01 -1.163311e+01 9.191420e+00 -4.759301e+00 1.377075e+00 -1.359387e+00 3.591904e-01 8.356870e-01 -9.158163e-02 -8.827130e-01 9.584368e-01 -6.532655e-01 -1.301717e+00 9.820938e-02 4.129210e-02 8.567492e-01 -7.099954e-01 1.006324e-01 7.137657e-01 1.516047e-01 2.354123e-02 -6.435901e-01 8.131517e-01 -1.891598e-01 4.648572e-01 5.676068e-01 3.304814e-01 6.855901e-01 -7.491816e-01 -7.894913e-02 -2.554608e-01 6.861795e-02 -1.136124e-01 -2.334614e-02
<VARIANCE> 39
 7.756601e+00 1.653230e+01 2.411535e+01 2.021778e+01 2.538601e+01 2.509660e+01 4.010463e+01 2.141895e+01 2.936242e+01 1.835195e+01 2.413308e+01 1.811868e+01 8.050168e-03 4.274292e-01 9.611633e-01 1.450144e+00 9.622648e-01 1.242910e+00 1.301821e+00 1.833066e+00 1.645218e+00 1.357819e+00 1.141513e+00 1.225119e+00 1.039449e+00 2.790118e-04 1.896260e-01 2.038384e-01 2.098711e-01 1.771154e-01 2.752152e-01 2.441135e-01 3.480248e-01 2.782341e-01 2.767669e-01 2.088741e-01 2.223429e-01 2.063635e-01 8.798779e-05
<GCONST> 7.015448e+01
<MIXTURE> 3 5.971187e-02
<MEAN> 39
 -3.226052e+00 -1.580545e+01 3.142124e-01 -1.309197e+01 -1.338846e+01 -1.128446e+01 -1.243414e+01 1.149998e+01 -1.053482e+00 1.546508e+00 -4.422823e+00 -1.635283e+00 8.222657e-01 -3.948776e-01 2.683305e-01 1.459074e+00 4.629874e-01 -1.238504e+00 -1.082616e+00 9.747171e-01 3.643408e-01 -1.483142e+00 -8.124972e-01 1.028854e+00 1.306927e+00 -9.121691e-03 6.086758e-04 2.545784e-01 -7.427765e-03 -5.651244e-03 1.698115e-02 2.545740e-01 -1.387507e-02 -6.341569e-01 -2.676913e-01 1.289929e-01 4.009736e-01 -2.060917e-01 -3.727676e-03
<VARIANCE> 39
 7.127341e+00 2.107701e+01 2.045600e+01 1.895084e+01 2.394110e+01 4.634302e+01 4.096955e+01 2.550055e+01 2.672159e+01 2.437215e+01 2.619381e+01 2.142087e+01 9.513539e-03 2.192618e-01 4.591545e-01 6.612730e-01 7.528384e-01 7.205019e-01 9.366287e-01 1.054975e+00 9.442880e-01 1.205256e+00 1.129192e+00 1.580492e+00 7.386000e-01 1.410145e-04 3.332844e-02 7.040887e-02 9.880251e-02 1.150490e-01 1.185308e-01 1.517906e-01 1.777391e-01 1.806096e-01 2.017423e-01 2.071698e-01 1.894497e-01 1.402165e-01 2.173460e-05
<GCONST> 5.744397e+01
<MIXTURE> 4 6.309228e-02
<MEAN> 39
 -6.379298e+00 -9.562350e+00 -3.653608e+00 -1.352645e+01 -1.523572e+01 -1.691023e+01 1.615746e+00 -1.875408e+00 -1.040238e+00 -2.144478e+00 -4.596315e+00 5.190368e-02 7.864155e-01 2.072989e-01 -1.184898e+00 5.799122e-01 -1.051796e+00 -9.111314e-01 -5.923100e-01 8.596102e-01 4.185749e-01 -1.403377e-01 4.337386e-01 4.155063e-01 1.793382e-01 3.590501e-02 -7.558066e-01 4.076091e-01 2.785254e-01 3.958671e-01 3.910373e-01 9.248017e-01 -1.741328e-01 1.221739e-02 -2.639742e-01 1.303201e-01 2.857330e-01 -1.248153e-01 -2.323647e-02
<VARIANCE> 39
 8.161671e+00 2.142006e+01 4.063173e+01 5.802051e+01 3.616873e+01 3.672805e+01 2.494007e+01 3.455486e+01 4.724504e+01 2.905328e+01 2.901332e+01 2.322968e+01 1.249732e-02 7.135288e-01 1.557195e+00 1.797645e+00 2.009132e+00 1.941820e+00 2.363458e+00 3.234480e+00 2.132901e+00 1.857523e+00 2.178063e+00 1.491016e+00 1.444849e+00 5.534427e-04 2.586100e-01 2.612467e-01 3.028803e-01 4.374481e-01 4.216428e-01 3.787616e-01 3.303743e-01 3.872320e-01 4.032324e-01 3.428175e-01 3.399122e-01 3.407858e-01 1.340549e-04
<GCONST> 8.576468e+01
<MIXTURE> 5 7.558200e-02
<MEAN> 39
 -5.870013e+00 -1.563494e+01 1.959091e+00 -1.513738e+01 -1.635883e+01 -1.000300e+01 -5.071972e+00 1.004771e+01 -7.081784e+00 -6.468554e-01 -5.014899e+00 -1.564216e-01 8.246130e-01 -4.816513e-01 1.543635e-01 1.220243e+00 -6.904049e-01 -1.058675e+00 3.667061e-01 9.359567e-01 -1.155527e-01 -1.301231e+00 6.445011e-01 1.015026e+00 -1.007957e-01 7.010819e-03 1.493747e-02 5.295289e-01 -8.009779e-02 3.991273e-01 1.368081e-01 -1.308558e-02 -2.343589e-01 -9.006847e-01 4.740112e-02 9.485336e-02 2.488701e-01 -3.796639e-01 -1.131206e-02
<VARIANCE> 39
 8.394877e+00 1.887174e+01 4.337101e+01 2.599083e+01 3.094839e+01 4.149282e+01 3.548391e+01 2.635416e+01 2.856842e+01 3.161707e+01 3.074282e+01 2.053280e+01 9.272680e-03 2.884148e-01 5.793965e-01 7.866105e-01 8.962032e-01 9.031998e-01 1.360040e+00 1.672443e+00 1.252307e+00 1.067869e+00 1.165484e+00 1.046699e+00 9.930583e-01 2.226577e-04 6.235765e-02 1.312124e-01 1.525264e-01 1.631162e-01 2.635874e-01 2.653098e-01 2.548496e-01 3.332785e-01 2.289845e-01 2.808101e-01 2.560804e-01 2.016362e-01 3.677017e-05
<GCONST> 6.745126e+01
<MIXTURE> 6 4.395670e-02
<MEAN> 39
 -2.895091e+00 -1.642984e+01 -1.887713e+00 -1.072347e+01 -1.586536e+01 -6.886830e+00 -1.260770e+01 7.208150e+00 4.194869e+00 -4.056465e+00 -2.676528e+00 -5.150577e+00 8.336856e-01 -5.746124e-01 -5.261828e-01 1.406117e+00 -4.622782e-01 -1.516730e+00 -8.073812e-01 1.455881e+00 2.162656e+00 -8.189558e-01 -1.048440e+00 2.822694e-01 9.605864e-01 1.760906e-02 -2.720117e-01 9.026136e-01 2.075689e-01 4.331001e-01 2.895206e-01 -2.112990e-01 5.552420e-01 -1.002241e+00 -1.101876e+00 2.734016e-01 5.736689e-01 1.272108e-01 -1.783630e-02
<VARIANCE> 39
 9.074685e+00 2.142923e+01 2.241215e+01 2.615963e+01 3.207231e+01 3.639846e+01 5.265928e+01 3.907137e+01 3.167740e+01 4.765266e+01 4.034325e+01 2.782059e+01 7.668419e-03 3.700497e-01 8.083191e-01 1.032034e+00 1.552100e+00 1.776515e+00 1.897650e+00 1.912822e+00 1.898596e+00 2.179888e+00 1.565845e+00 2.284626e+00 1.306967e+00 2.823146e-04 9.102252e-02 1.542168e-01 1.997543e-01 1.940647e-01 3.271820e-01 3.987230e-01 4.050618e-01 4.641520e-01 4.553134e-01 5.547451e-01 5.231681e-01 4.312866e-01 5.258682e-05
<GCONST> 7.946130e+01
<MIXTURE> 7 6.797801e-02
<MEAN> 39
 -4.007543e+00 -1.338129e+01 -1.746254e-01 -8.001333e+00 -1.945384e+01 -1.006008e+01 -1.067679e+01 1.880527e+00 3.920769e+00 -6.271002e+00 3.996270e+00 -4.115374e+00 8.152587e-01 8.336720e-01 -1.938231e+00 8.804287e-01 -4.763688e-01 -2.756106e+00 -2.012756e-01 -6.294231e-01 7.361624e-01 7.569061e-01 -1.181694e+00 1.649551e+00 -1.477779e-01 5.041408e-02 -9.674079e-01 6.900225e-01 4.791577e-02 7.723875e-02 8.138703e-01 2.904661e-01 7.730424e-01 -1.077494e-01 -6.641977e-01 3.340687e-01 -2.943612e-01 3.009757e-01 -2.680811e-02
<VARIANCE> 39
 7.319074e+00 1.903630e+01 3.229032e+01 1.969386e+01 3.367355e+01 3.352622e+01 4.268965e+01 2.886553e+01 3.953415e+01 2.353881e+01 2.511929e+01 3.310258e+01 1.045231e-02 1.373642e+00 1.690890e+00 1.301389e+00 1.513444e+00 2.047626e+00 1.842482e+00 2.901436e+00 2.709097e+00 2.536162e+00 1.710541e+00 1.802781e+00 1.795465e+00 9.130497e-04 3.247400e-01 2.935275e-01 2.684825e-01 2.919494e-01 3.400544e-01 3.659278e-01 4.287170e-01 3.743458e-01 3.873278e-01 3.362967e-01 3.199795e-01 3.986356e-01 1.794398e-04
<GCONST> 8.523312e+01
<MIXTURE> 8 5.755280e-02
<MEAN> 39
 -8.363592e+00 -8.136695e+00 -2.872084e+00 -1.830459e+01 -1.745895e+01 -1.037752e+01 -1.015163e+00 -5.292799e+00 -7.146389e+00 -4.315998e+00 -8.513295e+00 -3.157903e+00 7.095703e-01 2.005769e+00 -1.706025e+00 4.372854e-01 -3.022650e+00 -2.142840e+00 -1.443849e+00 -9.624898e-02 2.526504e-01 -7.739406e-01 3.646849e-01 -1.219619e+00 -4.071295e-01 9.856085e-02 -8.741574e-01 6.001258e-02 6.153384e-02 4.564489e-01 7.747077e-01 6.419796e-01 2.120517e-01 4.770375e-01 5.118837e-01 7.220529e-01 6.323342e-01 2.884865e-01 -1.922202e-02
<VARIANCE> 39
 1.297425e+01 2.149711e+01 3.949783e+01 4.663563e+01 3.646684e+01 4.643510e+01 3.381020e+01 4.440946e+01 4.616181e+01 5.013755e+01 3.694022e+01 2.516752e+01 1.863487e-02 2.105183e+00 2.390071e+00 2.783627e+00 3.385263e+00 3.612176e+00 3.698933e+00 3.870566e+00 3.827185e+00 3.474487e+00 3.664081e+00 2.645926e+00 2.402648e+00 2.861853e-03 4.647193e-01 3.740076e-01 3.722877e-01 5.586309e-01 5.589920e-01 6.047910e-01 5.897295e-01 5.675316e-01 6.072903e-01 5.580996e-01 4.985214e-01 4.310564e-01 5.397845e-04
<GCONST> 1.022154e+02
<MIXTURE> 9 7.167726e-02
<MEAN> 39
 -6.449486e+00 -1.454063e+01 -1.943170e+00 -1.705224e+01 -1.607497e+01 -1.249114e+01 2.523249e+00 3.727103e+00 -9.098426e+00 -2.281111e+00 -5.474051e+00 -1.278894e+00 8.185060e-01 -7.574466e-01 1.007295e+00 1.948835e+00 -1.252571e+00 -1.728542e+00 7.934833e-01 1.038450e+00 -2.054932e+00 -8.470216e-01 1.685387e+00 7.739972e-01 -7.237954e-01 -8.339793e-03 1.234467e-01 2.759762e-01 -1.883633e-01 -2.718448e-02 3.815243e-01 1.363227e-01 -8.731982e-01 -4.458365e-01 4.243486e-01 3.144698e-01 -3.230830e-01 -1.591674e-01 -3.668859e-03
<VARIANCE> 39
 7.935695e+00 2.223260e+01 3.297590e+01 3.987613e+01 3.667003e+01 4.871379e+01 3.746344e+01 4.149891e+01 3.923909e+01 4.486812e+01 3.628503e+01 2.311774e+01 1.057699e-02 3.054785e-01 6.893086e-01 7.995360e-01 1.262308e+00 1.349651e+00 1.910012e+00 1.892499e+00 2.138016e+00 2.439773e+00 1.666158e+00 1.805601e+00 1.106685e+00 1.818498e-04 4.185136e-02 1.314527e-01 1.582455e-01 1.850422e-01 2.646049e-01 2.661171e-01 3.106042e-01 3.743951e-01 2.754152e-01 3.178833e-01 2.454785e-01 2.293020e-01 3.705550e-05
<GCONST> 7.374892e+01
<MIXTURE> 10 1.020962e-01
<MEAN> 39
 -3.391192e+00 -1.563844e+01 2.126815e+00 -7.855628e+00 -2.145552e+01 -1.137253e+01 -1.176434e+01 7.677297e+00 -3.827082e-02 -6.308579e+00 4.965883e+00 -1.768963e+00 8.341410e-01 -6.853023e-01 7.454344e-01 2.263071e+00 -1.581009e-01 -1.363549e+00 -2.549498e-01 7.371624e-01 -5.680352e-01 -2.493932e+00 -3.058917e-01 1.558313e+00 5.408993e-01 -1.222021e-02 3.414387e-02 2.530136e-01 -2.383928e-01 -1.482019e-02 4.931823e-01 3.765017e-01 -1.951270e-01 -6.998386e-01 -8.162019e-02 3.541968e-01 -2.229486e-01 -3.516479e-01 -5.534940e-03
<VARIANCE> 39
 7.692360e+00 1.799553e+01 2.221040e+01 2.728849e+01 2.606683e+01 3.051282e+01 3.598214e+01 3.474596e+01 3.695238e+01 2.848142e+01 2.579381e+01 2.461014e+01 7.914317e-03 2.493752e-01 5.320283e-01 1.065191e+00 1.568336e+00 1.255043e+00 1.565635e+00 1.970226e+00 1.941995e+00 1.847009e+00 1.981532e+00 1.435928e+00 1.356931e+00 1.575741e-04 4.464569e-02 9.984938e-02 1.494224e-01 1.980685e-01 2.274556e-01 2.615654e-01 2.475842e-01 3.085477e-01 3.240258e-01 2.463792e-01 2.571315e-01 2.265718e-01 3.385361e-05
<GCONST> 6.912598e+01
<MIXTURE> 11 4.720078e-02
<MEAN> 39
 -3.817082e+00 -1.439498e+01 1.807972e+00 -1.488699e+01 -1.387608e+01 -1.210284e+01 -1.276076e+01 6.566884e+00 -3.975902e+00 3.472467e+00 -4.996290e+00 -5.278838e-02 8.063735e-01 1.625512e+00 -2.941313e+00 1.652410e+00 -1.961410e+00 -2.042121e+00 -8.018428e-01 -1.277163e+00 2.369692e+00 -8.250281e-01 8.827098e-01 -1.113863e-01 3.232086e-01 6.879696e-02 -1.307991e+00 6.889188e-01 -3.005089e-01 5.471173e-01 5.454081e-01 5.649301e-01 1.085375e+00 -3.589605e-01 -1.581856e-02 -3.668599e-01 3.983714e-01 3.870785e-02 -3.051092e-02
<VARIANCE> 39
 8.715540e+00 1.501082e+01 3.365403e+01 2.416417e+01 2.789352e+01 4.234147e+01 5.446738e+01 2.314241e+01 3.777814e+01 2.501278e+01 2.607657e+01 2.596294e+01 7.124981e-03 1.977086e+00 1.846930e+00 2.499954e+00 1.893520e+00 2.293605e+00 2.375765e+00 4.010648e+00 2.230167e+00 2.124718e+00 2.105531e+00 2.278352e+00 1.571300e+00 1.055515e-03 3.076153e-01 3.148317e-01 3.442216e-01 3.663203e-01 3.247684e-01 5.595821e-01 4.970680e-01 4.360343e-01 4.378805e-01 3.805831e-01 3.464527e-01 4.234485e-01 2.932595e-04
<GCONST> 8.906113e+01
<MIXTURE> 12 6.225257e-02
<MEAN> 39
 -5.858798e+00 -9.530183e+00 2.604013e+00 -8.524609e+00 -1.675442e+01 -9.568726e+00 -4.596489e+00 5.234057e+00 -4.906993e+00 -1.325009e+00 -3.137475e-01 -1.435857e+00 6.924568e-01 2.144616e+00 -1.588982e+00 1.217487e+00 -1.105830e+00 -2.804503e+00 -8.171380e-01 -2.215903e+00 5.682985e-01 -6.533430e-01 -3.506108e-01 1.337705e+00 -4.337423e-01 8.844272e-02 -7.747809e-01 -1.292309e-01 -1.753930e-01 -1.623969e-01 2.317853e-01 2.602342e-01 1.272274e-02 -2.333930e-01 2.064879e-01 7.915904e-02 2.298071e-01 6.759478e-02 -1.407630e-02
<VARIANCE> 39
 7.480684e+00 1.658711e+01 2.459304e+01 2.276356e+01 2.548421e+01 2.502211e+01 3.332601e+01 2.492123e+01 2.643059e+01 2.159266e+01 2.763380e+01 1.920703e+01 1.336338e-02 1.780913e+00 2.015184e+00 1.877292e+00 1.696138e+00 2.732677e+00 2.324052e+00 2.500074e+00 2.959032e+00 2.333747e+00 2.465508e+00 1.903917e+00 1.945650e+00 1.607022e-03 2.382428e-01 2.833014e-01 2.678381e-01 2.938422e-01 3.615935e-01 3.699386e-01 4.120127e-01 3.308190e-01 2.840613e-01 3.053013e-01 3.532564e-01 2.684423e-01 2.566145e-04
<GCONST> 8.491244e+01
<MIXTURE> 13 7.159684e-02
<MEAN> 39
 -8.939939e+00 -1.249205e+01 5.905373e-01 -2.360559e+01 -1.751246e+01 -1.016021e+01 1.514500e+00 -1.564661e+00 -8.658227e+00 6.425238e-01 -8.251279e+00 -2.216314e+00 8.353375e-01 -4.763836e-01 -3.720351e-01 7.839987e-01 -1.130464e+00 -2.444241e-02 1.021102e+00 7.175915e-01 1.215455e-01 2.082970e-01 1.137902e+00 -1.167993e-01 -3.184998e-01 2.143050e-02 -2.774056e-01 7.254330e-01 -6.219504e-02 8.174669e-01 3.673156e-01 2.572172e-01 -3.611427e-01 -4.610833e-01 2.507887e-01 -7.610156e-02 1.909193e-01 7.981315e-03 -2.139109e-02
<VARIANCE> 39
 7.662421e+00 2.226372e+01 2.891617e+01 2.829333e+01 3.808518e+01 4.690242e+01 3.276953e+01 4.411739e+01 3.416166e+01 4.584671e+01 2.919149e+01 2.131726e+01 9.952924e-03 4.316860e-01 1.256309e+00 1.358636e+00 1.557237e+00 1.539811e+00 1.788837e+00 2.298511e+00 2.232606e+00 1.780129e+00 2.220585e+00 1.451825e+00 1.465751e+00 3.761346e-04 2.190078e-01 2.300111e-01 2.377394e-01 2.576851e-01 5.132993e-01 4.483221e-01 4.633628e-01 4.440346e-01 3.380132e-01 3.861431e-01 3.492852e-01 3.198155e-01 1.613371e-04
<GCONST> 8.270673e+01
<MIXTURE> 14 4.270352e-02
<MEAN> 39
 -3.828753e+00 -1.204238e+01 -8.933612e+00 -1.063307e+01 -9.807836e+00 -1.352479e+01 -2.935567e+00 -9.226256e-02 8.116859e+00 -1.636864e+00 -6.050408e+00 -5.398976e+00 8.276742e-01 -4.245198e-01 -4.354991e-02 1.229545e+00 7.460967e-01 -1.195079e+00 -1.086199e+00 5.508431e-01 1.465289e+00 -7.352727e-01 -1.246772e+00 1.999036e-01 1.379102e+00 -6.939662e-03 1.016757e-02 2.018310e-01 2.321570e-01 -7.124833e-02 -1.801182e-01 2.156114e-01 -1.854550e-01 -2.388006e-01 -5.757325e-01 1.086155e-01 6.323169e-01 1.857773e-01 -4.297760e-03
<VARIANCE> 39
 8.828570e+00 1.647596e+01 2.267644e+01 4.014738e+01 3.336618e+01 3.808553e+01 3.357262e+01 3.195374e+01 3.003529e+01 3.574897e+01 2.540936e+01 3.694349e+01 1.129372e-02 2.303888e-01 4.402637e-01 6.811118e-01 8.123247e-01 9.348269e-01 1.159816e+00 1.343870e+00 1.222090e+00 1.326570e+00 1.458432e+00 1.598177e+00 9.542976e-01 1.569672e-04 4.476233e-02 7.237922e-02 1.282098e-01 1.860958e-01 1.410247e-01 2.310028e-01 2.119314e-01 2.189440e-01 2.861753e-01 2.317455e-01 2.075141e-01 1.994481e-01 2.897195e-05
<GCONST> 6.464598e+01
<MIXTURE> 15 6.640675e-02
<MEAN> 39
 -5.059215e+00 -1.202306e+01 -2.145973e+00 -1.065698e+01 -1.795837e+01 -1.075327e+01 -7.221885e+00 2.401120e+00 1.301720e+00 -3.493893e+00 7.305967e-01 -5.318817e+00 8.282974e-01 -1.024495e-01 -3.458819e-01 1.356756e-01 -1.159778e-01 -5.646099e-01 -1.891084e-01 7.229164e-01 3.756644e-01 2.414146e-01 -3.495524e-01 1.889741e-01 6.460739e-02 1.098408e-02 -1.748506e-01 3.691199e-01 2.864170e-01 1.653075e-01 2.116878e-01 2.605686e-02 3.526232e-02 -2.480828e-01 -4.423069e-01 7.000508e-02 -6.192271e-02 2.453178e-01 -1.145792e-02
<VARIANCE> 39
 1.135571e+01 2.154185e+01 4.260156e+01 3.439207e+01 4.451543e+01 4.460257e+01 5.337921e+01 4.255478e+01 6.726881e+01 3.695088e+01 4.034430e+01 2.384005e+01 1.140096e-02 2.346405e-01 6.257567e-01 1.071523e+00 6.806844e-01 1.135543e+00 1.039372e+00 1.241742e+00 1.186881e+00 9.971328e-01 1.074861e+00 1.242566e+00 8.793650e-01 1.983936e-04 8.266295e-02 1.113900e-01 1.166715e-01 1.379651e-01 2.178338e-01 2.279224e-01 2.550036e-01 2.276168e-01 2.288725e-01 2.029708e-01 1.979077e-01 1.407313e-01 5.455511e-05
<GCONST> 6.882109e+01
<MIXTURE> 16 4.971843e-02
<MEAN> 39
 -5.243884e+00 -1.435137e+01 -4.488721e+00 -1.405836e+01 -1.220926e+01 -1.503392e+01 -3.948938e+00 6.954431e+00 -1.454961e+00 -3.081258e+00 -8.028750e+00 8.718389e-01 8.314466e-01 -7.909620e-01 3.117281e-01 2.512039e+00 1.187056e-01 -2.628386e+00 -8.368957e-01 2.161825e+00 3.183177e-01 -2.574968e+00 -6.195964e-01 1.898753e+00 9.617572e-01 -7.209025e-03 9.415549e-02 4.889129e-01 -4.403730e-04 -3.655284e-01 8.580053e-02 7.996560e-01 -3.803824e-01 -1.237470e+00 -4.293605e-01 7.979347e-01 5.718946e-01 -6.173549e-01 -5.657772e-03
<VARIANCE> 39
 8.236746e+00 2.533181e+01 3.657555e+01 4.247605e+01 3.718590e+01 4.576352e+01 4.517036e+01 4.311481e+01 5.074416e+01 5.067787e+01 4.097912e+01 2.463029e+01 1.052758e-02 3.746611e-01 7.382056e-01 1.247089e+00 1.691236e+00 1.924888e+00 2.226276e+00 3.250102e+00 2.521779e+00 1.817430e+00 2.451727e+00 1.671539e+00 1.727311e+00 2.446929e-04 5.286616e-02 1.863490e-01 2.108868e-01 3.271196e-01 2.414012e-01 4.007338e-01 3.638831e-01 5.630792e-01 4.842639e-01 3.474452e-01 3.093973e-01 2.312079e-01 4.600124e-05
<GCONST> 8.123267e+01
<STATE> 3
<NUMMIXES> 16
<MIXTURE> 1 7.718690e-02
<MEAN> 39
 -4.093716e+00 -1.493124e+01 2.035967e+00 -1.188201e+01 -1.713830e+01 -1.091877e+01 -9.294906e+00 1.097239e+01 -5.576095e+00 5.260136e-01 -2.257323e+00 -3.755624e-01 8.043572e-01 -1.267569e-01 2.354594e-01 6.020747e-01 1.402126e-01 -5.269145e-01 -1.733933e-01 3.917042e-01 -2.695687e-01 -7.303554e-01 -1.201185e-01 6.680910e-01 1.426414e-01 -6.196209e-03 9.774851e-03 1.176769e-01 2.200077e-02 6.162557e-02 1.503701e-02 3.422361e-02 -1.047093e-01 -2.521396e-01 1.179281e-02 2.175181e-03 7.389317e-02 -1.080581e-01 -2.398299e-03
<VARIANCE> 39
 8.675751e+00 1.855139e+01 3.510633e+01 2.306264e+01 2.278087e+01 3.655979e+01 4.462454e+01 1.810640e+01 4.016279e+01 2.739976e+01 3.498483e+01 2.195511e+01 1.015963e-02 1.003840e-01 2.153216e-01 5.095340e-01 3.926957e-01 4.985625e-01 6.362191e-01 6.981689e-01 6.580004e-01 6.438971e-01 6.426934e-01 6.098365e-01 6.632946e-01 8.007497e-05 1.856741e-02 4.049782e-02 8.226176e-02 7.515106e-02 8.774648e-02 1.098032e-01 1.095229e-01 1.003820e-01 1.203873e-01 1.111829e-01 1.013723e-01 1.021123e-01 1.223717e-05
<GCONST> 4.571594e+01
<MIXTURE> 2 4.386038e-02
<MEAN> 39
 -6.451000e+00 -1.052092e+01 3.182969e+00 -1.633179e+01 -1.766199e+01 -1.552064e+01 4.182685e-01 1.194630e-01 -7.273053e+00 3.134372e+00 -4.015633e+00 3.366947e-01 8.066279e-01 1.755259e-01 -1.556998e-01 -3.735891e-01 4.521920e-01 1.773371e-01 -3.094588e-01 2.264930e-01 4.210889e-01 -1.580053e-01 -2.261025e-01 4.448959e-02 -1.379314e-01 -1.396783e-03 7.258336e-02 -5.356106e-02 -2.553159e-01 1.935897e-01 1.859188e-01 1.044609e-01 -3.502914e-01 1.985019e-01 1.299768e-01 -2.935248e-01 1.563685e-02 -1.161006e-01 -1.491303e-03
<VARIANCE> 39
 6.481117e+00 2.285300e+01 3.268660e+01 5.740897e+01 2.565715e+01 3.621710e+01 3.600197e+01 4.750938e+01 4.081139e+01 3.053934e+01 4.098755e+01 1.978217e+01 1.024676e-02 1.449690e-01 7.197813e-01 8.331860e-01 7.310118e-01 8.032303e-01 9.487436e-01 1.127076e+00 1.300470e+00 1.199602e+00 9.050034e-01 1.072441e+00 8.473982e-01 1.401394e-04 3.308244e-02 1.032787e-01 2.116440e-01 1.361945e-01 1.894373e-01 1.762141e-01 2.358755e-01 2.079312e-01 2.601766e-01 1.950883e-01 2.114955e-01 1.422510e-01 2.353686e-05
<GCONST> 6.342316e+01
<MIXTURE> 3 7.065974e-02
<MEAN> 39
 -4.632113e+00 -1.478774e+01 6.168143e+00 -8.052806e+00 -2.488645e+01 -8.019787e+00 -1.155514e+01 4.102149e+00 -1.626378e+00 -7.332620e+00 7.312622e+00 -2.212821e+00 8.198678e-01 -1.798807e-01 2.864259e-01 9.586202e-01 2.130369e-01 -6.190852e-01 2.184959e-01 -1.156080e-01 -4.867151e-01 -1.144787e+00 -2.692868e-01 6.809653e-01 -4.924782e-02 -4.469202e-03 -1.097332e-01 4.236943e-01 -2.256625e-01 1.500084e-01 6.336855e-01 -7.457261e-02 2.337846e-01 -1.783059e-01 -1.575463e-01 2.484270e-01 -5.004853e-01 -2.661916e-02 -1.103698e-02
<VARIANCE> 39
 6.011281e+00 1.467684e+01 2.016257e+01 1.945497e+01 1.907749e+01 2.556269e+01 2.898110e+01 3.030322e+01 3.542720e+01 2.030896e+01 2.214022e+01 2.504224e+01 8.799153e-03 3.034826e-01 7.294641e-01 7.287312e-01 6.756927e-01 8.440529e-01 9.788907e-01 1.122585e+00 1.109583e+00 1.386699e+00 1.038232e+00 9.485661e-01 8.586448e-01 3.282820e-04 8.579612e-02 1.218952e-01 1.199297e-01 1.387258e-01 1.723644e-01 1.684646e-01 2.352055e-01 1.917756e-01 2.538550e-01 1.635309e-01 1.766025e-01 1.574970e-01 5.496857e-05
<GCONST> 6.134294e+01
<MIXTURE> 4 4.336241e-02
<MEAN> 39
 -8.754230e+00 -1.289005e+01 4.111764e+00 -2.602597e+01 -1.608818e+01 -1.203716e+01 2.614930e+00 -2.153440e+00 -7.758706e+00 5.912818e+00 -8.742674e+00 -4.656235e-01 8.429231e-01 -1.795568e-01 7.666913e-01 1.043914e+00 -3.106352e-01 -3.490072e-01 -6.636643e-02 -5.622946e-01 -1.139436e+00 2.099975e-01 1.062876e+00 9.259303e-02 3.172064e-01 -5.801324e-03 6.080086e-02 2.902693e-01 -2.084778e-01 5.007339e-01 -1.513794e-02 4.684633e-03 -3.972115e-01 -2.107882e-01 -1.012265e-01 -4.694066e-01 -3.389454e-02 2.124590e-02 -9.575696e-03
<VARIANCE> 39
 8.094441e+00 1.466325e+01 2.608598e+01 2.787032e+01 1.698276e+01 3.331900e+01 1.827103e+01 3.570512e+01 2.780397e+01 3.418485e+01 2.488027e+01 1.677751e+01 7.183531e-03 3.158085e-01 5.795065e-01 7.193006e-01 8.015856e-01 8.073708e-01 1.256247e+00 1.572832e+00 1.592046e+00 1.162032e+00 1.157294e+00 7.450826e-01 1.011263e+00 2.620348e-04 7.697691e-02 1.441525e-01 1.796711e-01 2.178158e-01 1.576239e-01 2.674912e-01 2.199393e-01 3.806149e-01 2.296934e-01 3.161988e-01 1.700303e-01 1.791599e-01 6.407017e-05
<GCONST> 6.510849e+01
<MIXTURE> 5 8.728434e-02
<MEAN> 39
 -5.795393e+00 -1.368982e+01 9.544313e+00 -1.466547e+01 -1.927229e+01 -1.308580e+01 -8.942525e+00 7.180146e+00 -1.136999e+01 3.098966e+00 1.431408e+00 9.382258e-01 8.090724e-01 -2.635470e-01 7.122082e-01 1.025177e+00 1.971411e-01 -2.864568e-01 2.241844e-01 -8.518142e-02 -1.024367e+00 -1.288725e+00 -1.446697e-02 4.550588e-01 -2.432856e-01 -1.411093e-02 6.947774e-03 2.527739e-01 -3.697721e-01 3.594636e-01 3.363324e-01 1.030557e-01 3.827277e-02 -2.464824e-01 3.453285e-01 -3.090759e-01 -2.501162e-01 -1.938067e-01 -8.308275e-03
<VARIANCE> 39
 7.090917e+00 2.023990e+01 2.335639e+01 2.260283e+01 2.039354e+01 2.969898e+01 3.047122e+01 2.930786e+01 2.775417e+01 1.951549e+01 1.847864e+01 1.741804e+01 8.865329e-03 2.596153e-01 6.392257e-01 9.809424e-01 7.968473e-01 8.033370e-01 1.080515e+00 1.274477e+00 1.258482e+00 1.548907e+00 9.617546e-01 1.036575e+00 7.399190e-01 2.199687e-04 5.934648e-02 1.362441e-01 1.747419e-01 1.623078e-01 1.681799e-01 1.868690e-01 2.329060e-01 1.940809e-01 2.227556e-01 1.786836e-01 1.565672e-01 1.297067e-01 3.994930e-05
<GCONST> 6.127094e+01
<MIXTURE> 6 6.886481e-02
<MEAN> 39
 -5.698843e+00 -1.337847e+01 4.842872e+00 -7.537791e+00 -2.473776e+01 -8.797046e+00 -8.910072e+00 2.244146e+00 -1.378844e+00 -7.965887e+00 6.589120e+00 -2.814757e+00 8.024841e-01 -1.166289e-01 3.345234e-01 5.147355e-01 1.130808e-01 -2.646553e-01 4.563609e-02 8.124861e-02 -4.159918e-01 -7.816672e-01 3.352279e-02 2.487271e-01 2.703992e-02 -6.554232e-03 3.830663e-02 3.381773e-02 -2.470993e-02 9.777928e-03 1.918342e-01 -3.293673e-02 -1.036897e-01 -1.587431e-02 -9.211928e-02 7.107468e-02 -1.174016e-01 -2.344609e-02 -1.904318e-03
<VARIANCE> 39
 7.805554e+00 1.431956e+01 2.225114e+01 2.187553e+01 1.858440e+01 3.641688e+01 2.823745e+01 3.567260e+01 5.313287e+01 2.297169e+01 2.240590e+01 4.542303e+01 1.093706e-02 1.017400e-01 2.536142e-01 3.738119e-01 3.050714e-01 4.148178e-01 4.050913e-01 4.494956e-01 5.506984e-01 6.140980e-01 4.858460e-01 5.392813e-01 4.022015e-01 8.168945e-05 1.795133e-02 3.509339e-02 6.074975e-02 5.229947e-02 6.645592e-02 6.671312e-02 7.721857e-02 8.178993e-02 9.910247e-02 6.964083e-02 7.097992e-02 5.603608e-02 1.071266e-05
<GCONST> 3.881994e+01
<MIXTURE> 7 6.325194e-02
<MEAN> 39
 -9.087277e+00 -8.652443e+00 3.185101e+00 -2.350924e+01 -1.894036e+01 -7.925745e+00 -1.057888e+00 -5.605909e+00 -8.543251e+00 2.479265e+00 -8.709008e+00 -2.955386e+00 7.761856e-01 -9.657740e-05 4.605518e-01 4.153791e-01 3.902208e-02 -8.995242e-02 2.688239e-01 -2.594477e-01 -4.780105e-01 2.105078e-01 3.129795e-01 9.978633e-02 1.954032e-01 -6.092789e-03 6.708286e-02 3.590215e-03 -1.370366e-02 1.440527e-01 3.634532e-02 -1.222375e-01 1.201590e-02 9.441080e-02 -1.467938e-02 -1.420127e-02 9.874351e-02 7.507811e-02 -6.516727e-04
<VARIANCE> 39
 7.460835e+00 2.044719e+01 3.114487e+01 3.824426e+01 3.060875e+01 7.393887e+01 4.291584e+01 4.664560e+01 3.568796e+01 2.976742e+01 3.235573e+01 2.586077e+01 1.113110e-02 7.284773e-02 2.856775e-01 2.981359e-01 3.340411e-01 4.706951e-01 4.997275e-01 7.586802e-01 6.951661e-01 5.841163e-01 6.981702e-01 5.137053e-01 5.962304e-01 7.482897e-05 1.440187e-02 4.105541e-02 4.924186e-02 5.166077e-02 6.972935e-02 9.263644e-02 1.038666e-01 9.855213e-02 1.008609e-01 1.165610e-01 7.432018e-02 8.042926e-02 8.950577e-06
<GCONST> 4.424875e+01
<MIXTURE> 8 6.548095e-02
<MEAN> 39
 -1.044276e+01 -5.810677e+00 3.932994e+00 -2.425583e+01 -2.115917e+01 -5.924377e+00 -6.214489e+00 -7.970697e+00 -8.090981e+00 5.220313e+00 -1.063613e+01 -4.618265e-01 7.893205e-01 -1.137039e-01 8.421184e-01 6.375881e-01 -4.217574e-03 3.581395e-02 1.000591e-01 -1.286312e+00 -1.087139e+00 -7.098950e-02 -1.073692e-01 -3.186126e-01 4.495136e-01 -1.331106e-02 1.080297e-01 -5.257064e-02 -1.227602e-01 3.558667e-01 1.031349e-01 -1.519143e-01 2.325117e-01 1.524915e-01 -9.996001e-02 -2.471869e-01 1.279983e-01 -9.825584e-02 -4.256804e-03
<VARIANCE> 39
 7.129361e+00 1.421058e+01 1.859444e+01 2.988061e+01 2.301523e+01 3.670909e+01 4.281195e+01 3.587018e+01 3.928509e+01 2.949592e+01 2.159840e+01 3.024047e+01 1.111227e-02 2.116810e-01 6.375090e-01 7.253355e-01 8.444373e-01 7.466848e-01 9.933785e-01 1.525310e+00 1.319661e+00 1.269113e+00 1.644320e+00 1.083377e+00 1.153607e+00 1.993986e-04 4.553687e-02 8.920950e-02 1.023579e-01 1.225438e-01 1.628696e-01 1.627309e-01 2.368720e-01 2.041610e-01 2.074242e-01 2.682662e-01 1.872301e-01 1.852145e-01 3.882620e-05
<GCONST> 6.312380e+01
<MIXTURE> 9 5.766408e-02
<MEAN> 39
 -6.237211e+00 -1.260317e+01 7.264711e+00 -1.264190e+01 -2.351695e+01 -4.492652e+00 -7.775863e+00 6.535922e+00 -1.053801e+01 -8.827523e-01 2.974539e+00 -4.438425e+00 7.596923e-01 -1.742206e-01 5.279893e-01 6.593685e-01 -2.234571e-01 -3.071325e-01 4.348692e-01 -1.186898e-01 -6.673873e-01 -7.979599e-01 4.629856e-01 2.615200e-01 -3.038843e-01 -8.492278e-03 7.460578e-02 1.602952e-02 -1.671035e-01 1.398624e-01 2.291284e-01 -1.978751e-01 -8.667851e-02 -1.170368e-02 1.780230e-01 -1.308873e-01 -1.680569e-01 1.152363e-01 -1.887841e-03
<VARIANCE> 39
 5.800702e+00 1.424747e+01 2.438546e+01 2.191066e+01 1.998634e+01 4.700063e+01 2.667974e+01 2.961078e+01 2.123324e+01 2.384119e+01 2.171718e+01 1.970619e+01 1.118140e-02 1.633195e-01 3.372102e-01 5.280486e-01 5.851570e-01 5.911757e-01 6.785402e-01 7.621488e-01 8.712327e-01 8.536271e-01 7.745179e-01 7.180954e-01 5.343466e-01 1.130272e-04 2.537212e-02 4.822498e-02 7.474787e-02 8.192468e-02 8.120102e-02 9.337067e-02 1.175960e-01 1.336575e-01 1.257033e-01 1.295522e-01 9.400207e-02 8.030729e-02 1.578181e-05
<GCONST> 4.692948e+01
<MIXTURE> 10 7.741374e-02
<MEAN> 39
 -6.900696e+00 -7.823021e+00 4.992869e+00 -7.792256e+00 -2.451173e+01 -1.036679e+01 -5.063124e+00 -3.454449e+00 -3.631287e+00 -6.178168e+00 7.128447e+00 -3.028012e+00 7.642290e-01 -2.062458e-01 6.701897e-01 8.915140e-01 2.390158e-01 -3.199570e-02 4.944009e-01 -2.800541e-01 -8.452760e-01 -1.235382e+00 -4.391367e-02 -2.001864e-02 -3.052666e-01 -1.865142e-02 5.941401e-02 -8.721796e-02 -1.458735e-01 6.853694e-02 5.635971e-01 1.141836e-02 -1.516481e-01 3.656949e-01 -5.113150e-03 8.184087e-02 -4.494275e-01 5.222676e-03 -6.548842e-03
<VARIANCE> 39
 8.637278e+00 1.710476e+01 2.536470e+01 2.848236e+01 2.461285e+01 4.648510e+01 3.755493e+01 3.068411e+01 2.921770e+01 2.650423e+01 2.355843e+01 2.924947e+01 1.605549e-02 3.087788e-01 7.620595e-01 9.802923e-01 1.172926e+00 1.011389e+00 1.284076e+00 1.498658e+00 1.554942e+00 1.444501e+00 1.259990e+00 1.203001e+00 9.867655e-01 2.731194e-04 8.701444e-02 1.276913e-01 1.695401e-01 1.794914e-01 2.434584e-01 2.503835e-01 2.928766e-01 2.150292e-01 2.189840e-01 1.923792e-01 2.149996e-01 2.047238e-01 6.042895e-05
<GCONST> 6.920887e+01
<MIXTURE> 11 4.395171e-02
<MEAN> 39
 -5.027557e+00 -1.266104e+01 5.782704e+00 -9.856655e+00 -2.091446e+01 -1.214011e+01 -1.099590e+01 6.132322e+00 -7.192895e+00 -2.302724e+00 3.254001e+00 -8.793618e-01 7.800770e-01 -5.610204e-01 1.093904e+00 1.658993e+00 5.262318e-01 -4.341247e-01 2.465113e-01 1.984309e-01 -1.250706e+00 -2.144381e+00 -3.189652e-01 6.343970e-01 -3.413720e-01 -2.923309e-02 -1.623143e-01 4.782929e-01 -6.650328e-01 3.879750e-01 8.925090e-01 2.925715e-01 3.476779e-01 -5.370111e-01 4.991532e-01 -3.687729e-02 -5.382012e-01 -2.967835e-01 -1.697508e-02
<VARIANCE> 39
 8.631272e+00 2.317028e+01 2.890795e+01 3.098964e+01 3.868402e+01 5.095105e+01 5.491408e+01 3.839105e+01 3.553898e+01 3.066263e+01 3.452817e+01 3.428503e+01 1.101620e-02 6.156269e-01 1.171227e+00 1.517661e+00 1.679279e+00 1.522981e+00 2.471716e+00 2.492729e+00 2.659538e+00 3.059167e+00 2.294053e+00 2.418329e+00 2.077816e+00 4.559072e-04 1.836116e-01 2.625282e-01 2.694342e-01 3.758841e-01 4.173834e-01 5.699975e-01 5.778708e-01 5.066081e-01 4.182729e-01 3.591979e-01 3.953972e-01 3.851964e-01 1.588053e-04
<GCONST> 8.775838e+01
<MIXTURE> 12 8.679592e-02
<MEAN> 39
 -5.744160e+00 -1.017170e+01 -1.586546e+00 -8.132659e+00 -1.832834e+01 -1.632521e+01 7.629475e-02 3.420905e-01 9.116344e-01 -4.567997e+00 1.510656e+00 -4.479564e-01 7.965683e-01 -2.794042e-01 5.565510e-01 1.171535e+00 8.338229e-02 -9.123842e-01 1.619830e-01 4.485795e-02 -6.220495e-01 -1.277939e+00 7.703654e-02 1.004994e+00 1.345285e-01 -9.724316e-03 3.944562e-02 5.258985e-02 3.291097e-02 2.061273e-02 1.447779e-01 2.550812e-01 -3.517200e-01 -9.819360e-02 -1.173307e-01 1.299436e-01 -1.506765e-01 -1.788750e-01 -3.436874e-03
<VARIANCE> 39
 9.867919e+00 1.780915e+01 2.428375e+01 2.945204e+01 2.004784e+01 3.168120e+01 3.552145e+01 3.448847e+01 4.507025e+01 2.450120e+01 2.632306e+01 2.220636e+01 1.311117e-02 1.782650e-01 4.748480e-01 5.972706e-01 6.015621e-01 7.457209e-01 9.071532e-01 1.105073e+00 1.012595e+00 1.168466e+00 1.014459e+00 1.003440e+00 8.369429e-01 1.591192e-04 3.205451e-02 6.751326e-02 1.027185e-01 1.119726e-01 1.288960e-01 1.409518e-01 1.702500e-01 1.591419e-01 1.653982e-01 1.523665e-01 1.651421e-01 1.319158e-01 2.280219e-05
<GCONST> 5.709163e+01
<MIXTURE> 13 7.523379e-02
<MEAN> 39
 -8.928260e+00 -1.165146e+01 5.500445e-01 -2.272305e+01 -1.683078e+01 -7.873261e+00 3.630942e+00 -2.781724e+00 -7.398401e+00 7.760376e-01 -7.039454e+00 -3.536481e+00 8.069901e-01 -1.907903e-01 6.418546e-01 6.693023e-01 -5.337926e-01 -4.686258e-01 1.478674e-01 -4.685431e-01 -1.073273e+00 1.599028e-01 7.475886e-01 -1.966995e-01 -2.056514e-01 -8.353894e-03 2.551451e-02 9.503897e-02 -1.621693e-02 5.214131e-02 -4.769444e-02 -1.869334e-01 -3.324169e-01 -1.041208e-01 -8.985487e-02 -6.701942e-02 -1.639215e-01 1.319226e-01 -2.754379e-03
<VARIANCE> 39
 6.722891e+00 1.655934e+01 2.515641e+01 3.009300e+01 3.195604e+01 4.498932e+01 2.836399e+01 4.021139e+01 3.652379e+01 3.691559e+01 2.022164e+01 1.742615e+01 1.197587e-02 9.778160e-02 3.837140e-01 3.967343e-01 4.383048e-01 6.282123e-01 9.235538e-01 9.181070e-01 7.968206e-01 9.266514e-01 1.056540e+00 7.637988e-01 8.392718e-01 1.250511e-04 2.301626e-02 5.623256e-02 6.210589e-02 7.018746e-02 9.500603e-02 1.095745e-01 1.153308e-01 1.358862e-01 1.312810e-01 1.134753e-01 9.144206e-02 1.262031e-01 1.484695e-05
<GCONST> 5.004140e+01
<MIXTURE> 14 5.325634e-02
<MEAN> 39
 -9.421889e+00 -5.227092e+00 3.921944e+00 -1.764134e+01 -1.888487e+01 -1.016598e+01 1.253899e+00 -7.951470e+00 -5.630200e+00 8.772963e-01 -2.961375e+00 -3.148004e+00 7.112649e-01 8.120070e-02 3.409581e-01 3.352862e-01 3.122255e-01 -1.756358e-01 5.819524e-02 -2.749850e-01 -3.469453e-01 -4.966351e-01 2.251581e-01 -4.123194e-02 -3.575257e-02 -1.124588e-02 1.311535e-01 -2.134340e-01 -1.375325e-01 3.370581e-01 1.217592e-01 -1.751273e-01 -1.728892e-01 3.666038e-01 -1.773298e-01 -2.270751e-01 3.041879e-02 7.201016e-02 -2.860144e-03
<VARIANCE> 39
 5.946142e+00 2.492697e+01 3.141965e+01 9.432020e+01 3.998299e+01 5.757674e+01 4.507432e+01 4.892784e+01 4.311927e+01 2.270031e+01 3.596910e+01 2.941558e+01 1.752868e-02 2.889271e-01 7.392075e-01 8.190480e-01 1.043853e+00 9.491019e-01 1.478630e+00 1.087739e+00 1.346423e+00 1.198516e+00 9.841298e-01 8.183318e-01 7.830361e-01 3.526400e-04 7.288430e-02 1.254231e-01 2.046762e-01 3.058747e-01 2.490459e-01 2.953010e-01 2.434624e-01 3.041375e-01 2.193883e-01 2.207533e-01 1.674134e-01 1.681351e-01 5.506922e-05
<GCONST> 7.162317e+01
<MIXTURE> 15 4.117218e-02
<MEAN> 39
 -8.272869e+00 -1.143054e+01 1.032343e+00 -2.051854e+01 -2.071502e+01 -9.678088e+00 1.227666e+00 -1.841452e+00 -1.024816e+01 3.362928e+00 -6.531281e+00 -4.173054e+00 8.160806e-01 -6.136703e-01 1.342995e+00 1.384228e+00 -1.088735e+00 -6.804844e-01 7.615418e-01 -9.053342e-01 -2.135884e+00 8.247986e-02 1.386338e+00 -5.326906e-01 2.476497e-04 -1.347752e-02 1.767218e-01 1.015220e-01 -2.182880e-01 4.242355e-01 4.360275e-01 -2.020879e-01 -5.283759e-01 1.393612e-01 1.335586e-01 -3.878832e-01 -1.079718e-01 3.136932e-01 -5.431117e-03
<VARIANCE> 39
 9.067025e+00 1.845915e+01 2.676571e+01 3.499170e+01 2.845091e+01 4.959956e+01 3.649619e+01 4.103739e+01 4.438003e+01 3.191685e+01 3.548079e+01 1.829664e+01 1.003936e-02 3.058500e-01 7.298691e-01 8.204470e-01 1.267183e+00 1.036861e+00 2.042099e+00 1.889021e+00 1.924443e+00 2.437967e+00 1.760296e+00 1.302694e+00 1.438096e+00 2.314613e-04 5.287617e-02 1.147401e-01 1.635198e-01 1.766324e-01 2.251898e-01 2.727709e-01 3.474493e-01 3.851495e-01 3.482331e-01 2.600764e-01 2.575074e-01 2.065834e-01 3.806339e-05
<GCONST> 7.266513e+01
<MIXTURE> 16 4.452841e-02
<MEAN> 39
 -8.707781e+00 -1.119518e+01 1.217440e+01 -1.382996e+01 -2.343900e+01 -9.504560e+00 -9.307820e+00 1.465657e+00 -1.216296e+01 6.018586e-01 5.761257e+00 -3.376777e+00 8.209693e-01 -1.932953e-01 5.392654e-01 7.138746e-01 1.180877e-01 7.142412e-02 3.441533e-01 -2.147061e-01 -9.531544e-01 -9.260591e-01 -3.866426e-02 -1.096677e-01 -3.636104e-01 -1.270707e-02 8.575226e-02 -1.836194e-02 -1.874901e-01 1.454165e-01 1.895956e-01 -3.055136e-02 -2.249222e-02 1.734103e-01 9.989870e-02 -1.492254e-01 -2.041539e-01 -1.662945e-02 -4.186294e-03
<VARIANCE> 39
 6.132051e+00 1.262126e+01 1.875418e+01 2.363189e+01 2.223736e+01 3.246772e+01 1.829732e+01 2.112092e+01 2.294834e+01 3.532439e+01 2.160362e+01 2.449502e+01 7.184856e-03 1.236931e-01 2.657099e-01 4.291576e-01 2.512255e-01 2.844012e-01 5.010409e-01 5.852253e-01 9.041349e-01 6.402734e-01 5.478217e-01 6.926949e-01 4.957191e-01 1.615910e-04 2.396433e-02 5.882570e-02 6.487384e-02 6.087320e-02 6.460632e-02 9.093737e-02 1.119082e-01 1.278160e-01 9.539721e-02 8.965623e-02 1.216734e-01 9.231158e-02 2.428692e-05
<GCONST> 4.225896e+01
<STATE> 4
<NUMMIXES> 16
<MIXTURE> 1 6.771529e-02
<MEAN> 39
 -5.869226e+00 -7.937429e+00 7.189950e+00 -5.696775e+00 -1.837671e+01 -1.227427e+01 -7.620553e+00 5.635382e-01 -9.104210e+00 -4.613061e+00 2.561427e+00 -1.333465e+00 6.679615e-01 -2.434329e+00 2.720171e+00 -1.080872e+00 9.303138e-01 3.289169e+00 7.629793e-02 1.790351e+00 -7.554149e-01 5.652257e-01 3.032768e-01 -1.489928e+00 6.681423e-01 -6.242562e-02 -1.182949e+00 3.119088e-02 -6.441674e-01 -3.178355e-01 7.889636e-01 4.744801e-01 2.733451e-01 2.199057e-01 7.864767e-01 2.666886e-01 -1.687665e-01 1.265764e-01 -1.892324e-03
<VARIANCE> 39
 6.810140e+00 2.032456e+01 2.717640e+01 2.026675e+01 2.302653e+01 2.947686e+01 3.071225e+01 3.066468e+01 2.965252e+01 2.368869e+01 1.993751e+01 1.955934e+01 1.270154e-02 2.326747e+00 2.103798e+00 2.898539e+00 2.003119e+00 3.173807e+00 3.245038e+00 3.517142e+00 3.660177e+00 3.451559e+00 2.429821e+00 2.443132e+00 2.191002e+00 5.758970e-04 3.187687e-01 3.274238e-01 3.134350e-01 2.535791e-01 3.986502e-01 3.762494e-01 3.612972e-01 3.658804e-01 3.678692e-01 3.037734e-01 2.698834e-01 3.179370e-01 1.569301e-04
<GCONST> 8.690083e+01
<MIXTURE> 2 4.035573e-02
<MEAN> 39
 -1.173819e+01 -5.938753e+00 5.907035e-01 -9.128454e+00 -1.519505e+01 -8.626272e+00 -2.284786e+00 -3.233656e-01 -4.477798e+00 1.178015e-01 6.152179e-01 -9.391146e-01 3.588713e-01 -3.677024e-02 -6.811134e-02 -3.948658e-01 1.803623e-01 4.825107e-01 7.759343e-01 7.500161e-02 4.735157e-01 4.367652e-02 -3.242858e-01 -6.600842e-02 1.382388e-02 -5.787932e-03 3.655899e-01 -1.977523e-01 2.005331e-01 -1.706374e-01 -4.128793e-02 9.458450e-02 -3.224383e-01 2.831520e-03 -1.572866e-01 -1.294218e-01 -1.509373e-01 -1.493706e-01 1.731007e-02
<VARIANCE> 39
 2.621522e+01 3.018292e+01 5.891215e+01 4.742947e+01 6.042797e+01 5.374468e+01 5.091497e+01 4.628416e+01 5.746531e+01 6.120290e+01 4.265891e+01 3.257254e+01 4.588519e-02 2.656771e+00 3.381437e+00 4.300087e+00 5.524192e+00 6.321212e+00 5.700155e+00 4.462543e+00 4.093231e+00 4.675346e+00 4.384736e+00 3.592540e+00 3.216497e+00 5.205824e-03 5.023769e-01 5.858198e-01 5.938842e-01 9.263847e-01 1.038070e+00 9.999660e-01 7.185348e-01 7.996142e-01 7.968104e-01 8.711877e-01 7.623457e-01 6.899462e-01 4.581217e-04
<GCONST> 1.154860e+02
<MIXTURE> 3 5.101451e-02
<MEAN> 39
 -2.985584e+00 -1.348560e+01 2.737658e+00 -6.471764e+00 -1.748160e+01 -1.365721e+01 -1.206516e+01 4.516480e+00 -5.976525e+00 -5.204354e+00 1.012030e+00 -1.182934e+00 7.270779e-01 1.032300e+00 1.219513e+00 -2.638396e+00 1.394616e+00 3.546553e+00 5.168319e-01 -1.464155e+00 -1.830519e+00 8.075683e-01 2.919706e-01 -6.576675e-01 -8.189872e-01 -4.983975e-02 -2.692914e-01 9.143983e-01 -3.829299e-01 -3.183531e-01 5.827606e-01 9.524953e-01 6.896582e-01 -9.425448e-01 -2.917930e-01 5.032023e-01 2.423082e-02 -2.198073e-01 -1.722175e-02
<VARIANCE> 39
 7.612102e+00 1.826220e+01 3.198393e+01 3.456442e+01 3.365915e+01 5.105305e+01 5.471336e+01 4.245305e+01 4.967363e+01 3.999408e+01 3.930296e+01 3.022492e+01 1.185643e-02 7.996760e-01 1.398133e+00 2.149483e+00 3.144951e+00 2.308291e+00 4.290841e+00 4.085693e+00 3.842519e+00 3.478566e+00 2.393251e+00 2.622867e+00 1.952834e+00 8.310201e-04 1.819345e-01 2.426034e-01 2.813754e-01 3.920883e-01 5.144427e-01 7.212097e-01 6.539567e-01 4.741841e-01 6.697873e-01 5.296533e-01 4.780773e-01 4.201502e-01 2.867549e-04
<GCONST> 9.450248e+01
<MIXTURE> 4 4.913335e-02
<MEAN> 39
 -9.828531e+00 3.055701e-02 5.407754e+00 -1.573076e+01 -1.920830e+01 -8.852461e+00 -6.912909e+00 -1.462885e+01 -8.371451e+00 2.414276e-01 -9.551685e+00 -5.920121e-01 5.514584e-01 -1.850753e+00 1.582275e+00 -1.431315e+00 4.000557e+00 2.949676e+00 7.845988e-01 6.321981e-01 8.801605e-01 3.622819e-01 -1.573887e+00 1.565070e+00 -9.983153e-01 -9.864184e-02 -9.146075e-01 -5.952296e-01 -7.023427e-01 2.015980e-01 1.058894e+00 3.787724e-01 6.793038e-01 1.371023e+00 4.512904e-01 2.480918e-01 6.988319e-01 -2.778318e-02 -5.651737e-03
<VARIANCE> 39
 6.994041e+00 1.321705e+01 2.244330e+01 4.462723e+01 2.366468e+01 2.705577e+01 3.393781e+01 2.553353e+01 2.937145e+01 2.461707e+01 2.771925e+01 2.433463e+01 2.773068e-02 2.220418e+00 2.699489e+00 2.816895e+00 4.079218e+00 4.533500e+00 3.748041e+00 4.409273e+00 3.965213e+00 3.598062e+00 3.047786e+00 3.070846e+00 3.099301e+00 3.269418e-03 3.485529e-01 3.056447e-01 3.368753e-01 5.150052e-01 4.584849e-01 4.223187e-01 5.784629e-01 4.786114e-01 4.138847e-01 4.689495e-01 4.122331e-01 4.458767e-01 3.604987e-04
<GCONST> 9.652457e+01
<MIXTURE> 5 6.546456e-02
<MEAN> 39
 -4.225290e+00 -1.325022e+01 -9.221911e-01 -9.184237e+00 -1.785499e+01 -1.447184e+01 -7.659861e+00 6.239846e+00 -2.493692e+00 -2.659518e+00 -5.190860e-02 -1.112665e+00 8.171976e-01 4.565343e-01 -2.069921e-01 -1.738135e+00 1.658455e-01 1.711755e+00 3.719416e-01 -1.003231e+00 3.062141e-02 1.406022e+00 1.643140e-02 -9.800746e-01 -7.010069e-01 -1.767859e-03 9.969811e-02 9.308058e-02 -3.033960e-01 -3.417954e-01 5.040635e-01 5.945901e-01 -2.073623e-01 -5.767670e-01 2.030516e-01 3.721321e-01 -7.285666e-02 -3.767501e-01 -1.211900e-03
<VARIANCE> 39
 9.594982e+00 2.572528e+01 3.454098e+01 4.103872e+01 3.308790e+01 3.615244e+01 5.995063e+01 4.301007e+01 4.386035e+01 3.702108e+01 4.486499e+01 2.592124e+01 9.726965e-03 3.506775e-01 7.831119e-01 1.667342e+00 1.415563e+00 1.611403e+00 1.780779e+00 2.156685e+00 2.244887e+00 2.379120e+00 2.238459e+00 1.713354e+00 1.601682e+00 2.593071e-04 5.737003e-02 1.111905e-01 2.229043e-01 2.096183e-01 2.243671e-01 3.321825e-01 2.787269e-01 3.777910e-01 3.309681e-01 2.334555e-01 2.905256e-01 2.227919e-01 3.121714e-05
<GCONST> 7.718680e+01
<MIXTURE> 6 7.552187e-02
<MEAN> 39
 -6.025702e+00 -1.199432e+01 1.231125e+01 -1.279767e+01 -1.854911e+01 -1.255980e+01 -1.091772e+01 5.044125e+00 -1.568681e+01 1.707111e+00 1.655856e+00 -7.849741e-01 7.400567e-01 -3.177397e-01 1.547383e+00 -2.246814e-01 1.553372e+00 9.919013e-01 3.373089e-01 4.999362e-01 -1.275066e+00 -2.462804e-02 -1.122319e+00 -3.144955e-01 -4.357421e-01 -4.885424e-02 -4.767226e-01 5.940374e-01 -1.007392e+00 5.680522e-01 7.679845e-01 3.060140e-01 5.266714e-01 -2.669191e-01 1.126201e+00 -3.007968e-01 -2.269719e-01 1.509540e-02 -1.974588e-02
<VARIANCE> 39
 7.885249e+00 2.026874e+01 2.329547e+01 1.982719e+01 2.500559e+01 3.079773e+01 2.925569e+01 3.062470e+01 2.997238e+01 1.906390e+01 1.660312e+01 1.832028e+01 9.880699e-03 8.755447e-01 1.671606e+00 1.927084e+00 1.579574e+00 1.718016e+00 2.090017e+00 2.506264e+00 2.247981e+00 2.932452e+00 1.794359e+00 1.285511e+00 1.433171e+00 4.576361e-04 3.189549e-01 2.747783e-01 2.655856e-01 2.572200e-01 2.822066e-01 4.062079e-01 3.611715e-01 3.656884e-01 3.464264e-01 2.483702e-01 2.636840e-01 2.696657e-01 1.671752e-04
<GCONST> 7.976134e+01
<MIXTURE> 7 7.874273e-02
<MEAN> 39
 -8.363239e+00 -8.144202e+00 6.066102e+00 -2.100873e+01 -1.973079e+01 -1.343060e+01 -1.644792e+00 -7.055854e+00 -9.631371e+00 6.123296e+00 -6.757670e+00 -2.296966e-01 7.611917e-01 3.991571e-03 1.230800e+00 5.608726e-01 1.141925e+00 2.805057e-02 -6.080014e-02 -1.075349e+00 -1.107226e+00 -7.985474e-01 -4.780660e-01 -2.444252e-01 1.339220e-01 -3.764188e-02 -2.181025e-01 3.174430e-01 -5.387909e-01 9.079857e-01 6.691964e-01 3.201456e-01 -2.869521e-02 3.988413e-01 2.137328e-01 -7.783512e-01 1.685376e-01 -2.120681e-01 -1.810199e-02
<VARIANCE> 39
 7.108665e+00 1.695422e+01 2.997097e+01 5.502661e+01 2.512542e+01 3.062742e+01 2.588046e+01 4.089035e+01 4.019506e+01 2.976554e+01 2.948028e+01 1.873040e+01 1.303795e-02 6.837029e-01 1.552613e+00 1.694934e+00 1.974827e+00 1.515913e+00 2.211787e+00 2.030119e+00 3.319916e+00 1.701266e+00 2.244345e+00 1.728802e+00 1.463900e+00 2.900741e-04 2.452373e-01 2.017006e-01 2.532750e-01 3.334496e-01 4.039044e-01 3.462508e-01 4.212566e-01 4.141297e-01 4.527740e-01 3.394416e-01 3.501466e-01 2.589460e-01 1.337428e-04
<GCONST> 8.267269e+01
<MIXTURE> 8 3.650453e-02
<MEAN> 39
 -2.812791e+00 -9.146191e+00 1.351386e+00 -2.921223e+00 -1.232840e+01 -1.400403e+01 -1.298839e+01 5.910856e-01 -5.828618e+00 -5.164490e+00 1.424743e+00 -1.818855e+00 6.108331e-01 -8.888959e-01 3.492953e+00 -2.413603e+00 1.692694e+00 4.587495e+00 2.534007e+00 9.386998e-01 -2.023180e+00 8.808585e-01 2.838785e-01 -1.748987e+00 -6.629769e-01 -1.380670e-01 -9.378482e-01 3.915197e-01 1.001763e-01 -5.338873e-01 -7.269905e-02 8.763865e-01 9.089356e-01 -2.554100e-01 -5.814756e-02 3.665342e-01 -8.483698e-02 3.413111e-02 -1.786309e-02
<VARIANCE> 39
 1.008354e+01 2.038743e+01 3.077718e+01 2.863198e+01 3.825475e+01 3.297434e+01 3.056340e+01 3.006805e+01 3.250290e+01 3.402384e+01 2.535906e+01 2.204330e+01 1.455974e-02 2.510445e+00 2.384269e+00 3.160015e+00 3.764985e+00 2.860241e+00 4.896087e+00 5.775889e+00 4.993669e+00 5.548065e+00 5.166835e+00 4.020883e+00 2.611097e+00 2.282129e-03 3.796809e-01 4.508481e-01 4.042536e-01 3.935478e-01 6.512801e-01 6.622866e-01 6.166362e-01 4.969224e-01 4.605102e-01 4.749153e-01 3.729784e-01 2.799961e-01 5.029003e-04
<GCONST> 9.974248e+01
<MIXTURE> 9 9.306652e-02
<MEAN> 39
 -5.918358e+00 -1.084307e+01 8.554728e+00 -5.704473e+00 -2.466229e+01 -8.364552e+00 -1.081151e+01 -5.828928e-01 -6.149825e+00 -8.771643e+00 7.906139e+00 -3.279264e+00 7.515549e-01 -1.263074e-01 9.705161e-01 1.490492e-01 9.118185e-01 1.567351e+00 -1.996021e-01 3.293270e-01 -3.656927e-01 -1.060051e+00 -9.830513e-02 -1.069438e+00 -8.296612e-02 -4.290330e-02 -2.939113e-01 4.753024e-01 -6.583391e-01 1.069855e-01 1.161925e+00 -1.037615e-01 4.824441e-01 5.612000e-02 3.056065e-01 5.271376e-01 -7.659473e-01 1.764501e-01 -1.882702e-02
<VARIANCE> 39
 1.030746e+01 2.203362e+01 2.304757e+01 2.457910e+01 1.995550e+01 3.244596e+01 3.741866e+01 4.242559e+01 3.432826e+01 2.202527e+01 2.309537e+01 3.115219e+01 1.140157e-02 7.544328e-01 1.240747e+00 1.569464e+00 1.123827e+00 1.807244e+00 1.744948e+00 2.747865e+00 2.039612e+00 2.751982e+00 1.619345e+00 1.647584e+00 1.456185e+00 4.215435e-04 2.558519e-01 2.085523e-01 2.270989e-01 2.600324e-01 3.382947e-01 3.331206e-01 3.227950e-01 4.666258e-01 3.891924e-01 2.944598e-01 3.335418e-01 3.706636e-01 1.616591e-04
<GCONST> 8.116633e+01
<MIXTURE> 10 6.407679e-02
<MEAN> 39
 -7.491559e+00 -8.158643e+00 5.419620e+00 -1.714816e+01 -2.016053e+01 -6.271604e+00 -1.821479e+00 -3.246684e+00 -1.284984e+01 4.888215e-01 -3.150415e+00 -5.321319e+00 6.792392e-01 9.109694e-01 4.908618e-02 -1.597529e+00 2.543353e+00 1.422362e+00 -1.718051e+00 -4.853685e-01 6.365018e-01 -2.168444e-01 -1.273187e+00 2.274823e-01 3.256351e-01 -2.803701e-02 1.224039e-01 1.856731e-01 -7.028768e-01 5.063550e-01 7.477014e-01 -2.139082e-01 -2.855821e-01 -2.416593e-01 4.157538e-01 -1.625474e-01 -2.687024e-01 1.430963e-01 -6.340673e-03
<VARIANCE> 39
 6.729451e+00 3.051775e+01 4.003885e+01 4.923242e+01 3.353992e+01 7.842210e+01 5.221894e+01 6.034570e+01 4.069492e+01 3.749403e+01 6.936156e+01 3.307457e+01 2.313512e-02 5.867798e-01 1.210897e+00 1.796605e+00 2.271444e+00 2.188581e+00 3.458427e+00 3.682657e+00 3.343456e+00 2.818548e+00 2.634217e+00 2.250390e+00 2.037688e+00 4.060557e-04 9.985106e-02 1.942012e-01 3.173397e-01 4.130021e-01 3.774374e-01 6.705329e-01 6.290433e-01 6.510646e-01 4.036025e-01 4.604817e-01 3.570760e-01 3.493138e-01 6.217247e-05
<GCONST> 9.144701e+01
<MIXTURE> 11 5.198181e-02
<MEAN> 39
 -8.342922e+00 -7.203542e+00 7.095684e+00 -1.876573e+01 -1.949547e+01 -1.493747e+01 -3.325074e+00 -8.713415e+00 -1.193084e+01 5.617240e+00 -8.043268e+00 7.949741e-01 6.967865e-01 -1.908523e-01 2.307952e+00 -1.146368e+00 3.644643e+00 1.586301e+00 7.396649e-01 -8.205161e-01 -3.837011e-01 1.037476e-01 -2.094940e+00 3.390077e-01 -7.424934e-01 -9.310504e-02 -6.621830e-01 3.149418e-01 -8.682759e-01 8.079076e-01 1.114784e+00 8.862783e-01 8.894238e-02 6.154760e-01 7.040942e-01 -6.651117e-01 3.601351e-01 -4.046866e-01 -2.682295e-02
<VARIANCE> 39
 9.986096e+00 1.906484e+01 3.363206e+01 5.802343e+01 3.388576e+01 3.967592e+01 3.682931e+01 5.049533e+01 5.299154e+01 3.432743e+01 4.180025e+01 2.894237e+01 1.470316e-02 1.702883e+00 2.104690e+00 3.271882e+00 2.933144e+00 3.840826e+00 3.295528e+00 4.169739e+00 4.790518e+00 4.386333e+00 4.099057e+00 3.258561e+00 2.787129e+00 1.684013e-03 3.473862e-01 4.272266e-01 5.154418e-01 6.959714e-01 5.435577e-01 5.556695e-01 6.516266e-01 7.970307e-01 7.369323e-01 5.670837e-01 7.116575e-01 5.490293e-01 3.729553e-04
<GCONST> 1.029071e+02
<MIXTURE> 12 5.503030e-02
<MEAN> 39
 -6.911243e+00 -1.016514e+01 1.236086e+01 -7.749382e+00 -2.149195e+01 -9.219703e+00 -1.155552e+01 1.798818e+00 -1.395205e+01 -5.997054e+00 5.846484e+00 -5.270491e+00 6.573625e-01 -7.310774e-01 2.621751e+00 -1.360124e+00 2.369636e+00 2.995621e+00 -1.066229e-01 1.736458e+00 -1.121815e+00 1.989394e-01 -1.777112e-01 -1.550791e+00 2.399647e-02 -1.088329e-01 -5.510518e-01 4.397818e-01 -1.263994e+00 2.674835e-01 1.201106e+00 3.218540e-01 6.134967e-01 -2.160447e-01 1.119792e+00 4.237046e-01 -6.793604e-01 3.623472e-01 -2.904724e-02
<VARIANCE> 39
 8.549588e+00 2.001003e+01 2.304966e+01 3.299441e+01 2.731916e+01 3.378162e+01 3.446088e+01 3.864776e+01 3.270794e+01 4.188941e+01 2.308821e+01 2.968052e+01 1.180056e-02 1.484654e+00 2.220996e+00 2.891585e+00 2.235020e+00 3.123114e+00 3.073505e+00 3.249155e+00 3.310097e+00 5.073216e+00 3.438707e+00 3.238107e+00 2.714941e+00 1.523815e-03 2.307057e-01 3.951815e-01 3.386248e-01 4.894941e-01 4.828333e-01 5.688739e-01 4.848898e-01 6.207615e-01 6.124402e-01 4.713096e-01 4.630855e-01 3.884371e-01 2.888572e-04
<GCONST> 9.523781e+01
<MIXTURE> 13 6.805943e-02
<MEAN> 39
 -9.002122e+00 -2.206760e+00 7.146157e+00 -3.705816e+00 -1.592179e+01 -1.186770e+01 -3.358337e+00 -2.416066e+00 -1.209867e+01 -3.289580e+00 1.632976e+00 -2.518548e+00 4.686623e-01 -2.076726e+00 1.984619e+00 -2.447870e+00 1.875439e+00 4.304174e+00 1.548550e+00 1.168308e+00 -2.459272e-01 1.750661e+00 -1.489042e-01 -1.346653e+00 2.107499e-01 -1.316988e-01 -5.548544e-01 -6.637642e-01 -6.654846e-01 -5.993159e-01 4.002921e-01 6.091954e-01 -1.703469e-01 3.016945e-01 7.943176e-01 3.178503e-01 -1.207037e-01 1.916091e-01 -3.892622e-04
<VARIANCE> 39
 9.139704e+00 1.649819e+01 2.530568e+01 3.116930e+01 3.308704e+01 3.877604e+01 2.647981e+01 3.644516e+01 3.515481e+01 3.392421e+01 2.596309e+01 2.471105e+01 2.461308e-02 2.479433e+00 3.175867e+00 3.452518e+00 4.014627e+00 3.686337e+00 4.054802e+00 4.399773e+00 4.543686e+00 4.348866e+00 4.372647e+00 3.248928e+00 2.983610e+00 3.205278e-03 2.948381e-01 3.530536e-01 4.797137e-01 5.041356e-01 5.755486e-01 6.327063e-01 4.475917e-01 5.060915e-01 7.491094e-01 5.227522e-01 4.409929e-01 4.198885e-01 4.564345e-04
<GCONST> 1.006092e+02
<MIXTURE> 14 5.312223e-02
<MEAN> 39
 -1.154869e+01 8.679494e-01 -1.043266e-01 -1.127034e+00 -5.946591e+00 -6.126748e+00 -5.142244e+00 -4.941695e+00 -6.212331e+00 -3.457396e+00 -4.359297e+00 -3.772252e+00 1.585837e-01 -1.495923e+00 5.401617e-01 -2.628690e+00 4.071044e-01 2.984303e+00 1.777557e+00 8.744124e-01 -3.598977e-02 1.321427e+00 2.158281e-01 -7.234250e-01 -1.639904e-02 -8.775354e-02 1.169776e-01 -9.879790e-01 4.440464e-01 -1.170354e+00 -1.108467e+00 -2.412605e-01 -1.889362e-01 2.899299e-01 -2.396551e-01 3.395911e-01 5.399784e-01 2.795545e-01 4.173702e-02
<VARIANCE> 39
 2.497131e+01 1.893677e+01 3.576984e+01 3.329229e+01 3.436303e+01 3.247825e+01 3.583801e+01 4.145655e+01 3.619249e+01 3.271765e+01 2.682872e+01 2.138896e+01 3.757044e-02 2.510524e+00 4.320219e+00 4.749241e+00 6.387846e+00 6.681873e+00 4.455038e+00 4.813098e+00 5.463338e+00 4.585719e+00 4.488925e+00 4.616149e+00 3.445945e+00 4.855197e-03 5.317525e-01 5.130793e-01 8.019115e-01 8.540764e-01 8.982663e-01 8.006530e-01 9.682222e-01 8.947065e-01 8.931181e-01 8.290897e-01 7.652423e-01 5.791051e-01 6.323329e-04
<GCONST> 1.116789e+02
<MIXTURE> 15 6.000216e-02
<MEAN> 39
 -1.065972e+01 -2.606726e+00 7.010330e+00 -2.365299e+01 -1.909389e+01 -3.888710e+00 -9.192952e+00 -1.051387e+01 -7.935006e+00 3.519986e+00 -1.036583e+01 -2.790369e-01 6.712119e-01 1.481395e-01 6.868128e-01 2.963325e-02 1.220468e+00 1.376609e-01 4.314271e-02 -5.041359e-02 -7.424777e-01 -4.976449e-01 -6.439386e-01 -1.111888e-01 -1.594254e-01 -3.670395e-02 6.811570e-02 -1.555767e-01 -5.314850e-01 8.307416e-01 3.169346e-01 -3.758269e-01 5.568901e-01 2.915150e-01 -1.002941e-01 -3.261216e-01 3.582659e-01 -2.316186e-01 -9.526465e-03
<VARIANCE> 39
 7.853705e+00 2.556707e+01 2.639209e+01 4.140832e+01 2.857883e+01 4.914432e+01 5.581800e+01 4.534084e+01 4.251475e+01 4.237794e+01 3.114735e+01 3.806701e+01 2.279560e-02 5.998240e-01 1.266787e+00 1.312890e+00 1.922005e+00 1.736142e+00 2.032731e+00 2.761196e+00 2.434376e+00 1.828081e+00 1.957048e+00 2.094594e+00 1.767814e+00 7.127694e-04 1.528203e-01 1.804199e-01 2.598009e-01 4.098120e-01 3.775342e-01 4.382825e-01 4.385832e-01 4.532138e-01 4.109359e-01 4.232549e-01 3.740636e-01 3.933800e-01 1.479006e-04
<GCONST> 8.727814e+01
<MIXTURE> 16 9.018942e-02
<MEAN> 39
 -6.549203e+00 -1.051857e+01 7.257666e+00 -1.057119e+01 -2.282114e+01 -7.937637e+00 -8.286971e+00 3.996521e+00 -1.083981e+01 -2.008652e+00 4.164543e+00 -4.062768e+00 7.497030e-01 3.590191e-01 4.365203e-03 -2.992125e-01 7.743429e-01 6.472209e-01 -4.638804e-01 -4.636412e-01 2.155985e-01 -8.770095e-02 -5.794003e-01 -1.248864e-01 2.339181e-02 -1.585268e-02 1.890959e-01 -1.951566e-03 -5.557234e-01 3.000691e-01 6.367289e-01 -1.963094e-01 -1.313274e-01 -5.239977e-02 5.938029e-01 -1.784012e-01 -3.264629e-01 1.056533e-01 -6.027469e-03
<VARIANCE> 39
 7.590772e+00 1.932815e+01 3.541301e+01 3.371970e+01 2.663784e+01 6.012745e+01 3.476672e+01 3.549050e+01 3.649417e+01 2.997222e+01 3.054234e+01 2.685739e+01 1.463540e-02 2.919792e-01 5.774770e-01 8.262868e-01 8.732024e-01 9.629750e-01 1.081648e+00 1.337024e+00 1.353950e+00 1.517377e+00 1.132912e+00 8.684412e-01 8.145630e-01 2.603955e-04 6.384902e-02 1.125904e-01 1.909247e-01 1.947329e-01 2.521768e-01 2.957351e-01 2.842778e-01 2.852215e-01 2.750245e-01 1.943253e-01 1.829116e-01 1.976244e-01 5.970482e-05
<GCONST> 6.888954e+01
<TRANSP> 5
 0.000000e+00 1.000000e+00 0.000000e+00 0.000000e+00 0.000000e+00
 0.000000e+00 6.937891e-01 3.062109e-01 0.000000e+00 0.000000e+00
 0.000000e+00 0.000000e+00 8.109809e-01 1.890191e-01 0.000000e+00
 0.000000e+00 0.000000e+00 0.000000e+00 7.260270e-01 2.739731e-01
 0.000000e+00 0.000000e+00 0.000000e+00 0.000000e+00 0.000000e+00
<ENDHMM>
