~o
<STREAMINFO> 1 39
<VECSIZE> 39<NULLD><MFCC_E_D_A><DIAGC>
~h "f"
<BEGINHMM>
<NUMSTATES> 5
<STATE> 2
<NUMMIXES> 16
<MIXTURE> 1 6.944242e-02
<MEAN> 39
 -1.319344e+01 -4.166059e+00 -1.685721e+00 -1.954561e+00 -5.293108e+00 -7.733817e+00 -3.553625e+00 -8.774948e-01 -3.391299e+00 -2.317000e+00 -2.798017e+00 -4.433491e-01 3.827922e-01 -4.195244e+00 -3.865013e-01 -2.898342e+00 -2.466016e-01 2.310668e+00 1.921753e+00 1.008695e+00 5.862154e-01 2.331939e+00 5.022743e-01 -1.256053e-01 1.637035e-01 -7.073436e-02 -1.362650e-01 -5.547585e-01 8.203904e-02 -7.034709e-01 -8.519266e-01 -2.924663e-02 -3.150101e-01 -8.476511e-03 -4.095834e-01 9.406091e-02 1.112098e-01 -8.353340e-02 1.328459e-02
<VARIANCE> 39
 1.722967e+01 1.196287e+01 1.849022e+01 1.157110e+01 1.555323e+01 1.717992e+01 2.168776e+01 1.689541e+01 1.713559e+01 1.226359e+01 1.304611e+01 1.217060e+01 1.812608e-02 1.355258e+00 2.385005e+00 3.493649e+00 2.734497e+00 2.503254e+00 3.084330e+00 3.534446e+00 4.871333e+00 4.048306e+00 3.775830e+00 3.940664e+00 2.503738e+00 1.526116e-03 3.029231e-01 3.963909e-01 4.833279e-01 3.625090e-01 3.849521e-01 5.409877e-01 5.098634e-01 4.606275e-01 4.833511e-01 4.370066e-01 4.556284e-01 3.760642e-01 1.640924e-04
<GCONST> 8.820593e+01
<MIXTURE> 2 4.542378e-02
<MEAN> 39
 -1.971250e+01 -1.996325e+00 -5.265388e+00 -2.746610e+00 -2.036900e+00 -3.014685e-02 -8.751333e-01 4.615588e-02 -1.519890e+00 2.974895e-01 -1.393812e+00 -5.486395e-01 7.930427e-03 -2.202293e+00 -9.833705e-01 -9.529408e-01 -5.440683e-01 1.568946e-02 4.785729e-01 2.675533e-01 6.896731e-01 8.969265e-01 4.564065e-01 6.649413e-01 7.567215e-01 -3.541623e-02 8.873825e-01 -7.127618e-01 -1.421991e-01 -6.019703e-01 -7.705572e-01 -8.613788e-01 -4.536900e-01 -3.263412e-01 -3.165780e-01 -2.275185e-01 -1.989241e-01 -1.604442e-01 5.187663e-02
<VARIANCE> 39
 9.857587e+00 8.384493e+00 8.716989e+00 9.739868e+00 1.014729e+01 9.253548e+00 1.125076e+01 9.993880e+00 1.234554e+01 1.050916e+01 8.904799e+00 8.368752e+00 1.704756e-02 3.632427e+00 3.167192e+00 2.373046e+00 2.127898e+00 2.774943e+00 3.093914e+00 2.514707e+00 2.818489e+00 2.921704e+00 2.355421e+00 1.689271e+00 1.585902e+00 5.091141e-03 4.782395e-01 3.867844e-01 6.130307e-01 4.375598e-01 4.948893e-01 4.434438e-01 5.242813e-01 5.928012e-01 6.406325e-01 3.955746e-01 4.602974e-01 3.244323e-01 4.843949e-04
<GCONST> 8.411189e+01
<MIXTURE> 3 6.853200e-02
<MEAN> 39
 -4.032715e+00 -6.341172e+00 -1.054555e+01 -7.680295e+00 -2.633763e+00 -2.643986e+00 -2.066714e+00 -7.413548e-01 2.733611e-01 -6.988791e-02 -4.204135e+00 -4.137249e+00 5.667171e-01 -4.392450e+00 1.942305e+00 1.545202e+00 2.060405e+00 9.931008e-01 8.343089e-01 1.227875e+00 1.029303e-01 -2.414577e-01 -1.473658e-01 6.913082e-01 1.084474e+00 -1.139835e-01 -1.111890e+00 -6.454743e-01 1.024867e-01 -2.872651e-01 -4.218776e-01 -2.500154e-01 -3.118098e-01 1.169112e-01 -4.472921e-02 -1.023208e-01 1.407936e-01 2.042548e-01 -3.458129e-03
<VARIANCE> 39
 8.557092e+00 1.279652e+01 1.807493e+01 2.336049e+01 1.574196e+01 3.792559e+01 3.764887e+01 2.847550e+01 2.285485e+01 2.719748e+01 2.382190e+01 1.739000e+01 1.628128e-02 2.529481e+00 2.832252e+00 3.185648e+00 3.883979e+00 3.531058e+00 4.868317e+00 5.692280e+00 4.226457e+00 3.458920e+00 4.300126e+00 3.369542e+00 2.654045e+00 1.598188e-03 1.715263e-01 2.831170e-01 3.110496e-01 3.485014e-01 3.623486e-01 3.555864e-01 4.756928e-01 4.953218e-01 3.020920e-01 4.000789e-01 3.421123e-01 3.360821e-01 1.474356e-04
<GCONST> 9.125031e+01
<MIXTURE> 4 9.552986e-02
<MEAN> 39
 -2.079241e+01 -6.214302e+00 -6.861215e+00 -6.795192e+00 -4.297241e+00 -3.641884e+00 -2.621444e+00 1.837207e-01 -9.680266e-01 -5.915584e-03 -1.318464e+00 -6.628243e-01 3.186820e-01 -6.939205e-01 -1.838472e-02 -2.974719e-01 7.379085e-01 -4.727395e-01 4.265300e-02 -1.844678e-01 -4.885018e-01 -1.278756e-01 -4.087478e-02 -2.221322e-01 -1.091612e-01 -4.487685e-02 -1.149642e-02 1.322150e-01 -5.093770e-02 1.169007e-02 1.357343e-01 -4.639044e-02 -3.049239e-02 -1.986947e-03 -8.846633e-02 -5.462077e-02 -4.968937e-02 3.942953e-02 5.948846e-03
<VARIANCE> 39
 1.916291e+01 1.648769e+01 8.873345e+00 1.187952e+01 1.132860e+01 1.172388e+01 1.224682e+01 1.098985e+01 8.388522e+00 8.692892e+00 7.883899e+00 8.378551e+00 2.482152e-02 2.778953e+00 2.118212e+00 2.005938e+00 1.961321e+00 2.086745e+00 1.862340e+00 2.193717e+00 1.810930e+00 1.698856e+00 1.351046e+00 1.748153e+00 1.485254e+00 2.657827e-03 3.122980e-01 2.938644e-01 2.324450e-01 2.721282e-01 3.218666e-01 3.292900e-01 2.914462e-01 3.248926e-01 2.725424e-01 2.243993e-01 2.203009e-01 2.207386e-01 2.880220e-04
<GCONST> 7.467873e+01
<MIXTURE> 5 7.257715e-02
<MEAN> 39
 -2.397421e+01 -8.429006e+00 -7.754075e+00 -4.871742e+00 -3.393824e+00 -2.682476e+00 -2.079762e+00 -1.522069e-01 -7.176301e-01 1.491980e-01 -7.810478e-01 -1.172036e-01 2.783323e-01 -2.570848e+00 -1.454796e+00 -8.234535e-01 -1.827262e-01 -1.521110e-01 2.418001e-01 5.490675e-01 9.674269e-01 9.932138e-01 1.154639e+00 1.056680e+00 7.850056e-01 -2.126284e-02 1.648892e+00 1.630754e-01 -2.975015e-01 -5.959783e-01 -3.443305e-01 -3.041584e-01 -4.331453e-01 -4.030538e-01 -3.239183e-01 -2.485115e-01 -3.640449e-01 -2.253094e-01 2.848952e-02
<VARIANCE> 39
 5.831879e+00 7.767500e+00 8.734706e+00 8.663684e+00 7.427251e+00 9.149247e+00 9.071842e+00 8.924460e+00 9.630719e+00 1.087345e+01 9.090583e+00 6.697687e+00 1.375034e-02 1.594283e+00 8.545316e-01 1.087137e+00 1.231310e+00 1.380589e+00 1.309196e+00 1.438001e+00 1.330753e+00 1.579182e+00 1.384102e+00 1.445887e+00 1.298065e+00 1.140950e-03 1.515859e-01 2.244587e-01 2.698767e-01 4.091915e-01 3.678985e-01 4.615767e-01 4.685391e-01 3.483241e-01 3.628629e-01 3.721782e-01 3.528521e-01 3.012118e-01 2.117318e-04
<GCONST> 6.750697e+01
<MIXTURE> 6 6.016301e-02
<MEAN> 39
 -1.463669e+01 -3.594669e+00 -5.369903e+00 -3.955765e+00 -1.569282e-01 3.598018e-01 5.918823e-01 1.358693e+00 7.988441e-02 -6.167035e-01 -2.982612e+00 -2.000511e+00 3.593377e-01 -5.066564e+00 2.568670e-01 6.671650e-01 1.291473e+00 1.511757e-01 -3.576818e-01 -2.304716e-01 2.619256e-01 -3.871047e-02 -1.396875e-01 6.243541e-01 1.141228e+00 -9.618364e-02 3.953941e-01 -9.199167e-01 -5.734391e-01 -9.238762e-01 -7.125535e-01 -4.383609e-01 -6.024094e-01 -3.350521e-01 -1.577520e-01 -3.126466e-02 -1.416243e-02 -1.507277e-01 2.379222e-02
<VARIANCE> 39
 1.463561e+01 1.055488e+01 1.061121e+01 9.993844e+00 8.930161e+00 1.147415e+01 1.177201e+01 1.233837e+01 1.428195e+01 1.129867e+01 1.210232e+01 1.049256e+01 1.778078e-02 1.532102e+00 3.019578e+00 2.625306e+00 4.280901e+00 2.086529e+00 4.643353e+00 3.776836e+00 3.247152e+00 3.235547e+00 3.631478e+00 3.173453e+00 2.327805e+00 2.540083e-03 2.955239e-01 3.438360e-01 3.933105e-01 4.424748e-01 3.829035e-01 4.417600e-01 5.803942e-01 4.046229e-01 3.724832e-01 4.671833e-01 3.751426e-01 3.597279e-01 1.703404e-04
<GCONST> 8.441388e+01
<MIXTURE> 7 5.481554e-02
<MEAN> 39
 -2.196855e+01 -6.805581e+00 -7.057133e+00 -5.549211e+00 -4.386383e+00 -2.990887e+00 -1.370234e+00 -4.910145e-01 -3.171516e+00 -4.538818e+00 -5.985190e+00 -2.371111e+00 2.769583e-01 -1.086022e+00 -5.638909e-01 -8.526577e-01 -2.695003e-01 -3.765308e-01 -1.589614e-01 -3.558809e-01 -1.127410e-01 9.229797e-02 2.689573e-01 1.264371e-01 1.768401e-01 -1.323393e-02 7.968562e-01 4.973590e-02 7.300578e-03 -1.730678e-01 -4.842631e-02 -3.189379e-01 -3.423425e-01 -1.262428e-03 2.216287e-01 5.991598e-01 5.878619e-01 2.369478e-01 1.542364e-02
<VARIANCE> 39
 1.182577e+01 1.186413e+01 9.236484e+00 1.017846e+01 1.197498e+01 1.037821e+01 1.028738e+01 1.089063e+01 1.100002e+01 9.278696e+00 7.297794e+00 1.133665e+01 2.383282e-02 1.625887e+00 1.116465e+00 9.476127e-01 1.782658e+00 1.307484e+00 1.272790e+00 1.583067e+00 1.288613e+00 1.477614e+00 1.272931e+00 1.349955e+00 1.093851e+00 1.501888e-03 5.498734e-01 2.129378e-01 2.710306e-01 3.578717e-01 3.110895e-01 3.481528e-01 3.072587e-01 3.414001e-01 3.549773e-01 2.555656e-01 2.187100e-01 3.421650e-01 2.887950e-04
<GCONST> 7.077586e+01
<MIXTURE> 8 5.553294e-02
<MEAN> 39
 -1.802595e+01 -3.734628e+00 -3.945779e+00 -3.355214e+00 -3.064719e+00 -4.527020e+00 -4.805172e+00 -4.904505e+00 -6.628609e+00 -6.553980e+00 -6.344543e+00 -3.668624e+00 2.702209e-01 -4.510802e+00 -8.320699e-01 -2.133470e-01 7.069324e-01 7.353292e-01 1.507885e+00 1.656823e+00 1.617603e+00 1.804365e+00 1.309021e+00 1.772101e+00 1.221246e+00 -7.690476e-02 7.392692e-01 -7.538277e-01 -6.310202e-01 -8.866848e-01 -5.590518e-01 -4.340699e-01 -7.174778e-02 4.640360e-01 2.480771e-01 6.661683e-01 1.286284e-01 2.734731e-01 2.926746e-02
<VARIANCE> 39
 1.087897e+01 1.514230e+01 1.239948e+01 1.083619e+01 9.840636e+00 1.354738e+01 1.329678e+01 1.445929e+01 1.364444e+01 1.248323e+01 1.118684e+01 1.109278e+01 1.728366e-02 1.356653e+00 1.970213e+00 2.413913e+00 2.826221e+00 2.791574e+00 2.998450e+00 2.286186e+00 2.823578e+00 2.170955e+00 2.474439e+00 2.215026e+00 2.023235e+00 2.154473e-03 2.403995e-01 4.042917e-01 3.858978e-01 5.033447e-01 5.171657e-01 5.897565e-01 5.468748e-01 5.040135e-01 4.987486e-01 4.390911e-01 3.984571e-01 4.108608e-01 1.976492e-04
<GCONST> 8.336505e+01
<MIXTURE> 9 5.203564e-02
<MEAN> 39
 -2.088158e+01 -6.477871e+00 -7.426925e+00 -3.725393e+00 -1.242956e+00 -1.541106e+00 -1.875692e+00 -3.613403e-01 -7.712290e-01 -4.697315e-01 -2.150788e+00 -1.486685e+00 2.707458e-01 -4.464475e+00 -1.540324e+00 2.213000e-01 1.568948e+00 2.128934e-01 -9.264278e-01 -3.816301e-01 7.088643e-01 4.774581e-01 1.269790e-01 -1.306164e-01 2.447725e-01 -7.398342e-02 1.470748e+00 -3.584372e-01 -5.374651e-01 -1.364852e+00 -6.401972e-01 1.770049e-01 -3.537639e-01 -3.444093e-01 -1.479293e-01 3.283211e-02 1.820572e-01 -5.891370e-02 3.727647e-02
<VARIANCE> 39
 7.390468e+00 8.054701e+00 8.000113e+00 9.000751e+00 8.938318e+00 1.064002e+01 1.053788e+01 9.662949e+00 9.735523e+00 9.414061e+00 8.028666e+00 9.470680e+00 1.564286e-02 1.236239e+00 1.246031e+00 1.339635e+00 1.623041e+00 1.928512e+00 2.043157e+00 2.760391e+00 1.859732e+00 1.744674e+00 2.082171e+00 1.845119e+00 1.681394e+00 1.391709e-03 1.518358e-01 3.453227e-01 3.574241e-01 3.818046e-01 4.975738e-01 5.301480e-01 6.579837e-01 3.691123e-01 4.942918e-01 4.684373e-01 4.617234e-01 4.074852e-01 1.539888e-04
<GCONST> 7.437091e+01
<MIXTURE> 10 6.415473e-02
<MEAN> 39
 -1.829752e+01 -9.281599e+00 -1.109898e+01 -8.336612e+00 -6.240049e+00 -4.626822e+00 -3.467920e+00 -1.026114e+00 -7.727681e-01 -1.988406e-01 -1.078788e+00 6.185571e-01 2.632008e-01 -1.818472e+00 -1.091882e+00 -6.584215e-01 -6.808760e-01 -8.722222e-01 -5.791928e-01 -2.763511e-01 3.166434e-01 5.618776e-01 2.765625e-01 4.598828e-01 3.862478e-01 2.349952e-02 2.824349e-01 6.420003e-01 7.316299e-01 5.654135e-01 1.837885e-01 5.906708e-02 -2.040276e-02 -2.127035e-01 -3.831694e-01 -1.151081e-01 -2.705785e-01 -3.461602e-01 3.032426e-03
<VARIANCE> 39
 2.646483e+01 1.745302e+01 1.524957e+01 1.865058e+01 2.175782e+01 1.909138e+01 1.815558e+01 1.589225e+01 1.613899e+01 1.449435e+01 1.243042e+01 1.130294e+01 2.766624e-02 2.931725e+00 2.925444e+00 2.643915e+00 3.199595e+00 3.041445e+00 2.583314e+00 2.105476e+00 2.452693e+00 2.328770e+00 1.878637e+00 1.833122e+00 1.930948e+00 2.874153e-03 6.783291e-01 4.267505e-01 4.366719e-01 5.206899e-01 6.726058e-01 5.876902e-01 5.827973e-01 5.614856e-01 5.289761e-01 4.108347e-01 4.162000e-01 3.838658e-01 5.115593e-04
<GCONST> 9.114046e+01
<MIXTURE> 11 8.718234e-02
<MEAN> 39
 -2.099787e+01 -7.700498e+00 -6.550632e+00 -5.176353e+00 -4.908146e+00 -4.965125e+00 -1.764191e+00 4.830017e-01 -1.368267e+00 -1.419855e+00 -2.512049e+00 -8.053089e-01 2.918899e-01 -2.954807e+00 -1.331737e+00 -2.008502e+00 -9.040888e-01 3.188695e-01 1.091065e+00 7.819175e-01 1.188200e+00 1.497072e+00 9.117568e-01 6.254291e-01 5.151892e-01 -2.662854e-02 1.005822e+00 1.022491e-01 4.591853e-01 -1.531831e-01 -6.561255e-01 -5.076094e-01 -4.978031e-01 -4.209080e-01 -6.903220e-01 -9.596547e-02 -5.902614e-02 -1.133027e-01 2.147846e-02
<VARIANCE> 39
 9.650545e+00 8.597767e+00 1.166978e+01 1.071018e+01 1.136123e+01 1.163218e+01 1.666652e+01 1.556824e+01 1.430905e+01 1.330121e+01 1.086075e+01 1.029861e+01 1.844810e-02 1.501589e+00 1.412645e+00 1.720644e+00 1.613641e+00 1.863296e+00 2.034106e+00 2.167192e+00 2.915025e+00 1.910958e+00 2.265192e+00 2.530799e+00 1.833873e+00 1.114254e-03 1.695786e-01 3.170904e-01 4.431478e-01 3.825811e-01 4.061636e-01 3.947818e-01 4.960994e-01 5.739344e-01 4.744419e-01 4.891250e-01 5.117925e-01 3.497439e-01 1.685357e-04
<GCONST> 7.883540e+01
<MIXTURE> 12 4.902720e-02
<MEAN> 39
 -2.179923e+01 -9.683080e+00 -9.808808e+00 -5.686870e+00 -3.381037e+00 -4.187405e+00 -4.116137e+00 -2.003703e+00 -2.262765e+00 -1.434186e+00 -3.202403e+00 -1.602873e+00 3.373882e-01 -2.132000e+00 -1.333855e+00 -1.312356e+00 -7.667197e-01 -9.179096e-01 -6.552013e-01 -6.136934e-01 -2.069957e-01 -1.939466e-02 -2.340293e-02 -1.672275e-01 2.883561e-02 -7.093584e-03 1.385273e+00 4.169226e-01 1.487352e-01 -3.751572e-01 -3.121889e-01 7.533818e-03 -1.180675e-01 1.051453e-02 -7.826973e-03 1.256746e-01 2.517282e-01 7.009711e-02 2.013252e-02
<VARIANCE> 39
 7.663073e+00 7.564338e+00 7.613399e+00 9.497891e+00 1.275248e+01 1.121426e+01 1.026472e+01 1.128438e+01 1.139849e+01 9.749312e+00 8.040650e+00 8.891239e+00 1.202984e-02 9.508151e-01 6.608090e-01 8.635420e-01 9.168012e-01 8.944660e-01 1.127146e+00 1.197418e+00 1.379825e+00 1.499765e+00 1.348069e+00 1.191136e+00 1.013974e+00 4.817750e-04 1.376600e-01 1.845137e-01 3.789022e-01 4.231519e-01 3.816060e-01 4.608311e-01 6.026335e-01 4.157396e-01 4.220997e-01 3.077044e-01 3.031179e-01 3.243887e-01 8.109246e-05
<GCONST> 6.495345e+01
<MIXTURE> 13 6.017499e-02
<MEAN> 39
 -8.362021e+00 -2.648677e+00 -8.426746e+00 -7.686324e+00 -3.907613e+00 -3.857443e+00 -4.339193e+00 -2.229141e+00 -1.183544e+00 3.563735e-01 -1.051025e+00 -8.006265e-01 5.115337e-01 -6.027462e+00 7.692125e-01 1.047875e+00 1.983326e+00 1.192436e+00 3.729088e-01 2.293439e+00 5.227803e-01 -1.687469e-01 -1.858405e-01 -5.774757e-01 5.676244e-01 -1.183867e-01 -4.675580e-01 -1.054640e+00 -2.001477e-01 -2.910918e-01 -4.098067e-01 -7.152408e-02 -4.986280e-01 1.943682e-01 1.524653e-01 -1.235456e-01 7.502387e-02 -2.030792e-01 5.985219e-03
<VARIANCE> 39
 9.258438e+00 6.868675e+00 1.547129e+01 1.805483e+01 1.003965e+01 2.622196e+01 2.551217e+01 1.730021e+01 1.541382e+01 1.350758e+01 1.149412e+01 1.000899e+01 1.171599e-02 1.125917e+00 2.138476e+00 4.044841e+00 4.917443e+00 3.826272e+00 5.211902e+00 7.133472e+00 4.147321e+00 4.153214e+00 3.544706e+00 3.019761e+00 2.688173e+00 1.264098e-03 1.827904e-01 2.044387e-01 3.011328e-01 3.067246e-01 3.911176e-01 3.096933e-01 4.655186e-01 4.590683e-01 3.595863e-01 3.578072e-01 3.304869e-01 2.695494e-01 1.126037e-04
<GCONST> 8.423778e+01
<MIXTURE> 14 6.207461e-02
<MEAN> 39
 -1.593033e+01 -3.390780e+00 -5.840397e+00 -4.181565e+00 -2.761821e+00 -3.505456e+00 -3.293866e+00 -1.944285e+00 -2.188905e+00 -1.100400e+00 -2.291248e+00 -5.348569e-01 3.522389e-01 -5.733335e+00 -5.146593e-01 4.212639e-01 1.372354e+00 5.365469e-01 4.519970e-01 1.604747e+00 6.603311e-01 6.508979e-02 7.607974e-02 3.111699e-03 3.800065e-01 -9.474038e-02 6.152276e-01 -8.646868e-01 -4.755278e-01 -7.206409e-01 -5.443211e-01 -1.719319e-01 -6.286604e-01 1.107549e-01 1.430860e-01 2.059038e-02 1.006055e-01 -1.925260e-01 2.472990e-02
<VARIANCE> 39
 7.835370e+00 7.906177e+00 9.184514e+00 8.554525e+00 9.063557e+00 7.850231e+00 9.218802e+00 8.452905e+00 1.051715e+01 9.301964e+00 8.325911e+00 7.305906e+00 1.297047e-02 1.066464e+00 2.060517e+00 2.909678e+00 4.266844e+00 3.410232e+00 4.093946e+00 4.062222e+00 3.361651e+00 3.203702e+00 2.977926e+00 2.563097e+00 2.629491e+00 1.389473e-03 1.730708e-01 2.862446e-01 4.078965e-01 5.037190e-01 4.601711e-01 4.573537e-01 6.514450e-01 5.513451e-01 4.968881e-01 3.507339e-01 3.689263e-01 3.170191e-01 1.192448e-04
<GCONST> 7.917835e+01
<MIXTURE> 15 4.877825e-02
<MEAN> 39
 -1.047696e+01 -3.007031e+00 -6.025638e+00 -6.934823e+00 -6.041199e+00 -7.698021e+00 -7.080273e+00 -6.278540e+00 -7.778091e+00 -7.517619e+00 -7.595241e+00 -4.293639e+00 4.627416e-01 -5.038693e+00 7.581514e-01 9.621143e-01 2.384115e+00 1.519377e+00 1.932984e+00 1.694252e+00 6.351721e-01 1.392596e+00 3.789371e-01 1.703516e+00 6.318067e-01 -1.113128e-01 -4.090298e-01 -9.604457e-01 -4.099797e-01 -6.233441e-01 -1.901370e-01 2.739777e-03 2.976340e-01 7.880080e-01 4.322585e-01 8.668560e-01 3.551752e-01 5.056404e-01 8.854371e-03
<VARIANCE> 39
 1.135067e+01 1.140017e+01 1.571454e+01 1.311529e+01 1.820382e+01 2.357865e+01 1.930149e+01 1.638109e+01 1.600999e+01 1.279471e+01 1.221658e+01 1.228567e+01 1.427747e-02 1.293784e+00 3.001863e+00 3.602933e+00 4.470421e+00 4.008991e+00 5.895195e+00 3.654094e+00 4.734373e+00 4.192815e+00 3.885787e+00 3.249502e+00 2.722189e+00 1.649347e-03 2.296827e-01 2.855253e-01 3.166122e-01 4.046327e-01 4.878337e-01 4.677181e-01 5.561402e-01 5.359898e-01 4.054802e-01 3.935481e-01 3.554600e-01 3.324510e-01 1.451065e-04
<GCONST> 8.820757e+01
<MIXTURE> 16 5.454129e-02
<MEAN> 39
 -2.044179e+01 -6.944163e+00 -7.362517e+00 -5.529885e+00 -4.030151e+00 -3.305515e+00 -1.721811e+00 -6.561325e-02 -1.161052e+00 -9.285852e-01 -2.300639e+00 -3.472337e-01 2.824644e-01 -3.814759e+00 -8.529179e-01 -3.323519e-01 -4.227429e-01 -7.695799e-01 2.288453e-01 3.792468e-01 -4.111624e-01 -8.693184e-01 -3.673287e-01 8.534597e-02 3.200166e-01 -5.049776e-02 1.382450e+00 -3.947114e-01 -3.229138e-01 -3.596624e-01 -1.750905e-01 -4.046693e-01 -7.508075e-01 7.740134e-02 1.698942e-01 1.167750e-01 -4.962400e-02 -1.783837e-01 3.090716e-02
<VARIANCE> 39
 8.927708e+00 7.860783e+00 7.259212e+00 7.664537e+00 8.372603e+00 1.154330e+01 1.089845e+01 1.107440e+01 1.031876e+01 8.234179e+00 6.750970e+00 8.947361e+00 1.314412e-02 1.484536e+00 8.154425e-01 1.339510e+00 1.211084e+00 1.151635e+00 1.957222e+00 2.681768e+00 1.882235e+00 1.390000e+00 1.566668e+00 1.453160e+00 1.563577e+00 1.062088e-03 2.071872e-01 2.354501e-01 4.402713e-01 3.194348e-01 3.082521e-01 4.025028e-01 5.194520e-01 4.809448e-01 4.161034e-01 3.592236e-01 2.701516e-01 3.520657e-01 1.613449e-04
<GCONST> 6.993983e+01
<STATE> 3
<NUMMIXES> 16
<MIXTURE> 1 4.294839e-02
<MEAN> 39
 -2.097032e+01 -5.252861e+00 -8.810233e+00 -7.916251e+00 -6.654010e+00 -5.412422e+00 -3.839537e+00 -1.408097e+00 -2.044043e+00 -2.871319e-01 7.358084e-01 2.032288e+00 2.243827e-01 -7.999100e-01 -1.177774e-01 2.422232e-01 3.046552e-01 3.802817e-01 3.025706e-01 4.495403e-01 3.979433e-01 4.915173e-01 2.982681e-01 4.072281e-01 3.339566e-01 -3.984750e-03 9.495692e-01 -1.360026e-01 2.366171e-01 8.258926e-02 1.275101e-01 9.688205e-02 1.526606e-02 -1.915115e-02 -9.284817e-02 -1.722944e-01 -6.195033e-01 -5.305752e-01 2.452281e-02
<VARIANCE> 39
 1.224160e+01 1.285023e+01 1.347491e+01 1.076427e+01 1.414972e+01 1.325291e+01 1.272734e+01 1.539024e+01 1.159160e+01 1.634414e+01 1.244569e+01 1.112740e+01 2.979759e-02 3.733378e+00 1.570758e+00 1.677244e+00 1.943671e+00 1.822655e+00 1.841186e+00 1.891481e+00 1.737934e+00 1.645995e+00 1.988496e+00 1.797807e+00 1.238767e+00 3.452420e-03 4.261650e-01 3.911521e-01 4.299481e-01 4.571114e-01 4.396668e-01 6.721963e-01 5.191621e-01 4.982485e-01 4.338206e-01 5.369202e-01 4.599920e-01 3.126928e-01 4.828481e-04
<GCONST> 8.353301e+01
<MIXTURE> 2 6.138630e-02
<MEAN> 39
 -2.233631e+01 -1.033149e+01 -1.073011e+01 -6.227296e+00 -3.600709e+00 -3.697974e+00 -3.814584e+00 -1.781884e+00 -1.260028e+00 1.445558e-01 -1.733806e+00 -1.029247e+00 3.422548e-01 1.512210e+00 2.743636e-01 2.363416e-01 -3.719260e-02 6.160524e-01 4.792999e-01 3.088598e-01 -1.101434e-01 -5.194103e-02 -7.689412e-03 -2.723221e-02 -1.265843e-01 3.716240e-03 1.499427e+00 5.366704e-01 1.736934e-01 -4.794666e-01 -4.247221e-01 -3.556424e-02 -1.969662e-01 -6.027495e-02 -1.795701e-01 -2.120827e-01 1.311818e-02 -2.796564e-02 2.214403e-02
<VARIANCE> 39
 8.184389e+00 7.129417e+00 5.883929e+00 8.982530e+00 9.531569e+00 9.600659e+00 8.861052e+00 1.012853e+01 7.678380e+00 1.002529e+01 1.087650e+01 8.512287e+00 1.068307e-02 1.049852e+00 7.879137e-01 7.871960e-01 1.056135e+00 1.122934e+00 1.122627e+00 1.116357e+00 1.305168e+00 1.344603e+00 1.498779e+00 1.161237e+00 9.940234e-01 6.980753e-04 1.415269e-01 1.873832e-01 2.570273e-01 3.506263e-01 3.320157e-01 4.426732e-01 4.139372e-01 3.657004e-01 3.408519e-01 3.345315e-01 3.527017e-01 2.904001e-01 1.316179e-04
<GCONST> 6.364033e+01
<MIXTURE> 3 6.423357e-02
<MEAN> 39
 -2.294394e+01 -6.192317e+00 -7.285160e+00 -4.864565e+00 -4.229356e+00 -3.133713e+00 -2.906365e+00 -2.043879e+00 -3.808048e+00 -2.735339e+00 -2.760041e+00 -4.338295e-01 2.669353e-01 -7.297423e-02 -1.256550e-01 -7.714467e-03 1.406722e-01 1.013536e-01 3.251279e-01 4.243941e-01 4.309515e-01 4.809903e-01 4.339558e-01 2.094189e-01 3.783043e-02 3.487132e-03 5.346051e-01 -6.288616e-02 -1.235226e-01 -2.468148e-01 -9.480285e-02 -1.585669e-01 1.202211e-02 2.215914e-01 3.765937e-01 3.155085e-01 1.146611e-01 -5.688621e-02 8.036857e-03
<VARIANCE> 39
 1.068473e+01 1.396109e+01 8.810287e+00 8.220573e+00 9.186794e+00 7.878239e+00 8.202899e+00 7.788481e+00 7.194525e+00 6.266181e+00 7.538576e+00 8.493032e+00 1.944588e-02 5.859768e-01 7.942257e-01 7.705931e-01 8.032370e-01 9.422436e-01 8.854406e-01 8.264130e-01 1.173116e+00 1.070647e+00 1.030092e+00 1.104606e+00 9.570681e-01 6.243634e-04 2.140270e-01 1.540690e-01 1.500030e-01 1.776689e-01 1.936111e-01 2.153923e-01 1.618679e-01 2.027451e-01 1.891977e-01 1.399212e-01 2.061937e-01 1.955299e-01 1.784979e-04
<GCONST> 5.564502e+01
<MIXTURE> 4 5.802456e-02
<MEAN> 39
 -2.234223e+01 -9.531556e+00 -1.089554e+01 -7.823442e+00 -5.621281e+00 -5.263692e+00 -5.090791e+00 -3.452897e+00 -4.035849e+00 -2.764616e+00 -3.721162e+00 -1.648160e+00 3.376065e-01 -9.827427e-03 -1.252771e-01 -9.328809e-02 -2.091745e-01 1.415125e-01 1.339956e-01 1.299742e-01 2.243378e-01 4.202682e-01 3.910865e-01 3.852048e-01 1.574317e-01 5.574516e-03 6.567910e-01 3.376683e-01 3.706808e-01 1.708946e-01 1.792448e-01 2.019775e-01 2.803790e-01 4.035398e-01 4.197200e-01 3.438707e-01 2.404142e-01 9.624033e-02 3.885837e-03
<VARIANCE> 39
 7.888117e+00 7.920088e+00 6.492553e+00 6.807613e+00 8.934904e+00 9.455781e+00 1.067131e+01 8.396495e+00 7.586494e+00 9.470239e+00 9.804163e+00 8.755212e+00 1.231140e-02 1.171779e+00 6.367272e-01 8.387393e-01 1.124896e+00 1.066898e+00 1.052252e+00 1.110274e+00 1.222560e+00 1.196184e+00 1.295991e+00 1.242770e+00 1.272339e+00 6.464010e-04 2.451644e-01 1.399609e-01 1.699878e-01 1.878264e-01 2.018322e-01 2.362322e-01 2.515769e-01 2.255764e-01 1.858855e-01 2.310655e-01 2.332048e-01 2.158173e-01 1.803629e-04
<GCONST> 5.899888e+01
<MIXTURE> 5 4.475498e-02
<MEAN> 39
 -2.503639e+01 -8.542604e+00 -8.162427e+00 -4.275595e+00 -2.729173e+00 -1.492426e+00 -3.213036e-01 1.537540e+00 1.416131e-01 -1.596340e-01 -2.254903e+00 -8.493515e-01 3.176996e-01 -1.212196e-01 -2.813509e-02 1.192302e-01 3.211667e-01 3.469304e-01 3.838905e-01 2.522899e-01 1.499035e-01 8.537355e-02 5.779821e-02 -5.173824e-02 -5.548093e-02 3.168676e-03 6.323219e-01 1.143063e-01 5.034034e-02 -2.820196e-01 -3.072306e-01 -4.003206e-01 -3.884836e-01 -3.153535e-01 -2.282766e-01 -1.042475e-01 3.346790e-02 8.077816e-02 4.394161e-03
<VARIANCE> 39
 7.328141e+00 7.416482e+00 6.705662e+00 7.014365e+00 8.659725e+00 9.173961e+00 8.972442e+00 7.180711e+00 7.787008e+00 8.912250e+00 6.962331e+00 6.029747e+00 1.357980e-02 5.729243e-01 5.409858e-01 6.781799e-01 7.618200e-01 9.872655e-01 8.722004e-01 1.119432e+00 9.708538e-01 1.150955e+00 1.334329e+00 1.122481e+00 1.060939e+00 5.107781e-04 1.703696e-01 1.434540e-01 1.583537e-01 1.455099e-01 1.863447e-01 1.802418e-01 2.149238e-01 1.893264e-01 1.502560e-01 2.130808e-01 1.521084e-01 1.492230e-01 1.011097e-04
<GCONST> 5.236457e+01
<MIXTURE> 6 9.280959e-02
<MEAN> 39
 -2.407637e+01 -9.689569e+00 -9.836740e+00 -7.126424e+00 -5.253667e+00 -3.744225e+00 -1.669826e+00 1.237674e+00 4.613899e-01 1.712785e+00 6.318436e-01 1.210382e+00 3.507263e-01 -3.124933e-02 -4.835258e-02 -1.078079e-01 -7.297756e-02 7.652114e-02 1.610767e-01 1.164228e-01 9.632225e-02 1.047240e-01 1.878041e-01 1.392798e-01 -3.049187e-02 3.361307e-03 6.594084e-01 3.497529e-01 3.901239e-01 1.771459e-01 9.966864e-02 -9.535825e-02 -2.325873e-01 -4.083921e-01 -4.132226e-01 -4.969185e-01 -5.148960e-01 -3.388759e-01 2.479919e-03
<VARIANCE> 39
 7.082319e+00 8.127011e+00 1.070104e+01 9.903137e+00 1.088772e+01 1.146606e+01 1.286138e+01 1.071808e+01 1.099990e+01 1.036759e+01 7.266001e+00 7.096470e+00 1.527900e-02 7.414998e-01 6.909431e-01 8.514952e-01 1.142207e+00 1.127551e+00 1.334244e+00 1.406401e+00 1.384830e+00 1.435696e+00 1.278319e+00 1.330793e+00 1.084088e+00 4.814111e-04 2.175530e-01 1.559374e-01 1.539859e-01 2.106241e-01 2.203539e-01 2.401712e-01 2.804685e-01 2.506574e-01 2.550936e-01 2.144832e-01 1.752216e-01 1.768336e-01 9.553540e-05
<GCONST> 6.031588e+01
<MIXTURE> 7 6.019925e-02
<MEAN> 39
 -2.272125e+01 -5.066357e+00 -6.358990e+00 -3.396340e+00 -2.290625e+00 -7.015405e-01 -9.887718e-02 1.433768e+00 -3.079530e-01 -4.259467e-02 -1.655561e+00 -4.407840e-01 2.602996e-01 2.072203e-01 -2.064160e-01 3.816941e-03 4.687248e-02 1.200146e-01 7.114600e-02 2.349739e-01 2.814558e-01 2.477584e-01 9.624914e-02 -5.928660e-02 3.804840e-02 8.164297e-03 9.432534e-01 -1.528658e-01 -1.316352e-01 -4.594753e-01 -4.802311e-01 -6.258881e-01 -5.789037e-01 -3.820738e-01 -2.856817e-01 -1.681843e-01 -1.016068e-01 -9.441853e-02 1.866861e-02
<VARIANCE> 39
 1.284510e+01 1.326338e+01 9.348146e+00 1.080282e+01 9.708129e+00 8.771655e+00 9.316676e+00 1.097915e+01 1.272707e+01 9.998066e+00 1.003864e+01 9.860484e+00 2.980452e-02 1.444895e+00 1.159913e+00 1.115213e+00 1.083499e+00 1.293032e+00 1.236482e+00 1.317420e+00 1.216676e+00 1.168725e+00 1.267713e+00 1.066482e+00 9.984277e-01 1.526140e-03 4.430356e-01 2.602736e-01 3.261136e-01 2.884518e-01 2.808442e-01 2.927746e-01 3.217716e-01 3.581650e-01 3.810150e-01 3.121730e-01 3.575065e-01 2.728651e-01 3.764028e-04
<GCONST> 7.052384e+01
<MIXTURE> 8 6.789984e-02
<MEAN> 39
 -2.236469e+01 -6.148012e+00 -8.617986e+00 -5.895107e+00 -5.107503e+00 -3.710766e+00 -4.129648e+00 -2.420509e+00 -3.833310e+00 -1.962320e+00 -2.436867e+00 -4.363542e-01 2.167370e-01 -4.728063e-03 -1.612495e-01 -2.670655e-01 -1.927015e-01 -3.326332e-01 -5.227750e-01 -6.662046e-01 -6.178777e-01 -5.984520e-01 -3.990121e-01 -2.339807e-01 -8.566450e-02 2.843417e-03 7.075071e-01 -2.791220e-02 7.832072e-02 -1.368889e-01 7.360964e-02 1.437362e-02 1.305773e-01 2.785375e-01 3.910538e-01 2.336026e-01 7.347165e-02 -6.055246e-02 1.892176e-02
<VARIANCE> 39
 7.531329e+00 9.616798e+00 7.202527e+00 8.315629e+00 7.577385e+00 6.783433e+00 7.792856e+00 8.332416e+00 7.567943e+00 5.683998e+00 6.997716e+00 6.997286e+00 2.221857e-02 9.137544e-01 9.730648e-01 9.223916e-01 1.107738e+00 9.617280e-01 8.687101e-01 1.028559e+00 1.115473e+00 1.115460e+00 1.029817e+00 1.182113e+00 1.082173e+00 1.749347e-03 3.813943e-01 2.157633e-01 2.374327e-01 2.313767e-01 1.981636e-01 2.077985e-01 2.457699e-01 2.580720e-01 2.010351e-01 1.730256e-01 1.965261e-01 2.044605e-01 2.863168e-04
<GCONST> 5.983120e+01
<MIXTURE> 9 6.179723e-02
<MEAN> 39
 -2.320755e+01 -8.187817e+00 -9.243064e+00 -5.708257e+00 -5.464649e+00 -5.826380e+00 -5.660159e+00 -1.584109e+00 -4.647810e-01 1.455569e+00 -7.647262e-01 1.494679e-01 2.846211e-01 2.549973e-02 -6.414735e-02 -1.054071e-01 1.618505e-01 2.683983e-01 2.651311e-01 2.874051e-01 2.509970e-01 2.404508e-01 2.441311e-01 8.732255e-02 -4.252335e-02 2.104966e-03 4.083227e-01 3.485927e-02 5.839097e-02 -7.026290e-02 2.317415e-01 3.194740e-01 3.730415e-01 1.416474e-01 -1.275299e-01 -2.816764e-01 -1.761304e-01 -1.466054e-01 5.623498e-03
<VARIANCE> 39
 6.843982e+00 8.149628e+00 5.906828e+00 7.482302e+00 7.414232e+00 7.616238e+00 7.754589e+00 7.490593e+00 5.862176e+00 5.763351e+00 6.130213e+00 6.304952e+00 1.747550e-02 4.303655e-01 5.568579e-01 5.655918e-01 8.019497e-01 8.627012e-01 1.084895e+00 1.186509e+00 1.202058e+00 9.817992e-01 1.037504e+00 1.118466e+00 9.320683e-01 7.286446e-04 1.596103e-01 1.057854e-01 1.213388e-01 1.684142e-01 1.784313e-01 1.449205e-01 1.537670e-01 1.781186e-01 1.518116e-01 1.345645e-01 1.403897e-01 1.521475e-01 1.395283e-04
<GCONST> 4.977699e+01
<MIXTURE> 10 7.691582e-02
<MEAN> 39
 -2.388619e+01 -9.598485e+00 -1.019593e+01 -6.667946e+00 -4.037793e+00 -3.145327e+00 -2.138536e+00 -1.293732e-01 -1.682042e+00 -1.042796e+00 -2.559479e+00 -7.825750e-01 3.573462e-01 7.601888e-02 1.035127e-01 3.878019e-02 -9.525055e-02 -9.440070e-02 -1.044209e-01 -2.266107e-01 -2.489946e-01 -2.424582e-01 -1.849425e-01 -1.568496e-01 1.599793e-02 -8.761462e-04 3.088351e-01 8.802059e-02 1.433078e-01 -2.982696e-03 -6.477295e-02 -1.813497e-01 -1.674595e-01 -1.156394e-01 8.505204e-02 9.426709e-02 6.996882e-02 3.538274e-02 -9.839447e-04
<VARIANCE> 39
 7.410849e+00 5.336112e+00 6.361287e+00 1.013285e+01 8.094028e+00 1.011516e+01 9.403401e+00 8.782921e+00 8.478773e+00 8.958045e+00 8.154623e+00 6.606222e+00 1.379329e-02 2.999962e-01 3.662635e-01 4.928752e-01 7.765939e-01 8.643936e-01 1.109070e+00 1.103374e+00 1.179830e+00 1.096104e+00 1.134530e+00 1.000582e+00 9.675465e-01 1.606861e-04 7.166848e-02 7.246764e-02 9.518706e-02 1.529382e-01 1.321420e-01 1.714197e-01 1.643601e-01 2.015173e-01 1.765757e-01 1.804118e-01 1.781086e-01 1.635534e-01 2.752018e-05
<GCONST> 4.670702e+01
<MIXTURE> 11 6.586135e-02
<MEAN> 39
 -2.364242e+01 -9.442076e+00 -1.004839e+01 -7.168292e+00 -5.702939e+00 -3.981691e+00 -3.334327e+00 -1.684451e-01 -2.894854e-01 8.802407e-01 -3.196845e-01 5.247518e-01 2.871890e-01 -1.192651e-01 -7.534429e-01 -8.166239e-01 -7.814416e-01 -7.567863e-01 -5.819091e-01 -4.887385e-01 -1.809828e-01 9.255590e-02 1.733055e-01 2.174205e-01 2.200487e-01 1.659257e-02 1.244836e+00 4.696891e-01 2.912308e-01 6.589596e-02 1.601304e-01 -3.289061e-02 -1.387379e-01 -2.366169e-01 -2.786257e-01 -2.842842e-01 -3.074430e-01 -2.890927e-01 1.400899e-02
<VARIANCE> 39
 6.617416e+00 6.711955e+00 6.737107e+00 8.016805e+00 7.738818e+00 7.855030e+00 8.506781e+00 7.605688e+00 6.832730e+00 8.525441e+00 5.535045e+00 6.622896e+00 1.224489e-02 1.997452e+00 8.606982e-01 8.531068e-01 8.410501e-01 8.856831e-01 9.412645e-01 1.084421e+00 1.161560e+00 1.093094e+00 1.053367e+00 8.994916e-01 1.052519e+00 1.428991e-03 2.374710e-01 1.622688e-01 2.103824e-01 2.701930e-01 2.533602e-01 2.503107e-01 3.339255e-01 2.842856e-01 2.488009e-01 2.429739e-01 2.014785e-01 1.936927e-01 1.856043e-04
<GCONST> 5.891752e+01
<MIXTURE> 12 6.397104e-02
<MEAN> 39
 -2.353320e+01 -6.042593e+00 -7.241333e+00 -4.462329e+00 -3.239676e+00 -1.872033e+00 -1.873097e+00 3.712882e-01 -6.869292e-01 7.908216e-01 4.189551e-01 1.723480e+00 1.568073e-01 2.547823e-01 -5.660221e-01 -4.157189e-01 -4.752726e-01 -4.543132e-01 -3.671151e-01 -3.359320e-01 -3.289717e-01 -1.909010e-01 -2.095469e-01 -1.638335e-01 3.427482e-02 2.195336e-02 1.278966e+00 4.754114e-03 -7.266910e-02 -4.736177e-01 -3.331646e-01 -4.232661e-01 -2.480811e-01 -2.661444e-01 -2.860707e-01 -2.776685e-01 -4.585092e-01 -4.939055e-01 3.518781e-02
<VARIANCE> 39
 9.282588e+00 1.045663e+01 7.363842e+00 7.417387e+00 8.286488e+00 7.498847e+00 8.401971e+00 7.786324e+00 8.657233e+00 7.833757e+00 6.789157e+00 5.854495e+00 2.431958e-02 1.479115e+00 1.055354e+00 8.414462e-01 1.086763e+00 1.292679e+00 1.192487e+00 1.186626e+00 1.291629e+00 1.267533e+00 1.129604e+00 1.061771e+00 1.203108e+00 2.530423e-03 5.676172e-01 2.709204e-01 3.418580e-01 3.071975e-01 2.803650e-01 3.769379e-01 3.172176e-01 3.174310e-01 3.094567e-01 2.916147e-01 2.696680e-01 2.461355e-01 4.850795e-04
<GCONST> 6.716843e+01
<MIXTURE> 13 5.814849e-02
<MEAN> 39
 -2.196120e+01 -8.470306e+00 -1.043698e+01 -8.524630e+00 -7.965448e+00 -7.339374e+00 -4.986017e+00 -1.096052e+00 -1.892843e+00 -1.996283e+00 -3.618088e+00 -9.982209e-01 3.159880e-01 -5.856736e-02 -7.770644e-02 -1.406977e-01 6.043525e-03 -1.848016e-01 -1.918758e-01 -3.420801e-01 -3.623679e-01 -2.893702e-01 -1.459655e-01 -1.621300e-01 -1.433921e-01 9.188518e-04 2.934214e-01 7.747798e-02 3.401158e-01 3.433554e-01 5.153757e-01 4.328243e-01 2.863559e-01 6.275670e-02 7.623286e-02 2.127193e-01 2.241482e-01 1.659133e-02 2.197216e-03
<VARIANCE> 39
 7.260273e+00 7.811249e+00 7.273729e+00 8.627852e+00 6.798504e+00 7.806619e+00 9.239316e+00 1.219842e+01 9.323326e+00 9.280978e+00 8.094181e+00 9.552192e+00 1.654045e-02 5.921134e-01 5.900026e-01 7.107561e-01 9.210588e-01 8.450347e-01 1.054035e+00 1.114514e+00 1.342519e+00 1.102320e+00 1.024877e+00 1.019026e+00 9.241792e-01 5.534675e-04 1.831565e-01 1.124653e-01 1.535436e-01 1.831937e-01 1.556218e-01 1.627882e-01 2.027111e-01 2.865687e-01 2.086191e-01 2.189981e-01 2.114745e-01 2.273744e-01 8.893575e-05
<GCONST> 5.520869e+01
<MIXTURE> 14 6.648234e-02
<MEAN> 39
 -2.323261e+01 -1.127721e+01 -9.868155e+00 -6.195463e+00 -5.634213e+00 -6.148656e+00 -4.094418e+00 6.038621e-01 1.130114e+00 3.872013e-01 -3.543028e+00 -2.255414e+00 3.865203e-01 2.423628e-01 -2.387390e-01 -1.133767e-01 -7.456022e-02 -3.023486e-02 -1.986880e-01 -2.078341e-01 -9.740420e-02 -4.792192e-02 2.709926e-02 -4.387311e-02 -1.966056e-01 2.653350e-03 1.019796e+00 5.847502e-01 4.054671e-01 -2.285288e-03 1.269840e-01 1.919838e-01 -3.113061e-02 -2.783225e-01 -4.692762e-01 -1.687526e-01 2.423528e-01 1.999158e-01 2.622862e-03
<VARIANCE> 39
 8.063196e+00 6.256182e+00 1.073412e+01 1.211248e+01 1.056936e+01 1.164629e+01 1.123135e+01 1.041977e+01 8.662146e+00 9.646491e+00 7.473351e+00 6.835838e+00 1.167959e-02 1.767599e+00 7.330155e-01 1.291875e+00 1.165156e+00 1.261643e+00 1.302485e+00 1.653941e+00 1.587532e+00 1.492038e+00 1.471640e+00 1.349404e+00 1.153832e+00 7.190717e-04 2.605605e-01 1.624039e-01 3.068763e-01 3.516771e-01 3.098450e-01 3.142892e-01 3.459001e-01 3.383590e-01 2.595741e-01 2.674677e-01 2.221541e-01 2.074837e-01 1.962027e-04
<GCONST> 6.592778e+01
<MIXTURE> 15 5.078182e-02
<MEAN> 39
 -2.198251e+01 -6.794590e+00 -9.149566e+00 -6.973672e+00 -5.775586e+00 -4.781948e+00 -4.718861e+00 -2.921233e+00 -2.918617e+00 6.418888e-02 -9.887373e-02 1.153843e+00 2.540742e-01 -3.375875e-02 -3.716324e-02 -1.116833e-01 -1.569394e-01 -1.901518e-01 -1.049068e-01 -1.021926e-01 -1.410194e-01 -8.858372e-02 -8.756731e-02 -5.042956e-02 -7.748008e-02 2.862441e-04 1.621957e-01 -9.817306e-02 3.439009e-02 4.217191e-02 1.471554e-01 1.126080e-01 2.628165e-01 2.799186e-01 1.637442e-01 -1.254044e-01 -2.985488e-01 -2.837694e-01 3.622922e-03
<VARIANCE> 39
 9.127659e+00 1.178603e+01 7.650549e+00 7.538445e+00 7.016776e+00 7.134500e+00 1.035884e+01 8.532531e+00 8.184993e+00 8.440245e+00 6.443412e+00 7.464911e+00 2.199472e-02 2.445661e-01 3.521940e-01 5.298087e-01 6.483837e-01 7.171494e-01 8.422744e-01 8.407989e-01 1.008087e+00 9.711719e-01 1.025959e+00 1.099472e+00 7.929912e-01 3.183530e-04 7.246737e-02 8.574584e-02 9.203918e-02 1.189283e-01 1.115117e-01 1.470841e-01 1.876830e-01 1.952254e-01 1.719161e-01 1.731570e-01 1.589596e-01 1.678633e-01 6.377635e-05
<GCONST> 4.690303e+01
<MIXTURE> 16 6.375438e-02
<MEAN> 39
 -2.249057e+01 -6.901447e+00 -8.481914e+00 -6.053397e+00 -4.934377e+00 -3.675154e+00 -2.494247e+00 9.081920e-01 1.061018e+00 7.279003e-01 -3.154571e+00 -2.105075e+00 2.377639e-01 4.141313e-02 -9.321801e-02 -2.133490e-01 -8.144581e-02 -1.551365e-01 -3.049164e-01 -3.093627e-01 -1.178776e-01 -5.102390e-02 7.408431e-02 1.113843e-01 9.389393e-02 3.271142e-03 4.005047e-01 -6.378858e-02 3.233789e-02 -3.798094e-02 4.993043e-02 -8.882165e-02 -1.341036e-01 -2.706168e-01 -3.707138e-01 -2.330068e-01 1.740708e-01 2.026834e-01 7.805401e-03
<VARIANCE> 39
 8.947099e+00 9.619710e+00 6.276648e+00 6.740497e+00 7.240614e+00 7.210217e+00 5.729897e+00 5.933423e+00 6.521058e+00 7.114659e+00 6.965962e+00 6.148985e+00 2.016475e-02 6.022061e-01 5.428395e-01 5.699744e-01 7.061973e-01 8.078423e-01 8.244932e-01 8.600463e-01 1.093094e+00 1.099312e+00 1.192875e+00 1.055100e+00 9.923996e-01 8.346721e-04 1.882748e-01 1.215321e-01 1.342444e-01 1.529070e-01 1.769936e-01 1.761300e-01 1.601668e-01 1.571017e-01 1.702259e-01 1.669240e-01 1.819711e-01 1.440638e-01 1.401732e-04
<GCONST> 5.089296e+01
<STATE> 4
<NUMMIXES> 16
<MIXTURE> 1 9.423067e-02
<MEAN> 39
 -2.018891e+01 -6.467929e+00 -5.754466e+00 -6.714285e+00 -3.739675e+00 -3.523635e+00 -2.429562e+00 -1.587521e-01 -1.009292e+00 -8.265513e-01 -1.428397e+00 -1.894240e-01 2.823672e-01 7.360429e-01 5.448143e-01 6.918161e-01 4.618331e-01 5.633056e-01 6.845729e-01 9.532585e-04 -1.546007e-01 1.009949e-01 3.663877e-01 3.237125e-01 5.242834e-02 -3.736128e-02 2.459047e-01 1.044049e-01 -8.741071e-02 9.439958e-02 3.660817e-02 1.119436e-01 5.751165e-02 -2.905497e-02 -9.549401e-02 5.583740e-02 -3.826416e-02 -6.298259e-02 -1.763611e-03
<VARIANCE> 39
 1.817535e+01 1.289448e+01 1.933913e+01 2.421096e+01 2.178788e+01 2.325657e+01 1.777686e+01 1.896340e+01 1.502950e+01 1.407094e+01 1.280808e+01 1.004362e+01 2.833593e-02 2.459942e+00 1.603303e+00 1.989448e+00 2.422500e+00 2.213896e+00 2.420050e+00 2.123786e+00 2.047632e+00 1.763803e+00 1.589169e+00 1.385561e+00 1.067932e+00 4.499455e-03 3.694422e-01 3.396504e-01 3.932210e-01 4.640107e-01 4.781190e-01 5.626956e-01 4.694706e-01 4.879994e-01 4.012865e-01 3.542871e-01 3.367173e-01 2.287586e-01 7.026155e-04
<GCONST> 8.575253e+01
<MIXTURE> 2 5.356343e-02
<MEAN> 39
 -1.447036e+01 -7.655125e+00 -7.704802e+00 -3.980065e+00 -2.726833e+00 -3.716513e+00 -4.320319e+00 -1.640827e+00 -1.036112e+00 5.242748e-01 -1.819795e+00 -2.220570e+00 3.835697e-01 6.928675e+00 2.323278e-02 -1.915201e+00 -1.196354e+00 7.262281e-02 -7.342057e-01 -2.725951e+00 -3.613558e-01 1.922526e-01 -6.561109e-01 2.545519e-01 1.110099e-01 1.194420e-01 5.361513e-01 -4.794040e-01 -6.622297e-01 -4.117914e-01 -3.264171e-01 -1.800525e-01 -8.066018e-01 2.309110e-01 2.129300e-01 -2.895410e-01 1.660828e-01 2.036419e-01 1.994352e-02
<VARIANCE> 39
 1.028089e+01 9.979548e+00 8.653254e+00 1.247464e+01 1.165392e+01 1.266364e+01 1.523532e+01 1.275924e+01 1.003546e+01 1.027127e+01 9.824287e+00 8.631862e+00 1.880577e-02 9.988829e-01 1.919722e+00 2.223803e+00 3.675659e+00 3.977350e+00 4.245353e+00 7.426661e+00 4.669496e+00 3.706698e+00 2.977265e+00 2.469142e+00 2.930862e+00 1.213299e-03 2.054913e-01 2.586367e-01 2.633379e-01 3.751726e-01 5.980010e-01 4.619996e-01 8.964235e-01 7.219798e-01 5.100259e-01 4.067071e-01 3.574744e-01 3.120518e-01 2.086951e-04
<GCONST> 8.393488e+01
<MIXTURE> 3 4.740896e-02
<MEAN> 39
 -1.257906e+01 -4.229913e+00 -4.623010e+00 -4.982358e+00 -4.696094e+00 -6.712878e+00 -4.528494e+00 4.137124e-01 6.691240e-01 -3.983155e-02 -3.569764e+00 -2.032995e+00 4.875720e-01 5.602112e+00 -1.282477e+00 1.463146e+00 -8.062807e-01 -2.290218e+00 -1.124541e+00 -3.002203e+00 1.830274e-01 2.758602e-01 -2.665465e-01 9.362081e-01 -1.200015e+00 1.220453e-01 -8.939977e-02 -7.655141e-01 -3.881692e-02 -3.914565e-01 -6.773288e-01 8.823989e-02 -4.628764e-01 9.220408e-02 -1.995365e-01 -2.125508e-01 3.959511e-01 -1.231496e-01 6.949755e-03
<VARIANCE> 39
 1.485967e+01 8.519036e+00 9.564339e+00 9.426601e+00 1.271164e+01 2.016213e+01 1.434456e+01 1.198616e+01 8.910131e+00 1.331588e+01 9.019468e+00 9.920198e+00 1.950334e-02 1.251110e+00 2.894901e+00 3.270423e+00 2.832626e+00 2.863313e+00 5.432262e+00 4.075230e+00 3.860879e+00 3.851824e+00 3.500232e+00 2.862300e+00 2.596229e+00 1.426272e-03 2.131509e-01 2.455038e-01 2.337764e-01 2.487997e-01 2.663279e-01 3.508857e-01 3.633933e-01 4.444436e-01 3.774264e-01 3.278694e-01 2.763025e-01 3.471107e-01 2.294866e-04
<GCONST> 8.131198e+01
<MIXTURE> 4 5.082225e-02
<MEAN> 39
 -1.748377e+01 -7.872920e+00 -1.038969e+01 -8.014808e+00 -2.163551e+00 -6.561049e-01 -2.049570e+00 -1.033510e+00 -6.589485e-01 7.664756e-01 -6.739058e-01 -6.674765e-01 3.194288e-01 5.337317e+00 1.687850e+00 4.137026e-01 -2.617527e+00 -2.081863e+00 1.068916e+00 4.473466e-01 -8.717964e-01 -6.885436e-01 -7.457722e-01 7.524323e-01 5.650644e-02 8.811857e-02 9.776555e-01 3.842348e-02 -1.057842e-02 -9.093211e-01 -1.208368e+00 1.367159e-01 -1.939142e-01 -3.970982e-01 -2.524471e-01 -4.481945e-01 2.834961e-01 -7.178431e-02 3.296189e-02
<VARIANCE> 39
 1.484184e+01 9.829107e+00 8.046898e+00 1.529195e+01 1.238812e+01 1.417974e+01 1.076588e+01 1.128450e+01 1.076585e+01 1.144283e+01 1.118124e+01 9.654043e+00 1.348641e-02 1.533812e+00 1.996772e+00 1.867994e+00 2.128346e+00 2.593684e+00 2.632537e+00 1.998391e+00 3.120792e+00 1.997143e+00 2.155149e+00 2.048838e+00 2.024241e+00 1.597567e-03 3.257897e-01 3.749343e-01 2.846701e-01 4.352277e-01 3.573045e-01 5.335817e-01 4.704359e-01 5.886442e-01 5.414579e-01 4.962980e-01 3.894250e-01 4.362391e-01 1.675865e-04
<GCONST> 8.041113e+01
<MIXTURE> 5 8.869206e-02
<MEAN> 39
 -2.038717e+01 -7.175292e+00 -6.971695e+00 -6.864556e+00 -5.834352e+00 -4.442420e+00 -9.241142e-01 1.511373e+00 -8.674352e-01 -1.497551e+00 -2.749551e+00 3.443506e-01 3.144135e-01 4.273135e+00 -1.537577e-01 1.911801e+00 -3.915459e-02 -1.629184e+00 -2.068463e+00 -1.505057e+00 9.674140e-02 -3.777284e-01 -2.497578e-01 -1.103123e-01 -5.173010e-01 9.456401e-02 1.022708e+00 -5.203122e-01 5.331764e-01 -2.581782e-01 -7.484211e-01 -6.279308e-01 -9.110469e-01 -2.507039e-02 -3.347857e-01 2.915307e-02 1.939848e-01 -2.306675e-01 2.860570e-02
<VARIANCE> 39
 1.020823e+01 8.842369e+00 8.336531e+00 9.470000e+00 9.280294e+00 1.120097e+01 1.254356e+01 1.126970e+01 1.425829e+01 1.199115e+01 9.935443e+00 9.648935e+00 1.552022e-02 1.896356e+00 1.562872e+00 2.291471e+00 1.755265e+00 1.924907e+00 2.317355e+00 2.294561e+00 2.188431e+00 2.807418e+00 1.859463e+00 1.901766e+00 1.449047e+00 1.597292e-03 2.396593e-01 2.627337e-01 4.022642e-01 3.304317e-01 3.512687e-01 5.021639e-01 4.795680e-01 4.696285e-01 5.544809e-01 4.774338e-01 4.271886e-01 3.592790e-01 2.472709e-04
<GCONST> 7.797977e+01
<MIXTURE> 6 5.164748e-02
<MEAN> 39
 -1.796763e+01 -1.197190e+01 -1.076039e+01 -5.905386e+00 -4.235501e+00 -5.479538e+00 -5.754611e+00 -2.573584e+00 -1.243614e-01 1.908165e+00 -5.943728e-01 -1.374502e+00 3.385516e-01 4.851103e+00 1.080222e+00 -1.775742e-01 -6.642029e-02 5.056860e-01 -2.081257e-02 -1.507335e+00 -4.707547e-01 3.737766e-02 -4.252648e-01 1.127433e-01 1.162581e-01 5.869078e-02 1.257738e+00 3.539919e-01 -2.889582e-01 -2.529132e-01 -2.660423e-01 1.315988e-01 -8.504198e-01 9.755708e-02 4.683768e-02 -5.631099e-01 2.559414e-02 1.946495e-01 2.597323e-02
<VARIANCE> 39
 5.743899e+00 7.216416e+00 8.675917e+00 1.159171e+01 1.242994e+01 1.173590e+01 1.155106e+01 1.441151e+01 1.312806e+01 1.078891e+01 1.214953e+01 9.280132e+00 1.086670e-02 1.730486e+00 1.084840e+00 1.905730e+00 1.774698e+00 1.813962e+00 1.264108e+00 3.234965e+00 2.219747e+00 1.708049e+00 1.888314e+00 1.740922e+00 1.072433e+00 1.272265e-03 1.492773e-01 2.957029e-01 4.564014e-01 4.546344e-01 5.376811e-01 3.220124e-01 7.877540e-01 6.501330e-01 6.737218e-01 4.748668e-01 4.263310e-01 3.610745e-01 1.891268e-04
<GCONST> 7.634479e+01
<MIXTURE> 7 4.896781e-02
<MEAN> 39
 -9.444560e-01 -4.430351e+00 -1.291740e+01 -1.738716e+01 -8.774402e+00 7.287724e-01 -2.405357e+00 -5.160004e+00 -5.178761e+00 -1.041680e+00 6.038848e-01 -2.067676e+00 7.145629e-01 5.885626e+00 -7.100406e-01 -1.065031e+00 -4.442466e+00 -2.240638e+00 1.719662e+00 -2.320467e-01 -1.072440e+00 -9.947843e-01 -1.701701e-01 1.132506e+00 -4.776692e-01 1.444291e-01 -1.377803e+00 -6.914296e-01 4.866329e-02 3.887495e-01 1.987976e-01 -1.384676e-01 -2.197615e-01 2.951806e-01 3.718325e-01 4.858399e-02 -9.107877e-02 -2.128673e-02 -1.659473e-02
<VARIANCE> 39
 9.283979e+00 1.322664e+01 1.270343e+01 2.144810e+01 1.721260e+01 2.589062e+01 2.225383e+01 2.491792e+01 2.496957e+01 2.045337e+01 1.718656e+01 1.781100e+01 9.969842e-03 1.233402e+00 3.742706e+00 2.886933e+00 4.610847e+00 4.849685e+00 5.638510e+00 4.799866e+00 6.027322e+00 5.935687e+00 5.262755e+00 4.005176e+00 4.079903e+00 1.311762e-03 1.651079e-01 1.451821e-01 1.802482e-01 2.858823e-01 2.562458e-01 3.275243e-01 3.122903e-01 3.198087e-01 3.076659e-01 2.976938e-01 2.698915e-01 2.361515e-01 1.433302e-04
<GCONST> 8.678295e+01
<MIXTURE> 8 4.699228e-02
<MEAN> 39
 -9.910671e+00 -4.339141e+00 -4.695309e+00 -7.570796e+00 -9.722632e+00 -1.111554e+01 -6.100425e+00 -2.486921e+00 -4.178161e+00 -3.901463e+00 -5.139606e+00 -2.177447e+00 5.920309e-01 5.431386e+00 -1.313119e+00 5.352930e-01 -2.041616e+00 -2.333842e+00 -3.345577e+00 -2.280604e+00 -1.070401e-01 -1.677052e+00 -1.433966e-01 -1.179141e+00 -8.144240e-01 1.293889e-01 -5.816089e-01 -6.386018e-01 -1.632441e-01 -3.376710e-01 7.296090e-02 2.488654e-01 1.729979e-01 3.887419e-01 3.783149e-03 4.230683e-01 1.799763e-01 1.924615e-01 -5.180927e-03
<VARIANCE> 39
 1.289481e+01 6.926198e+00 2.042614e+01 1.357368e+01 1.326255e+01 1.745276e+01 1.625846e+01 1.606756e+01 1.605643e+01 1.226142e+01 1.246820e+01 1.043919e+01 1.078237e-02 1.637636e+00 2.786950e+00 7.071806e+00 4.374488e+00 4.134295e+00 4.863914e+00 4.511432e+00 4.272814e+00 5.154547e+00 3.342712e+00 4.146458e+00 2.743248e+00 1.417496e-03 1.994752e-01 1.866959e-01 2.382574e-01 2.826859e-01 2.207787e-01 4.286295e-01 4.060667e-01 4.571436e-01 3.440132e-01 3.479337e-01 3.001367e-01 2.408076e-01 1.203245e-04
<GCONST> 8.424962e+01
<MIXTURE> 9 1.091358e-01
<MEAN> 39
 -2.264514e+01 -8.069524e+00 -9.443406e+00 -6.464846e+00 -5.122606e+00 -4.354629e+00 -3.610680e+00 -1.038203e+00 -2.048635e+00 -1.287341e+00 -2.544814e+00 -7.522973e-01 2.810294e-01 2.700550e+00 6.294005e-01 3.935138e-01 -1.372351e-01 1.962621e-01 -7.555059e-02 -2.259528e-02 -7.503080e-02 2.174511e-01 1.336379e-01 -1.122852e-01 -4.954500e-01 4.685948e-02 1.760248e+00 -8.924758e-02 -5.438226e-02 -5.772346e-01 -3.073277e-01 -4.314658e-02 -4.448830e-01 -9.863353e-02 4.433144e-02 9.911205e-02 1.328799e-01 -1.920562e-01 3.697581e-02
<VARIANCE> 39
 8.486628e+00 7.906959e+00 7.437788e+00 8.996008e+00 9.086649e+00 9.674163e+00 1.074187e+01 1.017811e+01 1.015371e+01 1.066299e+01 8.459783e+00 8.245699e+00 1.354103e-02 1.411652e+00 9.399222e-01 9.262935e-01 1.203453e+00 1.080801e+00 1.178709e+00 1.223328e+00 1.317117e+00 1.204493e+00 1.122211e+00 9.849987e-01 9.727123e-01 1.496963e-03 1.502463e-01 2.830606e-01 4.258350e-01 4.752887e-01 4.591302e-01 6.288754e-01 5.798463e-01 5.229658e-01 4.444143e-01 4.294179e-01 3.639065e-01 4.078001e-01 1.904946e-04
<GCONST> 6.942924e+01
<MIXTURE> 10 6.304341e-02
<MEAN> 39
 -2.011698e+01 -6.978868e+00 -7.623455e+00 -5.735980e+00 -3.646199e+00 -3.151042e+00 -1.818374e+00 -3.071090e-01 -5.063295e-01 -4.912405e-01 -1.240845e+00 2.098719e-01 2.469654e-01 5.151229e+00 -2.739910e-01 -9.161838e-01 -2.194849e+00 -9.694015e-01 -1.772912e+00 -1.161854e+00 -8.982496e-01 -1.059445e+00 -5.557888e-01 -1.607212e+00 -1.299305e+00 1.204020e-01 1.126726e+00 -5.872743e-01 -4.174149e-01 -1.017519e+00 -3.693003e-01 -5.715271e-01 -3.979080e-01 -1.850256e-02 -4.490055e-01 2.116483e-02 -5.421993e-01 -3.150297e-01 3.638530e-02
<VARIANCE> 39
 1.172741e+01 1.147517e+01 1.001839e+01 1.095985e+01 1.199284e+01 1.292852e+01 1.239010e+01 1.389944e+01 1.468472e+01 1.035671e+01 1.092133e+01 9.210216e+00 2.003950e-02 1.953434e+00 2.662582e+00 2.575032e+00 2.424282e+00 2.846100e+00 3.967294e+00 2.828633e+00 3.058619e+00 3.414280e+00 2.486165e+00 2.017341e+00 1.999287e+00 2.064130e-03 2.857268e-01 4.883073e-01 4.333717e-01 5.013050e-01 5.247229e-01 8.091691e-01 5.674648e-01 7.405125e-01 7.239954e-01 4.598753e-01 4.006236e-01 3.924693e-01 2.491254e-04
<GCONST> 8.614100e+01
<MIXTURE> 11 7.973751e-02
<MEAN> 39
 -2.214959e+01 -9.053574e+00 -6.658901e+00 -8.141526e+00 -5.890795e+00 -3.788340e+00 -4.269889e-01 3.987068e-01 -1.556830e+00 -3.593965e-01 -7.530990e-01 5.923831e-01 4.125639e-01 2.508127e+00 1.036719e+00 1.710717e+00 -4.674006e-01 -7.207199e-01 -4.733785e-01 -2.917054e-01 -1.098541e+00 -1.077606e+00 -7.154403e-01 -4.691859e-01 -3.519628e-01 2.488005e-02 1.136970e+00 3.956900e-01 3.580092e-01 -1.766842e-01 -5.114507e-01 -3.436315e-01 -7.044319e-01 -5.408753e-01 -4.335877e-01 -2.368402e-01 -2.765476e-01 -2.702557e-01 1.260534e-02
<VARIANCE> 39
 1.232498e+01 1.095345e+01 2.953378e+01 2.175094e+01 2.610353e+01 2.064198e+01 1.915550e+01 1.991692e+01 2.045576e+01 1.834074e+01 1.375801e+01 1.233652e+01 1.175916e-02 2.635939e+00 1.473519e+00 2.348664e+00 2.094388e+00 1.912800e+00 2.430856e+00 2.407593e+00 2.744345e+00 2.280450e+00 1.894078e+00 1.926320e+00 1.320788e+00 9.871827e-04 2.631597e-01 2.829233e-01 5.523729e-01 6.302267e-01 5.644009e-01 5.470265e-01 5.914257e-01 5.413983e-01 6.239107e-01 6.106630e-01 5.533914e-01 3.277597e-01 1.881966e-04
<GCONST> 8.653397e+01
<MIXTURE> 12 5.621139e-02
<MEAN> 39
 -6.810363e+00 -4.030599e+00 -1.041997e+01 -8.882215e+00 -4.473028e+00 -4.246232e+00 -5.276720e+00 -3.232388e+00 -2.523167e+00 -4.380081e-01 -1.397734e+00 -1.765508e+00 5.922377e-01 6.661143e+00 -1.373433e-01 -1.488070e+00 -2.418591e+00 -1.073168e+00 3.164020e-01 -2.281774e+00 -4.289372e-01 -9.194203e-02 -6.700044e-01 7.129251e-01 -2.527360e-01 1.336933e-01 -5.256091e-01 -7.057473e-01 -1.907458e-01 -1.112325e-01 -2.751975e-01 1.278805e-01 -3.749932e-01 2.235265e-01 2.506655e-01 -1.153924e-01 1.144903e-01 2.810448e-02 -1.411756e-03
<VARIANCE> 39
 1.026263e+01 9.135050e+00 9.237744e+00 1.286085e+01 8.763902e+00 1.199112e+01 2.158003e+01 1.254326e+01 1.095795e+01 9.934774e+00 8.710309e+00 1.018386e+01 9.193583e-03 1.024209e+00 3.928308e+00 4.046534e+00 4.832045e+00 6.398081e+00 4.525087e+00 9.720749e+00 5.305642e+00 4.968267e+00 4.699378e+00 3.002545e+00 4.353467e+00 1.434540e-03 1.451790e-01 2.116654e-01 2.463973e-01 2.995479e-01 3.640312e-01 3.082080e-01 3.887920e-01 5.130815e-01 3.811209e-01 3.076563e-01 2.728888e-01 2.702149e-01 9.765613e-05
<GCONST> 8.271214e+01
<MIXTURE> 13 5.918337e-02
<MEAN> 39
 -2.164552e+01 -9.909649e+00 -8.699185e+00 -5.525867e+00 -5.233885e+00 -4.652965e+00 -3.637396e+00 1.147953e-01 1.850017e-01 3.153885e-01 -2.149349e+00 -1.285672e+00 3.209149e-01 4.374469e+00 4.776715e-01 -4.327479e-01 -2.804133e-01 5.411821e-03 -1.489244e+00 -1.669644e+00 -8.423675e-01 -3.814632e-01 -6.012536e-01 -6.659513e-01 -6.983699e-01 6.499507e-02 1.703005e+00 -5.614604e-02 -6.254653e-01 -4.095929e-01 -4.378707e-02 -6.342196e-01 -9.118550e-01 -6.983982e-03 -3.245434e-01 -2.377365e-01 -6.691837e-02 -1.390244e-02 3.055211e-02
<VARIANCE> 39
 7.564900e+00 9.521450e+00 6.930866e+00 8.247901e+00 9.249047e+00 1.036128e+01 1.059842e+01 1.056644e+01 1.118447e+01 1.015847e+01 9.273700e+00 8.750169e+00 1.148713e-02 2.155808e+00 9.831987e-01 1.332534e+00 1.423523e+00 1.526630e+00 1.335569e+00 1.617320e+00 1.545324e+00 1.466361e+00 1.287313e+00 1.219748e+00 1.135003e+00 1.226635e-03 1.480937e-01 2.696881e-01 3.683147e-01 4.038611e-01 5.217313e-01 4.797237e-01 6.463274e-01 5.459321e-01 5.801284e-01 4.057697e-01 3.699939e-01 4.143796e-01 1.571232e-04
<GCONST> 7.158780e+01
<MIXTURE> 14 4.902865e-02
<MEAN> 39
 -1.934947e+01 -8.156407e+00 -1.004216e+01 -7.222348e+00 -3.994250e+00 -3.870169e+00 -4.296178e+00 -2.764035e+00 -1.813727e+00 -7.468891e-01 -2.687485e+00 -1.932320e+00 2.893216e-01 5.531866e+00 1.120426e+00 -3.959956e-01 -2.964150e+00 -1.047509e+00 1.212724e+00 9.137552e-02 -8.929707e-01 -1.076732e+00 -1.714147e-01 2.543417e-01 -5.546207e-01 1.033890e-01 1.260770e+00 -1.324357e-01 -2.000805e-01 -1.268142e+00 -5.943971e-01 5.996791e-01 -5.136803e-02 2.667921e-02 -2.824145e-01 1.166816e-01 3.232372e-01 1.767961e-02 3.621497e-02
<VARIANCE> 39
 9.091470e+00 9.569420e+00 8.090448e+00 8.523410e+00 8.295163e+00 8.570827e+00 9.604140e+00 9.502151e+00 9.776625e+00 8.788375e+00 1.008035e+01 8.789387e+00 1.177225e-02 1.463027e+00 1.606872e+00 1.564826e+00 2.636075e+00 1.764387e+00 2.156284e+00 2.156121e+00 2.062522e+00 2.308074e+00 2.333118e+00 1.609633e+00 1.408205e+00 1.422389e-03 2.330537e-01 4.992607e-01 3.856854e-01 4.765548e-01 4.745091e-01 4.472861e-01 4.820549e-01 5.177317e-01 5.026214e-01 4.921573e-01 3.421309e-01 3.534563e-01 1.643241e-04
<GCONST> 7.569057e+01
<MIXTURE> 15 6.002562e-02
<MEAN> 39
 -1.406726e+01 -4.724926e+00 -5.124430e+00 -6.674726e+00 -4.651891e+00 -4.328166e+00 -2.240713e+00 -2.344944e+00 -4.090246e+00 -2.959867e+00 -3.455307e+00 -1.150389e+00 4.257204e-01 5.447694e+00 4.963011e-01 1.458431e-01 -3.279503e+00 -2.419580e+00 -1.066735e+00 -1.155809e+00 -1.420818e+00 -1.884171e+00 -5.604021e-01 -1.268611e+00 -8.002039e-01 1.125604e-01 8.026333e-02 -4.415838e-01 -3.200767e-01 -8.121069e-01 -4.625945e-01 -4.939164e-02 -2.513806e-01 6.891023e-02 -3.619159e-02 3.549765e-01 2.868097e-02 2.488890e-02 1.523664e-02
<VARIANCE> 39
 1.349306e+01 1.060953e+01 2.461356e+01 1.701382e+01 1.908940e+01 1.771569e+01 1.950721e+01 1.844118e+01 1.450149e+01 1.202432e+01 1.401821e+01 1.272920e+01 1.589501e-02 1.853987e+00 4.574818e+00 7.110890e+00 6.381568e+00 4.113883e+00 7.492757e+00 3.760556e+00 4.969734e+00 4.439894e+00 4.229370e+00 4.830454e+00 2.177086e+00 2.452865e-03 1.739445e-01 3.977376e-01 4.283275e-01 4.710825e-01 4.771143e-01 6.084118e-01 4.720182e-01 5.410393e-01 5.560430e-01 4.749253e-01 5.049914e-01 3.885537e-01 1.762202e-04
<GCONST> 9.369812e+01
<MIXTURE> 16 4.129614e-02
<MEAN> 39
 -2.353025e+00 -1.020917e+01 -6.871793e+00 -8.684822e+00 -9.125796e+00 -8.709189e+00 -1.013044e+01 -1.941344e+00 5.749820e-01 1.325641e-01 -1.352222e+00 -5.515263e+00 6.900691e-01 4.574482e+00 -2.384146e+00 4.951215e-01 -1.382758e+00 -2.211032e+00 -1.688700e+00 -2.615845e+00 2.034597e-01 1.710851e-01 1.298916e-01 6.324345e-01 -1.327078e+00 1.261608e-01 -1.480907e+00 -1.503758e-01 -3.298971e-02 1.473813e-02 7.660721e-02 1.951337e-01 4.727520e-01 3.565846e-01 -1.559443e-01 -1.732651e-01 -5.849930e-02 3.639982e-01 -2.271685e-02
<VARIANCE> 39
 7.238620e+00 1.633145e+01 3.158372e+01 1.775151e+01 1.238788e+01 3.298080e+01 2.594545e+01 3.801688e+01 2.825319e+01 2.852348e+01 2.341931e+01 1.847769e+01 1.301265e-02 1.563376e+00 2.160248e+00 4.121116e+00 2.438392e+00 2.734076e+00 4.151198e+00 4.764143e+00 5.263799e+00 4.992084e+00 4.419589e+00 3.884385e+00 3.676491e+00 1.247642e-03 1.457919e-01 2.154442e-01 2.723638e-01 2.755895e-01 2.015153e-01 3.524938e-01 2.854182e-01 3.687971e-01 3.125572e-01 3.048415e-01 3.061850e-01 2.586862e-01 1.423777e-04
<GCONST> 8.765809e+01
<TRANSP> 5
 0.000000e+00 1.000000e+00 0.000000e+00 0.000000e+00 0.000000e+00
 0.000000e+00 6.668002e-01 3.331997e-01 0.000000e+00 0.000000e+00
 0.000000e+00 0.000000e+00 7.922391e-01 2.077609e-01 0.000000e+00
 0.000000e+00 0.000000e+00 0.000000e+00 6.419415e-01 3.580585e-01
 0.000000e+00 0.000000e+00 0.000000e+00 0.000000e+00 0.000000e+00
<ENDHMM>
