~o
<STREAMINFO> 1 39
<VECSIZE> 39<NULLD><MFCC_E_D_A><DIAGC>
~h "ih"
<BEGINHMM>
<NUMSTATES> 5
<STATE> 2
<NUMMIXES> 16
<MIXTURE> 1 6.374009e-02
<MEAN> 39
 -3.750092e+00 -1.224644e+01 -3.361650e+00 -9.354610e+00 -1.358714e+01 -9.060089e+00 -1.553837e+01 1.716639e+00 4.104599e+00 -4.021787e+00 -1.070335e+00 -5.960708e+00 8.133319e-01 -3.829034e-01 -2.208336e-01 8.102348e-01 2.296378e-01 -8.204397e-01 -8.507752e-01 7.210335e-01 1.363926e+00 -3.864544e-01 -1.003930e+00 -2.407437e-02 6.867019e-01 1.683170e-03 -5.237542e-02 5.164362e-01 -3.041052e-02 4.424466e-02 3.985054e-01 2.138653e-01 3.806041e-01 -5.853478e-01 -7.931085e-01 2.704634e-01 2.225142e-01 1.012665e-01 -1.254788e-02
<VARIANCE> 39
 7.966889e+00 2.273533e+01 2.614872e+01 3.146891e+01 3.100315e+01 5.103725e+01 5.062585e+01 5.299020e+01 3.759774e+01 4.931171e+01 3.629797e+01 3.038363e+01 9.069203e-03 3.221310e-01 6.199188e-01 9.652049e-01 1.038186e+00 1.202037e+00 1.502610e+00 1.491042e+00 1.915718e+00 2.212002e+00 1.592630e+00 1.647640e+00 1.381917e+00 3.351483e-04 8.598603e-02 1.612796e-01 1.794260e-01 2.454410e-01 2.710017e-01 3.929691e-01 4.091788e-01 3.844344e-01 3.063165e-01 3.105954e-01 2.771211e-01 2.089092e-01 6.307237e-05
<GCONST> 7.642848e+01
<MIXTURE> 2 7.516407e-02
<MEAN> 39
 -6.023645e+00 -7.618126e+00 -1.643447e+00 -5.182245e+00 -1.631028e+01 -1.767116e+01 -6.495468e+00 -4.827829e+00 -1.528465e-02 -4.394380e+00 -2.176122e+00 1.860827e+00 7.894788e-01 7.152900e-01 -1.024718e+00 -1.097797e-01 -3.622949e-01 -1.259767e+00 -7.670017e-01 6.101398e-02 1.293166e-01 6.627917e-01 -1.236527e-01 3.293360e-01 4.091545e-01 3.807466e-02 -7.537156e-01 3.770546e-01 -1.287797e-01 -1.243123e-01 8.605950e-01 8.987797e-01 2.152153e-01 2.685927e-01 -2.749341e-01 1.991102e-01 -3.044875e-02 -3.355601e-01 -2.557361e-02
<VARIANCE> 39
 8.366599e+00 1.980211e+01 2.753719e+01 2.896290e+01 3.740797e+01 2.514047e+01 3.664716e+01 3.297768e+01 3.374872e+01 2.116239e+01 1.969095e+01 2.591389e+01 1.028543e-02 1.011624e+00 1.072738e+00 1.675406e+00 1.447511e+00 2.546052e+00 2.363982e+00 2.214762e+00 1.997310e+00 2.252741e+00 1.717718e+00 1.456566e+00 1.548768e+00 6.533617e-04 3.054751e-01 2.733358e-01 3.030755e-01 3.137712e-01 4.193906e-01 3.792941e-01 4.553734e-01 4.221410e-01 4.330254e-01 3.092629e-01 2.692046e-01 3.423223e-01 1.846087e-04
<GCONST> 8.340887e+01
<MIXTURE> 3 6.375732e-02
<MEAN> 39
 -3.900689e+00 -1.489934e+01 6.393684e+00 -9.430664e+00 -1.947022e+01 -8.832731e+00 -1.881222e+01 6.888307e+00 -6.006207e+00 -3.191063e+00 1.094682e+00 -1.876516e+00 8.020537e-01 6.813922e-01 -1.439821e+00 4.324960e-01 -6.084785e-01 -1.297189e+00 4.741400e-01 -1.447680e+00 1.619302e+00 -4.206942e-01 1.588399e-01 7.206632e-01 -3.708477e-01 2.825136e-02 -9.350749e-01 1.065387e+00 -7.825921e-01 2.746910e-01 1.244615e+00 1.159211e-01 1.342473e+00 -7.974405e-01 2.505413e-01 1.471482e-01 -3.692188e-01 1.437296e-02 -2.881435e-02
<VARIANCE> 39
 7.338381e+00 1.846355e+01 2.745630e+01 1.741204e+01 2.819101e+01 2.426147e+01 3.706512e+01 3.247942e+01 4.498294e+01 1.954579e+01 1.836951e+01 2.042176e+01 8.445201e-03 7.621625e-01 1.350877e+00 1.907426e+00 1.338005e+00 2.407578e+00 1.721900e+00 2.498545e+00 2.377069e+00 2.959643e+00 1.905470e+00 1.459948e+00 1.215285e+00 4.199783e-04 3.305874e-01 3.205336e-01 3.486432e-01 2.697853e-01 3.519709e-01 4.220435e-01 5.354720e-01 5.799750e-01 6.206926e-01 3.469226e-01 3.236206e-01 3.094044e-01 1.631778e-04
<GCONST> 8.276458e+01
<MIXTURE> 4 7.428331e-02
<MEAN> 39
 -8.541427e+00 -5.672651e+00 5.368206e+00 -9.644453e+00 -2.112251e+01 -8.978943e+00 -6.098353e+00 -2.204709e-01 -9.484306e+00 -2.897342e+00 2.609561e+00 -3.625275e+00 6.024494e-01 4.909566e-01 -7.933149e-01 -6.890280e-02 -4.533276e-02 -3.804536e-01 -1.242001e-01 -2.545001e-01 1.006969e+00 3.773873e-01 -3.830954e-01 5.934029e-01 1.137876e-01 3.801552e-02 -8.770137e-02 -1.127710e-01 -2.569012e-01 1.197568e-01 5.463821e-01 3.800058e-03 -1.240520e-01 -1.072515e-02 2.998163e-01 -9.023377e-02 -2.872870e-01 1.572400e-01 -5.440231e-03
<VARIANCE> 39
 7.557818e+00 1.750093e+01 3.165110e+01 4.110681e+01 4.156213e+01 5.434829e+01 4.102631e+01 4.881228e+01 3.623329e+01 3.488062e+01 3.511261e+01 2.649446e+01 2.579738e-02 6.393281e-01 1.582573e+00 1.700875e+00 1.566104e+00 2.612386e+00 3.114022e+00 1.836520e+00 2.272596e+00 2.047654e+00 1.882222e+00 1.860426e+00 1.702072e+00 1.323479e-03 1.783637e-01 2.402410e-01 3.130655e-01 3.034993e-01 5.383969e-01 4.929431e-01 3.751855e-01 3.243387e-01 4.147511e-01 3.184957e-01 3.709657e-01 2.564691e-01 3.167788e-04
<GCONST> 8.839796e+01
<MIXTURE> 5 7.178062e-02
<MEAN> 39
 -5.587163e+00 -1.095588e+01 4.662337e+00 -5.044874e+00 -2.149612e+01 -9.798054e+00 -1.262776e+01 -1.118482e+00 -9.704252e-01 -1.061981e+01 5.405619e+00 -2.706021e+00 7.716892e-01 8.126874e-01 -1.596659e+00 2.792372e-01 -2.014168e-01 -2.064978e+00 5.171954e-02 -1.370168e+00 4.974685e-01 7.770513e-01 -1.253783e+00 1.701154e+00 -3.788002e-01 4.335579e-02 -7.203661e-01 5.507776e-01 -5.489655e-01 -9.018276e-02 1.248385e+00 2.018140e-01 7.066510e-01 2.214695e-02 -1.994782e-01 7.642562e-01 -6.847752e-01 1.256087e-01 -2.625445e-02
<VARIANCE> 39
 8.710108e+00 2.035280e+01 2.715857e+01 2.186247e+01 2.789828e+01 2.854329e+01 3.543726e+01 2.664834e+01 4.111120e+01 1.714259e+01 2.007420e+01 2.099938e+01 9.579223e-03 9.143525e-01 1.308713e+00 1.699588e+00 1.526717e+00 2.858267e+00 2.185072e+00 2.198128e+00 1.911643e+00 2.288518e+00 1.591747e+00 1.638032e+00 1.728212e+00 6.126383e-04 3.121351e-01 3.494608e-01 3.162238e-01 3.245849e-01 4.056000e-01 3.762804e-01 4.550590e-01 3.809295e-01 5.517243e-01 2.857024e-01 2.866888e-01 3.058040e-01 2.063176e-04
<GCONST> 8.316925e+01
<MIXTURE> 6 9.834309e-02
<MEAN> 39
 -5.356456e+00 -1.282817e+01 4.689565e+00 -1.158446e+01 -1.753843e+01 -1.140280e+01 -1.141701e+01 6.147235e+00 -7.535554e+00 -2.689897e+00 -6.985219e-01 -9.610468e-01 7.575085e-01 -1.454255e-01 -2.889619e-01 3.887385e-01 -6.527930e-01 -4.306802e-01 2.187111e-02 3.087084e-01 5.210022e-01 -1.840385e-01 2.405300e-01 2.825122e-01 1.085478e-01 1.409764e-02 1.297679e-02 3.188852e-01 -3.406981e-01 2.713391e-01 4.040910e-01 3.659876e-02 4.911870e-02 -4.425549e-01 1.741371e-01 2.998521e-03 -1.849973e-01 -1.308572e-01 -8.140503e-03
<VARIANCE> 39
 8.715409e+00 2.227359e+01 4.255830e+01 3.744613e+01 3.286752e+01 3.820995e+01 4.476659e+01 3.941211e+01 5.336253e+01 3.714376e+01 3.676533e+01 2.241072e+01 1.386495e-02 4.286993e-01 9.171188e-01 1.376561e+00 1.055713e+00 1.712223e+00 1.409762e+00 2.150384e+00 1.746013e+00 1.927141e+00 1.337818e+00 1.248896e+00 1.042963e+00 4.284249e-04 6.089082e-02 1.297646e-01 1.728791e-01 1.592969e-01 1.962575e-01 2.346745e-01 2.666020e-01 3.186564e-01 2.539434e-01 2.459573e-01 1.704313e-01 1.668258e-01 6.190686e-05
<GCONST> 7.405899e+01
<MIXTURE> 7 6.688314e-02
<MEAN> 39
 -6.974299e+00 -1.085743e+01 1.447184e+00 -1.761179e+01 -1.702543e+01 -1.731217e+01 -7.823969e+00 7.778841e-01 -1.149859e+01 2.779835e+00 -8.600548e+00 3.091776e+00 8.034031e-01 8.049781e-01 -2.181442e+00 8.007401e-01 -1.995050e+00 -7.314008e-01 -7.918219e-01 7.795166e-02 1.743153e+00 -8.213658e-01 1.610006e+00 -9.717303e-01 6.730194e-01 4.651130e-02 -9.640430e-01 7.013625e-01 -5.323952e-01 9.047430e-01 9.677991e-01 1.097093e+00 6.048479e-01 -2.050662e-01 6.686230e-01 -4.464351e-01 4.808056e-01 -4.513188e-01 -3.265174e-02
<VARIANCE> 39
 9.100630e+00 1.760685e+01 3.893564e+01 3.301047e+01 3.440877e+01 3.176007e+01 2.630451e+01 3.243534e+01 3.768394e+01 2.895654e+01 2.451199e+01 2.399685e+01 8.649413e-03 1.097238e+00 1.434474e+00 1.965668e+00 2.211628e+00 2.137552e+00 3.027272e+00 2.704834e+00 2.550092e+00 2.652874e+00 2.116952e+00 2.052587e+00 1.770713e+00 6.993931e-04 2.439886e-01 3.187236e-01 4.064090e-01 4.036034e-01 4.737361e-01 4.764083e-01 3.915618e-01 4.614092e-01 5.631682e-01 4.822627e-01 4.379064e-01 4.669426e-01 2.656908e-04
<GCONST> 8.906702e+01
<MIXTURE> 8 3.056525e-02
<MEAN> 39
 -1.872663e+01 -2.522613e+00 -2.547025e+00 -4.847990e+00 -7.167698e+00 -4.152907e+00 -2.794445e+00 -1.995664e+00 -1.442017e+00 3.159590e+00 1.356724e+00 2.323802e+00 2.459024e-03 2.940660e-01 -2.323212e-01 1.305481e+00 -1.085576e+00 -7.020795e-01 4.671399e-01 4.045094e-01 -1.117263e-01 -6.233609e-01 2.397597e-02 -9.223980e-01 -4.271732e-01 4.853193e-02 8.720759e-01 -2.674121e-01 4.496998e-01 -1.100192e+00 -1.121849e+00 -7.668414e-01 -2.426047e-01 -2.384982e-01 -8.279757e-01 -2.119876e-01 -6.426376e-01 -3.110861e-01 6.292799e-02
<VARIANCE> 39
 1.231986e+01 9.855045e+00 2.355474e+01 3.947336e+01 5.751308e+01 3.959194e+01 2.412519e+01 2.851724e+01 2.713048e+01 2.885734e+01 2.826275e+01 2.196910e+01 3.204401e-02 3.930961e+00 2.037534e+00 3.062603e+00 8.470265e+00 1.005593e+01 7.574717e+00 4.149723e+00 4.924074e+00 5.154636e+00 4.066954e+00 5.225766e+00 2.427550e+00 1.160738e-02 5.148847e-01 4.440227e-01 6.865671e-01 1.137643e+00 1.505314e+00 1.245821e+00 7.078131e-01 9.406012e-01 7.401276e-01 8.482354e-01 1.017624e+00 5.507803e-01 8.871546e-04
<GCONST> 1.114703e+02
<MIXTURE> 9 6.441155e-02
<MEAN> 39
 -4.519355e+00 -1.246476e+01 4.580124e+00 -1.199570e+01 -1.283318e+01 -1.260734e+01 -1.660493e+01 5.984430e+00 -7.555975e+00 1.337505e+00 -3.854887e+00 -7.719731e-01 7.651619e-01 1.975530e+00 -2.528636e+00 1.532159e+00 -1.618241e+00 -1.651077e+00 -5.764684e-01 -2.802087e+00 1.973485e+00 -1.190066e+00 1.057403e+00 -3.091852e-02 1.192201e-01 6.330234e-02 -1.168890e+00 6.278453e-01 -7.607015e-01 2.854604e-01 5.971395e-01 6.151385e-01 1.177191e+00 -4.621681e-01 4.173076e-01 -1.914490e-01 1.585768e-01 1.242264e-02 -2.769287e-02
<VARIANCE> 39
 8.342969e+00 1.900831e+01 3.071236e+01 1.842723e+01 2.974167e+01 2.421050e+01 3.360605e+01 2.397279e+01 3.426982e+01 1.983860e+01 2.225175e+01 2.473780e+01 1.054416e-02 1.602477e+00 1.791469e+00 2.474519e+00 1.719115e+00 2.188292e+00 2.674625e+00 4.099415e+00 3.126952e+00 2.469948e+00 2.043277e+00 1.795835e+00 1.784730e+00 1.056957e-03 2.800662e-01 3.551576e-01 3.937452e-01 3.221217e-01 3.143612e-01 3.347186e-01 5.079135e-01 4.862041e-01 4.715899e-01 3.861697e-01 3.255377e-01 3.254805e-01 2.844286e-04
<GCONST> 8.724889e+01
<MIXTURE> 10 4.888763e-02
<MEAN> 39
 -5.297536e+00 -1.347260e+01 -2.299213e+00 -1.283013e+01 -1.262362e+01 -1.543524e+01 -1.012558e+01 5.592171e+00 -2.777853e+00 -3.926692e+00 -6.584272e+00 1.602525e+00 8.216404e-01 -8.382989e-01 3.908201e-02 2.260583e+00 -6.060756e-02 -2.295862e+00 -4.994732e-01 2.555154e+00 6.321082e-01 -2.154899e+00 -1.105916e+00 1.213365e+00 8.747679e-01 -4.800811e-03 1.051176e-01 7.268794e-01 -2.818519e-01 -1.109351e-01 3.835882e-01 8.429190e-01 2.769366e-02 -1.304445e+00 -5.214772e-01 5.789177e-01 4.734103e-01 -6.162118e-01 -1.348055e-02
<VARIANCE> 39
 1.053743e+01 2.155122e+01 4.016068e+01 5.863052e+01 4.539413e+01 5.401792e+01 6.234769e+01 3.939740e+01 5.342505e+01 5.918203e+01 5.895616e+01 2.955852e+01 9.945564e-03 4.335011e-01 8.598914e-01 1.648952e+00 1.807777e+00 1.762031e+00 2.081280e+00 2.605482e+00 2.833331e+00 3.378207e+00 2.945419e+00 2.148807e+00 1.999836e+00 4.575317e-04 9.721302e-02 2.042038e-01 2.638422e-01 5.326794e-01 4.529291e-01 6.425904e-01 5.011572e-01 5.325033e-01 5.853918e-01 5.182713e-01 4.859049e-01 3.084516e-01 1.367542e-04
<GCONST> 9.043417e+01
<MIXTURE> 11 5.075905e-02
<MEAN> 39
 -2.581608e+00 -1.332378e+01 -3.469671e+00 -1.103264e+01 -1.374023e+01 -6.490248e+00 -2.000351e+01 9.552631e-01 1.242713e+00 -3.942316e-01 1.595481e-01 -7.735039e+00 8.461151e-01 -2.381910e-01 -8.162664e-01 1.025732e+00 2.072421e-01 -7.375343e-01 -7.194362e-01 -1.102898e-01 1.563794e+00 2.652076e-01 -8.904285e-01 -3.929603e-01 -5.504431e-02 6.012094e-03 -6.917290e-01 1.072483e+00 -1.046132e-01 2.664657e-01 7.758909e-01 2.731789e-02 1.407147e+00 -5.084695e-01 -7.216910e-01 -1.480337e-01 -1.709886e-01 6.716342e-01 -2.672531e-02
<VARIANCE> 39
 9.604343e+00 2.721218e+01 3.045658e+01 4.940760e+01 5.043933e+01 4.340631e+01 4.329272e+01 6.273076e+01 4.856678e+01 6.688388e+01 5.978340e+01 3.485401e+01 7.566669e-03 9.176248e-01 1.494509e+00 2.065301e+00 3.287364e+00 2.966299e+00 3.406682e+00 3.030670e+00 4.146771e+00 4.237980e+00 3.947576e+00 4.192778e+00 2.616338e+00 6.909443e-04 4.436384e-01 3.265664e-01 3.438784e-01 5.649882e-01 6.957383e-01 7.492371e-01 6.386917e-01 8.150060e-01 7.716011e-01 9.218643e-01 7.795389e-01 4.974108e-01 1.698093e-04
<GCONST> 1.011682e+02
<MIXTURE> 12 7.504635e-02
<MEAN> 39
 -5.175295e+00 -9.515647e+00 2.131642e+00 -5.744010e+00 -1.592061e+01 -1.161065e+01 -1.231840e+01 -2.577286e-01 -1.858831e+00 -5.605755e+00 -1.562803e-01 -2.020734e+00 7.254781e-01 3.293683e+00 -2.639923e+00 1.461602e+00 -2.719661e-01 -3.531815e+00 -8.620328e-01 -3.297994e+00 5.192634e-01 2.446353e-01 -1.465638e+00 1.594885e+00 -5.817593e-01 9.180719e-02 -1.220796e+00 1.001042e-01 -5.366185e-01 -2.892807e-01 6.402913e-01 5.521879e-01 6.789400e-01 1.997489e-01 7.905290e-03 3.016696e-01 1.365526e-01 1.744699e-01 -2.033639e-02
<VARIANCE> 39
 7.702333e+00 1.685395e+01 2.844827e+01 1.805477e+01 2.443234e+01 2.825507e+01 3.669523e+01 2.776306e+01 4.080324e+01 1.717284e+01 1.966700e+01 2.231943e+01 1.264645e-02 1.570882e+00 1.944926e+00 2.557812e+00 2.149546e+00 3.408839e+00 4.172374e+00 3.586349e+00 4.110015e+00 3.902569e+00 2.724719e+00 2.193897e+00 2.736845e+00 1.682485e-03 2.359904e-01 3.195506e-01 2.821800e-01 2.624412e-01 3.517324e-01 3.656045e-01 5.590742e-01 3.703204e-01 4.544842e-01 2.967158e-01 2.880931e-01 2.867419e-01 2.809351e-04
<GCONST> 8.896188e+01
<MIXTURE> 13 5.560191e-02
<MEAN> 39
 -7.421930e+00 -6.706184e+00 -5.593601e-01 -1.600830e+01 -1.899997e+01 -1.632335e+01 -5.713317e+00 -5.931648e+00 -1.033764e+01 -2.196773e+00 -6.520960e+00 -5.686057e-01 7.415730e-01 2.659498e+00 -2.229219e+00 1.210906e+00 -2.975893e+00 -2.659589e+00 -2.556037e+00 -9.574833e-01 3.613219e-01 -1.598942e+00 9.446180e-01 -1.269068e+00 2.213848e-01 9.867419e-02 -1.123029e+00 -5.181587e-02 -3.888375e-01 5.116670e-01 1.161321e+00 1.129860e+00 5.951760e-01 6.800323e-01 6.942332e-01 3.699442e-01 3.975424e-01 1.012491e-01 -2.851958e-02
<VARIANCE> 39
 7.479183e+00 1.713548e+01 3.475783e+01 3.550627e+01 2.503259e+01 3.402552e+01 2.854812e+01 3.495412e+01 3.046931e+01 2.426260e+01 2.365509e+01 1.951400e+01 1.043585e-02 1.565887e+00 2.018981e+00 3.290241e+00 3.422177e+00 3.190778e+00 4.330920e+00 3.892057e+00 4.178913e+00 3.986233e+00 3.283215e+00 2.942931e+00 3.067491e+00 2.152354e-03 1.695422e-01 3.101225e-01 3.288924e-01 4.138206e-01 3.309588e-01 4.831263e-01 4.423739e-01 4.623363e-01 4.259844e-01 3.362511e-01 3.525562e-01 3.318336e-01 4.213800e-04
<GCONST> 9.287646e+01
<MIXTURE> 14 4.523056e-02
<MEAN> 39
 -8.333183e+00 -9.992466e+00 1.387108e+00 -2.184268e+01 -1.509020e+01 -1.970600e+01 1.079896e+00 -6.728322e+00 -4.018615e+00 -2.322626e+00 -3.950120e+00 -7.268891e-01 8.072338e-01 1.821510e-01 -1.332405e+00 4.069023e-01 -1.461151e+00 1.575600e-01 -8.471527e-01 1.533907e+00 4.831461e-01 4.057362e-01 2.074826e-01 8.574321e-02 -1.578845e-02 3.401975e-02 -5.660233e-01 6.135218e-01 -3.940170e-01 1.168909e+00 5.674561e-01 1.102255e+00 -2.945873e-01 2.227835e-01 -1.382330e-01 -9.842930e-02 9.755191e-04 -7.685279e-02 -3.014976e-02
<VARIANCE> 39
 6.446280e+00 1.869205e+01 3.229170e+01 3.607689e+01 2.781321e+01 3.462261e+01 2.551039e+01 4.093265e+01 4.006865e+01 4.273943e+01 2.867528e+01 2.480489e+01 1.111389e-02 6.055815e-01 1.112669e+00 1.633178e+00 2.444830e+00 1.719887e+00 2.404608e+00 2.155376e+00 2.246829e+00 1.945004e+00 1.910714e+00 1.506531e+00 1.283888e+00 5.787313e-04 2.570101e-01 2.735086e-01 3.424844e-01 4.072142e-01 4.495064e-01 5.860317e-01 3.745634e-01 4.760931e-01 4.945975e-01 6.103535e-01 3.896305e-01 3.975996e-01 2.007192e-04
<GCONST> 8.610881e+01
<MIXTURE> 15 6.000390e-02
<MEAN> 39
 -1.141029e+01 -3.648651e+00 4.534504e+00 -1.639900e+01 -1.816810e+01 -8.267297e+00 -4.500937e+00 -6.902750e+00 -8.986356e+00 1.365675e+00 -6.073519e+00 -6.294501e-01 5.533649e-01 1.702116e+00 -6.859583e-01 9.632587e-01 -2.079165e+00 -2.165392e+00 -1.068076e+00 -6.126890e-01 7.966095e-02 -1.466110e+00 3.124652e-01 -4.516112e-01 -3.778377e-01 1.053921e-01 -1.940159e-01 -2.126846e-01 -6.272047e-01 6.182665e-01 6.380264e-01 6.702078e-02 9.752317e-02 5.248272e-01 3.474188e-01 -1.228441e-01 3.876416e-01 4.012728e-02 -1.333322e-02
<VARIANCE> 39
 1.073621e+01 1.953913e+01 2.753195e+01 7.907745e+01 3.810878e+01 5.467717e+01 6.030709e+01 6.141334e+01 3.891181e+01 4.664965e+01 4.939174e+01 3.294781e+01 2.792885e-02 2.588516e+00 2.146567e+00 3.593515e+00 6.552417e+00 6.142382e+00 5.362870e+00 3.937357e+00 4.533565e+00 3.906611e+00 3.427473e+00 4.451571e+00 2.802539e+00 6.842793e-03 3.239943e-01 3.941225e-01 4.185342e-01 9.242777e-01 8.454490e-01 8.115482e-01 7.021259e-01 5.998179e-01 5.608880e-01 6.369250e-01 5.922208e-01 4.581241e-01 5.819428e-04
<GCONST> 1.092407e+02
<MIXTURE> 16 5.553197e-02
<MEAN> 39
 -7.263641e+00 -1.353309e+01 1.016811e+00 -1.917395e+01 -1.656751e+01 -1.409987e+01 -2.064103e+00 2.517858e+00 -1.269225e+01 9.600880e-01 -7.492205e+00 -7.123807e-01 7.964069e-01 -6.905972e-01 2.204237e-01 9.719509e-01 -1.555734e+00 -6.579841e-01 1.137492e+00 7.621784e-01 -8.208499e-01 3.055738e-02 8.292111e-01 -4.673851e-01 -6.520994e-02 8.134153e-03 1.561128e-01 5.605800e-01 -4.817958e-01 7.379203e-01 4.250460e-01 -1.826312e-02 -5.496584e-01 -6.202523e-01 4.225906e-01 -2.729984e-01 -2.660206e-02 -1.460759e-01 -1.431538e-02
<VARIANCE> 39
 1.001460e+01 2.331574e+01 3.172045e+01 3.968358e+01 3.702163e+01 5.588004e+01 4.869434e+01 5.627247e+01 3.404712e+01 4.199761e+01 3.407071e+01 2.594031e+01 1.280776e-02 5.020243e-01 1.312412e+00 1.673300e+00 1.736817e+00 2.362529e+00 2.555892e+00 2.677696e+00 3.503827e+00 2.957245e+00 2.623024e+00 2.289206e+00 2.355247e+00 5.080770e-04 1.235489e-01 2.539156e-01 3.187025e-01 4.097887e-01 4.734652e-01 5.229192e-01 4.993173e-01 7.933791e-01 4.566658e-01 5.146229e-01 4.520279e-01 3.562833e-01 1.418875e-04
<GCONST> 9.039166e+01
<STATE> 3
<NUMMIXES> 16
<MIXTURE> 1 7.445367e-02
<MEAN> 39
 -3.023033e+00 -1.376026e+01 7.641749e-01 -7.352392e+00 -1.750684e+01 -8.123981e+00 -1.855061e+01 1.203846e+00 6.011735e-01 -4.925478e+00 1.707572e+00 -4.297486e+00 8.077723e-01 -4.490309e-01 1.216984e+00 -3.729562e-01 3.264523e-01 1.514963e+00 -2.749572e-01 1.020990e+00 -6.428727e-01 -3.396168e-01 5.020003e-01 -9.304056e-01 2.075680e-01 -3.252538e-02 -9.135218e-01 1.245604e+00 -3.874733e-01 1.471795e-01 1.250345e+00 1.817919e-01 1.269064e+00 -5.760706e-01 -4.599727e-01 3.670258e-01 -4.107710e-01 2.872138e-01 -3.223263e-02
<VARIANCE> 39
 8.474273e+00 2.437743e+01 3.678163e+01 3.638513e+01 4.517974e+01 4.302296e+01 4.822785e+01 6.162663e+01 4.209054e+01 4.976437e+01 3.069937e+01 3.468472e+01 8.299235e-03 1.400168e+00 1.856602e+00 2.908186e+00 3.085274e+00 3.708711e+00 3.596458e+00 3.762759e+00 3.885996e+00 3.875567e+00 3.266304e+00 3.357363e+00 2.337944e+00 1.407928e-03 4.166586e-01 3.718225e-01 3.901120e-01 5.303867e-01 6.017225e-01 7.612427e-01 6.723478e-01 8.593574e-01 6.686107e-01 6.442922e-01 5.556966e-01 5.235790e-01 3.402631e-04
<GCONST> 1.012262e+02
<MIXTURE> 2 6.367181e-02
<MEAN> 39
 -4.406067e+00 -1.293583e+01 2.994712e+00 -8.271809e+00 -1.857370e+01 -1.516157e+01 -7.676764e+00 5.504668e+00 -8.718707e+00 -5.620151e+00 3.305800e+00 -4.878536e-01 7.675590e-01 7.288462e-01 -6.537139e-01 -1.937573e+00 6.416394e-01 1.484115e+00 -1.091678e+00 -9.935461e-01 1.548895e+00 1.445457e+00 -7.695420e-01 -5.686283e-01 7.152944e-01 6.960887e-03 3.971303e-02 1.751251e-01 -2.955224e-01 -5.340553e-02 3.681305e-01 2.865614e-01 -3.819558e-01 -2.890311e-01 3.711234e-01 1.531637e-01 -4.415654e-01 -9.247913e-02 -3.151481e-03
<VARIANCE> 39
 9.629803e+00 2.443377e+01 3.847523e+01 4.481860e+01 3.886802e+01 5.308826e+01 6.260327e+01 4.668827e+01 5.531239e+01 4.634260e+01 4.741975e+01 2.975822e+01 1.168897e-02 2.439916e-01 4.861141e-01 8.588543e-01 1.060684e+00 1.099243e+00 1.602347e+00 1.791732e+00 1.449499e+00 1.834088e+00 1.627025e+00 1.526916e+00 1.034613e+00 1.455148e-04 3.895967e-02 8.678843e-02 1.734307e-01 1.468524e-01 2.306124e-01 2.425410e-01 2.046198e-01 2.675941e-01 2.130392e-01 2.349791e-01 1.957038e-01 1.890159e-01 2.800593e-05
<GCONST> 7.094284e+01
<MIXTURE> 3 5.909383e-02
<MEAN> 39
 -6.732357e+00 -1.118615e+01 5.556361e+00 -1.614872e+01 -1.358218e+01 -1.720111e+01 -9.271807e+00 2.586298e+00 -8.858755e+00 2.559435e+00 -5.432797e+00 3.509479e+00 8.071954e-01 -2.274454e-03 -1.721645e-01 1.047420e-02 -2.542491e-01 8.023383e-02 1.415697e-01 6.000031e-02 3.112002e-01 1.256257e-01 6.263192e-02 -2.379109e-01 7.836708e-02 4.753184e-03 -3.203823e-01 6.971345e-01 -4.653615e-01 7.239757e-01 3.601050e-01 5.596533e-01 2.339290e-01 -3.736864e-01 2.954886e-01 -4.789859e-01 7.763160e-02 -4.059524e-01 -2.188613e-02
<VARIANCE> 39
 6.642399e+00 1.992286e+01 3.789286e+01 3.186587e+01 3.163128e+01 2.402677e+01 3.657436e+01 3.960988e+01 3.066793e+01 2.070424e+01 2.072183e+01 2.188048e+01 9.527958e-03 2.863210e-01 6.630899e-01 8.949923e-01 1.009372e+00 8.656226e-01 1.108441e+00 1.562014e+00 1.149110e+00 1.124709e+00 1.009081e+00 8.971258e-01 7.952875e-01 4.242967e-04 1.474800e-01 1.770667e-01 1.974947e-01 2.107775e-01 2.046339e-01 2.527424e-01 2.889450e-01 2.677610e-01 2.571974e-01 2.127318e-01 2.034154e-01 1.988347e-01 8.964579e-05
<GCONST> 6.851336e+01
<MIXTURE> 4 5.464573e-02
<MEAN> 39
 -5.407405e+00 -1.251209e+01 8.339766e+00 -7.920214e+00 -2.408560e+01 -5.411931e+00 -1.413891e+01 4.860026e+00 -6.256464e+00 -7.662903e+00 5.552531e+00 -2.779097e+00 7.602155e-01 2.463052e-01 -2.840655e-01 -4.897325e-01 1.268782e-01 3.205964e-01 -1.908671e-01 -2.456655e-01 3.840917e-01 4.549599e-01 -9.250362e-02 -1.817524e-01 6.986854e-02 5.239059e-03 -1.476146e-01 5.443457e-01 -5.652871e-01 2.674058e-01 1.035311e+00 -3.618128e-01 4.758585e-01 -5.014865e-01 1.918914e-01 2.804956e-01 -6.554070e-01 1.202616e-01 -1.596904e-02
<VARIANCE> 39
 8.344563e+00 2.257129e+01 2.440987e+01 3.166713e+01 2.185280e+01 3.189875e+01 4.080951e+01 3.993746e+01 4.230334e+01 3.036545e+01 2.851419e+01 1.980992e+01 1.134272e-02 3.078175e-01 7.035894e-01 1.211371e+00 9.218694e-01 1.531829e+00 1.636003e+00 1.610982e+00 1.593152e+00 1.941138e+00 1.533147e+00 1.268199e+00 9.644908e-01 3.642996e-04 1.230857e-01 1.537925e-01 2.348247e-01 2.350393e-01 3.032325e-01 2.854644e-01 3.527713e-01 3.958214e-01 3.095846e-01 3.143882e-01 2.526459e-01 2.210419e-01 7.833191e-05
<GCONST> 7.439189e+01
<MIXTURE> 5 4.942424e-02
<MEAN> 39
 -4.524645e+00 -9.083905e+00 -9.583548e-01 -1.036683e+01 -1.022909e+01 -1.512669e+01 -1.061552e+01 3.410182e+00 -2.816237e+00 1.875187e+00 -4.853642e+00 -2.263034e+00 7.791603e-01 3.605887e-03 2.222115e-01 -3.554257e-01 -1.117369e-01 4.997527e-01 8.486713e-02 1.335012e-01 -2.930199e-01 2.679915e-01 2.887085e-01 -2.712128e-01 -2.108260e-01 -6.959882e-03 -1.134015e-01 2.310774e-01 1.012925e-02 9.843935e-02 1.868465e-01 2.383735e-01 2.690866e-02 -3.322817e-01 -4.486608e-02 -5.793666e-02 7.205757e-02 -2.251312e-02 -8.819727e-03
<VARIANCE> 39
 7.739004e+00 3.216692e+01 2.751116e+01 3.441621e+01 3.027570e+01 3.800600e+01 5.841075e+01 3.636475e+01 3.230177e+01 3.154786e+01 2.393606e+01 3.489117e+01 1.252033e-02 1.248037e-01 3.894868e-01 5.787795e-01 6.190825e-01 9.822072e-01 1.039314e+00 1.122314e+00 1.064091e+00 8.877685e-01 1.071882e+00 7.545208e-01 7.747014e-01 2.114710e-04 7.878847e-02 1.041551e-01 1.273135e-01 1.304275e-01 1.726185e-01 2.377367e-01 2.495001e-01 2.032477e-01 1.920679e-01 1.861057e-01 1.668357e-01 1.533721e-01 3.990758e-05
<GCONST> 6.292867e+01
<MIXTURE> 6 6.472258e-02
<MEAN> 39
 -8.138853e+00 -1.131871e+01 2.076193e+00 -2.286227e+01 -1.469777e+01 -1.650224e+01 3.698676e+00 -4.132723e+00 -7.227483e+00 -6.388077e-01 -5.353691e+00 -1.656601e+00 8.028859e-01 1.330899e-01 -6.979518e-02 -4.147193e-01 3.762328e-01 4.885406e-01 -1.996300e-01 1.277537e-01 4.882647e-01 -2.189023e-01 -4.639519e-01 -2.799656e-02 1.947556e-01 -3.365523e-03 8.795387e-02 4.070030e-01 -2.658486e-01 6.771805e-01 4.493535e-02 7.113888e-02 -7.112777e-01 -7.795032e-02 -1.172569e-01 -1.825143e-01 -9.186760e-02 1.478100e-01 -1.244647e-02
<VARIANCE> 39
 7.066899e+00 2.025500e+01 2.608279e+01 3.288107e+01 2.113168e+01 4.010772e+01 2.199929e+01 4.266072e+01 3.891955e+01 4.427887e+01 2.379204e+01 2.110050e+01 1.115133e-02 4.077646e-01 8.431893e-01 1.051126e+00 1.245768e+00 1.287551e+00 1.747261e+00 1.870103e+00 2.465101e+00 2.040336e+00 1.983995e+00 1.268176e+00 1.322474e+00 3.577720e-04 7.726222e-02 1.650708e-01 1.662710e-01 2.563212e-01 2.288004e-01 3.144091e-01 2.799456e-01 3.830544e-01 3.272986e-01 3.067515e-01 2.439814e-01 2.015111e-01 6.485338e-05
<GCONST> 7.434032e+01
<MIXTURE> 7 5.194096e-02
<MEAN> 39
 -6.053745e+00 -1.217421e+01 2.013892e+00 -9.118307e+00 -1.858649e+01 -1.306631e+01 -7.997126e+00 3.566013e+00 -4.186134e+00 -6.747726e+00 1.558506e+00 -1.169487e+00 8.063145e-01 -5.773481e-01 8.091632e-01 1.506313e+00 -1.278457e-01 -9.622396e-01 3.984219e-01 1.364900e+00 -4.121584e-01 -2.517614e+00 1.277292e-02 1.287208e+00 -5.436771e-01 -2.162208e-02 1.629966e-02 6.138846e-01 -3.347280e-01 2.362887e-01 7.225803e-01 4.589090e-01 -6.978135e-02 -6.968294e-01 -2.744489e-01 5.512537e-01 -2.424054e-01 -4.208203e-01 -1.904493e-02
<VARIANCE> 39
 9.689531e+00 2.138412e+01 4.360638e+01 4.031920e+01 3.802042e+01 4.648154e+01 4.846151e+01 4.527060e+01 4.908139e+01 3.584819e+01 3.394775e+01 2.985140e+01 8.844967e-03 3.543823e-01 7.079232e-01 1.320713e+00 1.760781e+00 2.032979e+00 2.451810e+00 2.228752e+00 2.213366e+00 3.194554e+00 2.456146e+00 2.058815e+00 1.836539e+00 3.925288e-04 1.657120e-01 2.165392e-01 3.832993e-01 3.982208e-01 3.709839e-01 4.576012e-01 4.937778e-01 6.672575e-01 4.808193e-01 3.811298e-01 3.335123e-01 3.652402e-01 1.322734e-04
<GCONST> 8.670647e+01
<MIXTURE> 8 7.579658e-02
<MEAN> 39
 -4.137310e+00 -1.367110e+01 4.190088e+00 -1.336621e+01 -1.460950e+01 -1.161397e+01 -1.755795e+01 8.016090e+00 -7.471119e+00 1.631340e+00 -4.801375e+00 1.692663e-01 8.175291e-01 -4.011673e-02 5.390189e-01 -4.845828e-01 2.683853e-01 8.014616e-01 3.211054e-02 2.138967e-01 -6.400521e-01 5.320239e-01 -1.547279e-01 -3.584965e-01 -2.679272e-01 -1.404592e-02 -6.025518e-01 1.094738e+00 -5.942160e-01 7.220327e-01 6.989565e-01 2.432793e-01 9.849592e-01 -1.093076e+00 4.213596e-01 -4.366074e-01 2.016373e-01 -2.350440e-01 -2.613620e-02
<VARIANCE> 39
 8.110088e+00 2.192056e+01 3.743830e+01 2.015160e+01 2.946942e+01 2.421884e+01 3.962415e+01 2.543037e+01 4.047934e+01 2.307990e+01 2.942398e+01 2.554726e+01 7.417121e-03 5.625992e-01 1.063987e+00 1.757892e+00 1.498083e+00 1.581689e+00 1.631455e+00 2.366816e+00 2.551889e+00 2.422441e+00 2.112992e+00 1.315699e+00 1.422485e+00 5.507506e-04 2.919941e-01 2.773830e-01 3.307721e-01 3.050838e-01 2.917830e-01 3.721779e-01 5.066105e-01 3.884125e-01 4.920036e-01 3.084636e-01 3.007782e-01 3.328605e-01 1.485689e-04
<GCONST> 8.183064e+01
<MIXTURE> 9 5.729179e-02
<MEAN> 39
 -8.527720e+00 -8.334530e+00 5.062040e+00 -1.620862e+01 -1.876943e+01 -1.192752e+01 -4.543526e+00 -1.494429e+00 -9.774585e+00 2.566546e-01 -1.874935e+00 -1.899590e+00 7.459428e-01 1.358330e-01 -1.425233e-01 -2.162661e-01 1.177202e-01 1.035525e-01 -1.109379e-01 1.913250e-01 3.590944e-01 8.872466e-02 -4.090982e-02 1.036176e-01 -2.593023e-02 9.703825e-04 8.379594e-02 -4.175134e-02 -1.016287e-01 1.043946e-01 1.680743e-01 -1.313168e-01 -1.089373e-01 1.083411e-01 2.898703e-02 -1.250559e-01 -1.148768e-01 7.158855e-02 -1.937871e-03
<VARIANCE> 39
 6.507193e+00 2.861456e+01 3.601437e+01 5.792923e+01 3.157930e+01 7.006606e+01 4.086298e+01 6.482767e+01 3.814578e+01 3.454091e+01 3.838541e+01 2.445133e+01 1.473855e-02 1.321539e-01 4.130991e-01 5.104039e-01 3.868127e-01 4.955465e-01 8.303030e-01 6.360894e-01 8.822336e-01 8.997704e-01 7.153295e-01 6.099461e-01 6.404067e-01 1.951576e-04 2.148266e-02 4.684198e-02 7.890985e-02 7.558440e-02 9.685140e-02 1.373743e-01 9.870308e-02 1.551099e-01 1.604193e-01 1.196527e-01 1.182756e-01 9.883352e-02 3.146711e-05
<GCONST> 5.473226e+01
<MIXTURE> 10 8.619657e-02
<MEAN> 39
 -5.438322e+00 -1.255053e+01 3.452537e+00 -8.182810e+00 -2.008719e+01 -1.057912e+01 -1.404509e+01 3.671162e+00 -2.810945e+00 -6.302346e+00 3.345336e+00 -1.706557e+00 8.053856e-01 1.247255e-01 -8.424727e-02 -3.638159e-01 -1.135762e-01 3.517650e-01 -4.961484e-02 -8.098197e-02 1.995704e-01 2.599404e-01 1.709576e-01 -2.647500e-01 -1.191505e-01 -2.894345e-04 5.426109e-02 1.186211e-01 -1.162312e-01 9.809934e-02 2.941475e-01 1.897174e-02 -7.179354e-03 -2.125559e-01 2.571591e-02 6.841569e-02 -2.003071e-01 -1.007950e-01 -5.967597e-03
<VARIANCE> 39
 7.418779e+00 1.658135e+01 3.679609e+01 2.656409e+01 2.964573e+01 3.479255e+01 3.683944e+01 4.140984e+01 5.716385e+01 3.029706e+01 3.586515e+01 3.202845e+01 1.044151e-02 1.737086e-01 2.899574e-01 6.156167e-01 4.027357e-01 6.243325e-01 6.031736e-01 7.515178e-01 7.593488e-01 9.793463e-01 8.206615e-01 6.782224e-01 7.036200e-01 1.434001e-04 3.011089e-02 5.813354e-02 1.042305e-01 7.184822e-02 1.026907e-01 9.237507e-02 1.246553e-01 1.609519e-01 1.484944e-01 1.213436e-01 9.517669e-02 1.125868e-01 3.044425e-05
<GCONST> 5.309488e+01
<MIXTURE> 11 6.439237e-02
<MEAN> 39
 -7.955906e+00 -9.733863e+00 1.365151e+00 -1.754235e+01 -2.150724e+01 -1.110576e+01 -6.194176e+00 2.526952e+00 -1.330836e+01 5.127966e+00 -8.070316e+00 9.937683e-01 8.159220e-01 1.798954e-01 9.569358e-02 -4.645501e-01 5.385656e-01 3.102632e-01 -2.704087e-01 1.626516e-01 1.501026e-01 6.904962e-02 -5.434163e-01 -1.466855e-01 9.447145e-02 -7.367534e-03 -6.249218e-02 5.075327e-01 -1.843306e-01 6.221352e-01 6.802358e-01 -9.174576e-02 -5.966945e-02 -6.353933e-01 3.208310e-01 -6.952587e-01 1.683571e-01 -1.445000e-01 -1.925920e-02
<VARIANCE> 39
 8.274384e+00 1.508682e+01 2.920676e+01 2.634101e+01 1.948537e+01 3.153471e+01 2.835284e+01 4.077160e+01 3.571173e+01 2.963803e+01 2.084846e+01 1.850329e+01 8.874867e-03 3.828399e-01 1.139337e+00 1.427164e+00 1.286332e+00 1.334507e+00 2.033668e+00 1.916841e+00 2.588723e+00 1.973093e+00 2.293010e+00 1.642192e+00 1.483870e+00 5.301847e-04 1.446931e-01 1.891472e-01 2.019816e-01 2.460627e-01 2.767719e-01 3.028080e-01 3.366467e-01 2.824011e-01 3.919059e-01 3.267275e-01 2.900835e-01 2.620338e-01 9.875632e-05
<GCONST> 7.676675e+01
<MIXTURE> 12 4.628071e-02
<MEAN> 39
 -1.050646e+01 -8.036805e+00 2.103444e+00 -2.315287e+01 -2.061903e+01 -4.811324e+00 -5.666030e+00 -4.590553e+00 -1.425633e+01 1.157088e+00 -1.121871e+01 -4.086617e+00 7.506450e-01 3.103708e-01 -5.832710e-01 -5.384250e-01 6.822912e-01 -1.209185e-01 -3.908183e-01 3.597982e-01 7.817490e-01 -4.212724e-01 -3.955458e-01 4.832930e-01 -1.735869e-01 7.982602e-03 1.730356e-01 1.351643e-01 -1.470084e-01 5.865369e-01 3.097288e-01 -4.054350e-01 3.045776e-02 1.845694e-02 1.382678e-01 -1.517863e-01 2.253239e-01 2.753628e-01 -9.540566e-03
<VARIANCE> 39
 1.005948e+01 2.496740e+01 3.641615e+01 3.957179e+01 2.535736e+01 4.017656e+01 5.302159e+01 5.290116e+01 3.957516e+01 5.136651e+01 3.032975e+01 2.463288e+01 1.200207e-02 3.768792e-01 9.679962e-01 9.098942e-01 1.528519e+00 1.137825e+00 1.871278e+00 1.912117e+00 1.908014e+00 1.473170e+00 1.896063e+00 1.717967e+00 1.336282e+00 4.822923e-04 1.045264e-01 1.682051e-01 2.543636e-01 3.422703e-01 2.888811e-01 2.496648e-01 3.359529e-01 3.234504e-01 2.446989e-01 3.681465e-01 3.364474e-01 2.586296e-01 1.105747e-04
<GCONST> 7.945604e+01
<MIXTURE> 13 7.861441e-02
<MEAN> 39
 -5.586937e+00 -1.044349e+01 5.738273e-01 -6.684494e+00 -1.844694e+01 -1.151509e+01 -1.304502e+01 -6.992710e-01 1.776022e+00 -8.227795e+00 3.633048e+00 -3.817689e+00 8.108028e-01 5.407002e-03 2.178949e-01 -2.178366e-01 -3.565551e-02 5.987874e-01 -2.856250e-02 2.711514e-02 4.304754e-02 -1.423591e-01 2.146396e-01 -4.321820e-01 -2.560781e-01 -9.078790e-03 -3.034683e-01 6.626163e-01 -9.648579e-02 1.391043e-01 9.059942e-01 9.141355e-02 4.431211e-01 -2.148707e-01 -4.576987e-01 5.136716e-01 -6.599310e-01 1.559573e-01 -2.200356e-02
<VARIANCE> 39
 7.760442e+00 2.109372e+01 2.240158e+01 2.083805e+01 2.978655e+01 2.875091e+01 4.147844e+01 3.373209e+01 3.578536e+01 2.455539e+01 2.517685e+01 3.036127e+01 8.877468e-03 3.400709e-01 7.423488e-01 1.057116e+00 7.956465e-01 1.494741e+00 1.182302e+00 1.430558e+00 1.193267e+00 1.628265e+00 1.181135e+00 1.249335e+00 9.906680e-01 4.554440e-04 1.650678e-01 1.836314e-01 1.954629e-01 2.057988e-01 2.304649e-01 2.875147e-01 3.478663e-01 3.849662e-01 3.331113e-01 2.606612e-01 2.356346e-01 2.765350e-01 9.100280e-05
<GCONST> 7.242492e+01
<MIXTURE> 14 6.150991e-02
<MEAN> 39
 -7.160760e+00 -1.222409e+01 3.047257e-01 -1.848892e+01 -1.466897e+01 -1.802713e+01 -5.313334e+00 9.338711e-02 -8.585741e+00 1.313723e+00 -8.309751e+00 1.173061e+00 8.288803e-01 1.006886e-01 6.298856e-01 -2.334796e-02 7.336129e-01 1.699944e-01 3.807647e-01 -1.816264e-01 -3.141855e-01 -1.606617e-01 -2.155941e-01 1.170970e-01 -1.927529e-01 -2.075821e-02 -4.685879e-01 1.136747e+00 -5.192583e-01 1.220608e+00 7.859908e-01 1.069563e+00 -1.296307e-01 -5.710114e-01 3.425566e-01 -4.993930e-01 3.890162e-01 -4.040493e-01 -3.764213e-02
<VARIANCE> 39
 1.095821e+01 2.694304e+01 4.864289e+01 4.943004e+01 5.316837e+01 4.654965e+01 6.398804e+01 5.607771e+01 6.650494e+01 5.413633e+01 4.569232e+01 3.461417e+01 1.116156e-02 8.686238e-01 2.096716e+00 2.702177e+00 3.500605e+00 3.213217e+00 3.586959e+00 3.555555e+00 4.891890e+00 4.350451e+00 3.590415e+00 2.645710e+00 2.689420e+00 1.229279e-03 3.886887e-01 4.208992e-01 5.532002e-01 8.586494e-01 8.186915e-01 7.943326e-01 9.424509e-01 9.871086e-01 8.877983e-01 8.557777e-01 7.574559e-01 6.911768e-01 3.926505e-04
<GCONST> 1.065441e+02
<MIXTURE> 15 5.532859e-02
<MEAN> 39
 -6.245239e+00 -8.385400e+00 -1.680231e+00 -8.636575e+00 -1.746872e+01 -1.629569e+01 -3.630464e+00 -3.334965e+00 3.850554e-01 -5.883542e+00 -1.901180e+00 1.898557e+00 7.671185e-01 -4.445418e-02 1.856304e-01 -3.559338e-02 1.484422e-01 -1.458459e-04 2.477711e-02 8.891040e-02 -4.564852e-03 -9.993783e-02 -2.440971e-01 1.159522e-01 -7.068068e-03 -5.808551e-03 -1.822201e-02 1.635451e-01 3.903544e-03 1.177646e-01 2.779686e-01 1.325961e-01 -2.761675e-01 -1.364418e-02 -2.106990e-01 9.954678e-02 -9.164454e-02 -1.679100e-01 -8.384230e-03
<VARIANCE> 39
 7.055905e+00 2.438889e+01 3.620367e+01 4.578915e+01 3.278664e+01 3.075518e+01 3.975800e+01 3.711555e+01 4.024041e+01 2.822110e+01 2.774773e+01 2.486254e+01 1.207258e-02 2.044829e-01 4.346730e-01 8.123494e-01 6.711665e-01 9.848400e-01 8.096248e-01 1.099742e+00 8.878514e-01 1.251329e+00 6.812257e-01 8.449645e-01 6.408073e-01 2.381181e-04 6.604663e-02 9.394328e-02 1.138613e-01 1.191186e-01 1.675924e-01 1.959203e-01 1.657327e-01 2.007123e-01 1.639818e-01 1.458929e-01 1.447645e-01 1.212244e-01 4.557107e-05
<GCONST> 6.123847e+01
<MIXTURE> 16 5.661876e-02
<MEAN> 39
 -7.956612e+00 -1.193382e+01 1.551243e+00 -2.083301e+01 -1.613637e+01 -1.306115e+01 -1.041654e+00 1.062808e+00 -9.860894e+00 1.557902e+00 -7.864246e+00 -3.200763e-01 8.029670e-01 9.311857e-03 2.353793e-02 -1.933436e-01 6.270626e-02 1.396365e-01 1.039154e-01 4.093755e-02 -4.299625e-02 -1.138292e-01 -2.088566e-01 -2.906014e-01 -8.212760e-02 -6.514981e-03 8.558620e-02 9.251287e-02 -5.545871e-02 2.427609e-01 2.618749e-02 -1.665618e-01 -3.646095e-01 -1.345091e-01 -8.746801e-02 -1.419380e-01 -3.496880e-02 -8.020703e-03 -5.950539e-03
<VARIANCE> 39
 6.703574e+00 1.924964e+01 2.732590e+01 2.825087e+01 3.160120e+01 4.450625e+01 3.392231e+01 6.009639e+01 2.877919e+01 3.641468e+01 2.442625e+01 1.930849e+01 9.421793e-03 1.707604e-01 4.393138e-01 7.138621e-01 7.241670e-01 7.375841e-01 1.076348e+00 1.131611e+00 1.363358e+00 1.021231e+00 1.132437e+00 1.065980e+00 7.182199e-01 1.340602e-04 3.087498e-02 5.351682e-02 7.014047e-02 1.055477e-01 1.085239e-01 1.537016e-01 1.592317e-01 1.884833e-01 1.673054e-01 1.610444e-01 1.341071e-01 1.174439e-01 2.778255e-05
<GCONST> 5.724818e+01
<STATE> 4
<NUMMIXES> 16
<MIXTURE> 1 6.461461e-02
<MEAN> 39
 -3.721737e+00 -1.020302e+01 -7.659651e-01 -8.229604e+00 -1.093146e+01 -8.258019e+00 -1.744367e+01 -2.166093e+00 1.204546e+00 -1.201388e+00 -1.265841e+00 -5.548610e+00 7.080137e-01 -2.302789e+00 3.806033e+00 -9.843113e-01 1.296894e+00 3.529299e+00 4.146074e-02 3.162833e+00 -1.356510e+00 -9.517657e-01 6.874539e-01 -1.551512e+00 7.242268e-01 -1.030322e-01 -1.215788e+00 5.262919e-01 -1.240077e-01 1.044482e-01 3.197259e-01 2.320282e-01 9.717239e-01 3.343020e-01 -3.014140e-01 -1.390901e-01 9.433378e-02 4.433441e-01 -1.768789e-02
<VARIANCE> 39
 8.661306e+00 1.769726e+01 2.732462e+01 3.340509e+01 2.798989e+01 3.258241e+01 3.092175e+01 3.949031e+01 2.663552e+01 4.284949e+01 2.957359e+01 2.727685e+01 1.286047e-02 2.280518e+00 2.207146e+00 2.208376e+00 3.800986e+00 2.885541e+00 4.470175e+00 3.787849e+00 5.413173e+00 3.234944e+00 3.555657e+00 3.493890e+00 3.139457e+00 3.537932e-03 3.228949e-01 3.477162e-01 3.643087e-01 4.015471e-01 4.052186e-01 4.492095e-01 4.864587e-01 6.244929e-01 4.618278e-01 4.735339e-01 4.395475e-01 3.782865e-01 3.808430e-04
<GCONST> 9.715184e+01
<MIXTURE> 2 6.290977e-02
<MEAN> 39
 -2.350413e+00 -1.263633e+01 -5.276090e+00 -1.091597e+01 -1.205735e+01 -5.562536e+00 -1.674218e+01 -2.592993e-01 3.343804e+00 4.114659e-01 -1.596363e+00 -7.266800e+00 7.977579e-01 3.437454e-01 1.006418e+00 -1.156941e+00 -6.137443e-01 1.414952e+00 1.601268e+00 5.081668e-01 -2.400690e+00 -7.077172e-01 1.241566e+00 7.822177e-01 -6.592907e-01 -2.395920e-02 -2.141328e-01 6.175754e-01 2.316362e-01 6.217397e-02 1.358304e-01 3.957376e-02 7.674233e-01 -4.005179e-01 -9.940644e-01 -2.411179e-01 3.266654e-01 5.086617e-01 -1.432944e-02
<VARIANCE> 39
 7.324413e+00 2.301972e+01 3.521060e+01 4.494699e+01 3.305684e+01 5.550638e+01 4.084074e+01 5.334859e+01 4.084732e+01 5.621731e+01 4.445211e+01 2.807944e+01 1.186132e-02 5.250800e-01 1.041807e+00 2.289966e+00 3.899817e+00 2.585365e+00 3.907247e+00 2.966744e+00 3.193571e+00 4.183889e+00 2.875389e+00 2.331234e+00 2.010775e+00 9.126187e-04 1.637750e-01 2.234560e-01 2.954492e-01 4.541998e-01 3.469312e-01 6.195489e-01 4.893268e-01 6.360018e-01 5.843940e-01 6.113097e-01 4.411279e-01 3.183515e-01 9.486460e-05
<GCONST> 9.271120e+01
<MIXTURE> 3 6.842082e-02
<MEAN> 39
 -7.012409e+00 -3.934958e+00 -3.626860e+00 -7.568008e+00 -1.352647e+01 -1.597979e+01 -6.724839e+00 -3.919411e+00 -2.102343e+00 -4.203026e+00 -5.215403e+00 1.884382e+00 6.455544e-01 -2.505961e+00 2.857639e+00 -2.869069e-01 2.338408e+00 3.059921e+00 2.499398e+00 5.115171e-01 -3.888235e-01 -2.767233e-01 -5.044284e-01 3.135789e-01 -8.720396e-01 -1.210057e-01 -9.900930e-01 -2.478947e-01 -6.301279e-02 -1.241581e-01 4.793283e-01 1.025755e+00 3.931395e-01 3.717673e-01 -7.898460e-02 3.672715e-01 3.400005e-01 -2.324981e-01 -1.498658e-02
<VARIANCE> 39
 9.672451e+00 1.836790e+01 2.705050e+01 3.140129e+01 3.445127e+01 2.703890e+01 3.178557e+01 2.986748e+01 4.414588e+01 3.093399e+01 3.235699e+01 2.742426e+01 2.002529e-02 2.064556e+00 2.717995e+00 2.939186e+00 4.843277e+00 3.768412e+00 4.156512e+00 5.091586e+00 4.752545e+00 4.772506e+00 3.498528e+00 3.615836e+00 3.587204e+00 3.695179e-03 2.705543e-01 3.010003e-01 3.131941e-01 3.906921e-01 4.937473e-01 3.962090e-01 4.293664e-01 4.523735e-01 5.690506e-01 4.862841e-01 4.696201e-01 4.641222e-01 3.613481e-04
<GCONST> 9.887363e+01
<MIXTURE> 4 4.650235e-02
<MEAN> 39
 -4.141080e+00 -1.380831e+01 5.065719e+00 -1.245985e+01 -1.384864e+01 -1.499132e+01 -1.420718e+01 5.359437e+00 -9.642458e+00 -5.047519e-01 -9.965472e-01 -1.551459e+00 7.466040e-01 -6.683480e-01 3.353527e+00 -8.992729e-01 2.913466e+00 1.984154e+00 1.022983e+00 1.219255e+00 -2.042073e+00 2.095557e-01 -1.101892e+00 -8.623610e-02 -7.766991e-01 -1.121571e-01 -8.312088e-01 1.076518e+00 -5.988334e-01 8.462415e-01 6.516128e-01 9.119369e-01 7.623964e-01 -7.645144e-01 5.957462e-01 -1.954941e-01 -3.092902e-01 -1.072292e-01 -4.408345e-02
<VARIANCE> 39
 9.058325e+00 1.378829e+01 4.410909e+01 2.984510e+01 3.449395e+01 3.832568e+01 5.618503e+01 4.254148e+01 7.461829e+01 4.353024e+01 3.722235e+01 2.497567e+01 8.337468e-03 1.311433e+00 1.945185e+00 2.727078e+00 2.557555e+00 2.999367e+00 3.900574e+00 4.595635e+00 4.315104e+00 4.818935e+00 2.989765e+00 3.522937e+00 2.974672e+00 1.959754e-03 3.026166e-01 3.162554e-01 5.371847e-01 4.084547e-01 5.478782e-01 5.369041e-01 7.061427e-01 6.122092e-01 1.165287e+00 6.578366e-01 5.040996e-01 4.317333e-01 3.224751e-04
<GCONST> 1.001390e+02
<MIXTURE> 5 6.041661e-02
<MEAN> 39
 -5.065538e+00 -1.140185e+01 4.485867e+00 -7.035593e+00 -1.783049e+01 -8.730210e+00 -1.319980e+01 5.359426e+00 -4.848643e+00 -7.628772e+00 2.620256e+00 -3.443164e+00 7.032208e-01 2.974841e-02 1.398585e+00 -9.564504e-01 1.065441e+00 1.711538e+00 -2.020190e-01 1.032652e+00 -1.269213e+00 -2.017754e-01 1.628179e-01 -1.221160e+00 -4.076504e-02 -4.600243e-02 -1.612752e-01 5.504375e-01 -2.968817e-01 2.266401e-01 4.175172e-01 -4.627133e-02 5.266551e-01 -7.454401e-01 -1.403649e-01 4.391124e-01 -3.625549e-01 5.458098e-02 -1.241204e-02
<VARIANCE> 39
 8.404481e+00 2.030608e+01 3.675294e+01 2.842667e+01 2.909831e+01 3.866527e+01 3.695491e+01 4.127027e+01 5.557770e+01 3.239154e+01 2.523144e+01 2.649416e+01 1.159800e-02 5.749967e-01 1.014339e+00 2.094049e+00 1.617647e+00 2.087888e+00 2.226617e+00 2.586490e+00 3.063808e+00 3.896398e+00 2.569196e+00 2.019165e+00 1.657995e+00 8.673274e-04 1.343967e-01 2.027134e-01 2.419293e-01 2.461434e-01 2.218833e-01 3.462541e-01 3.650226e-01 5.106295e-01 5.373372e-01 4.077362e-01 2.460561e-01 2.486083e-01 9.118302e-05
<GCONST> 8.413208e+01
<MIXTURE> 6 6.242006e-02
<MEAN> 39
 -7.666393e+00 -7.882803e+00 -3.496014e-01 -1.488100e+01 -1.631256e+01 -1.985114e+01 -1.308881e+00 -5.781827e+00 -4.078146e+00 -3.186165e+00 -3.058145e+00 9.391516e-01 7.686241e-01 -2.801044e-02 1.224568e+00 -2.339154e-01 1.540162e+00 7.531363e-01 4.769567e-01 -9.895026e-01 -8.308603e-02 -4.942475e-01 -5.321133e-01 -3.523196e-01 2.076977e-01 -4.444880e-02 -3.915165e-01 5.945496e-01 -6.031368e-02 6.936435e-01 4.825051e-01 9.399231e-01 -3.926442e-01 1.268986e-01 -1.350288e-01 -1.331174e-02 -1.378650e-01 -3.030123e-01 -2.510978e-02
<VARIANCE> 39
 7.063284e+00 2.032471e+01 3.002793e+01 5.522824e+01 3.345748e+01 2.713091e+01 3.048215e+01 4.121758e+01 3.565061e+01 3.309069e+01 2.705537e+01 2.499026e+01 9.973489e-03 6.571257e-01 1.180722e+00 1.653610e+00 2.105176e+00 1.995247e+00 2.585171e+00 2.442415e+00 2.198601e+00 2.527584e+00 2.051570e+00 1.801549e+00 1.844562e+00 5.695331e-04 2.742699e-01 2.923535e-01 2.750635e-01 3.586573e-01 3.425165e-01 3.657072e-01 3.114953e-01 3.988053e-01 3.652563e-01 3.309960e-01 3.168505e-01 3.658156e-01 1.925869e-04
<GCONST> 8.485181e+01
<MIXTURE> 7 6.827042e-02
<MEAN> 39
 -5.697856e+00 -7.933772e+00 1.925501e+00 -9.523699e+00 -9.720815e+00 -1.385738e+01 -1.333877e+01 8.909577e-01 -3.732062e+00 -1.630405e-01 -5.057689e+00 -1.453878e+00 7.466841e-01 -1.878398e+00 2.612390e+00 -1.093134e+00 7.018408e-01 1.918080e+00 2.116438e-01 1.711912e+00 -1.114390e+00 8.771646e-01 -1.382581e-01 -6.052509e-01 3.884158e-01 -4.177284e-02 -1.219953e+00 6.073072e-01 -2.952582e-01 3.704049e-02 4.180204e-01 4.474380e-01 6.884505e-01 3.922327e-02 7.029066e-02 -1.405717e-01 3.343535e-01 1.221887e-01 -8.284825e-03
<VARIANCE> 39
 7.702296e+00 1.968176e+01 2.889664e+01 2.430525e+01 3.075783e+01 1.905240e+01 2.893525e+01 2.938429e+01 2.707148e+01 3.178624e+01 1.765417e+01 2.641804e+01 9.393290e-03 1.475649e+00 1.594546e+00 1.893614e+00 1.430676e+00 1.911722e+00 2.439333e+00 3.029272e+00 2.317434e+00 1.947601e+00 1.939559e+00 1.983348e+00 1.724044e+00 2.947357e-04 2.141124e-01 2.406384e-01 2.248470e-01 2.050248e-01 2.489794e-01 2.731122e-01 3.434851e-01 3.062431e-01 2.746583e-01 2.995518e-01 2.234296e-01 2.850540e-01 8.753215e-05
<GCONST> 7.879852e+01
<MIXTURE> 8 7.349914e-02
<MEAN> 39
 -1.048499e+01 -5.481378e-01 1.307947e+00 -2.435473e+00 -9.006949e+00 -8.419794e+00 -6.700635e+00 -3.679630e+00 -6.441727e+00 -3.524127e+00 -4.110457e+00 -3.566107e+00 2.484841e-01 -1.417867e+00 1.735314e+00 -1.287447e+00 1.795799e+00 2.748872e+00 1.870493e+00 8.998735e-01 -6.930618e-01 7.057964e-01 -4.230623e-01 -4.238596e-01 -4.903368e-01 -1.140495e-01 2.786889e-02 -7.997918e-01 -1.675254e-01 -8.484414e-01 -4.034655e-01 -9.763037e-02 -3.134207e-02 2.970367e-01 4.008653e-02 3.351815e-01 2.296735e-01 2.661545e-01 3.069975e-02
<VARIANCE> 39
 2.431302e+01 3.038485e+01 3.574183e+01 3.974423e+01 3.488079e+01 3.341285e+01 3.730455e+01 4.862159e+01 5.159769e+01 4.224982e+01 4.326582e+01 3.750282e+01 4.189838e-02 3.868577e+00 4.444396e+00 3.481727e+00 5.072787e+00 4.724358e+00 5.603895e+00 5.613759e+00 5.634819e+00 6.660589e+00 4.721489e+00 4.387954e+00 3.782981e+00 6.215313e-03 5.062445e-01 6.525274e-01 5.565996e-01 7.721385e-01 6.940136e-01 6.592073e-01 7.533721e-01 9.571742e-01 9.379534e-01 9.088042e-01 8.687871e-01 5.637866e-01 5.562943e-04
<GCONST> 1.142059e+02
<MIXTURE> 9 9.280732e-02
<MEAN> 39
 -3.203465e+00 -1.327157e+01 -3.060749e+00 -7.042625e+00 -1.486827e+01 -1.390966e+01 -1.089144e+01 6.146211e+00 -8.351232e-01 -6.535291e+00 -1.354547e+00 -1.137753e-01 7.852728e-01 5.729186e-01 -2.789652e-02 -1.935140e+00 9.943554e-02 1.765524e+00 2.686803e-01 -1.145937e+00 -1.253490e-01 1.610110e+00 3.264820e-01 -1.245968e+00 -3.446969e-01 -1.706698e-03 -1.428764e-02 2.496141e-01 5.920168e-02 -1.692549e-01 1.516961e-01 3.379045e-01 -4.166951e-02 -6.061411e-01 -2.090616e-01 3.760137e-01 8.844971e-02 -3.046436e-01 -5.184843e-03
<VARIANCE> 39
 1.007043e+01 2.464752e+01 3.330143e+01 4.301545e+01 4.325547e+01 7.275940e+01 8.200995e+01 5.284561e+01 6.869855e+01 4.817493e+01 5.007178e+01 3.881598e+01 1.276839e-02 2.773589e-01 4.735039e-01 1.376608e+00 8.760171e-01 1.437914e+00 1.659608e+00 2.288727e+00 1.803054e+00 1.645354e+00 1.895092e+00 1.414908e+00 1.355699e+00 2.005482e-04 4.631517e-02 9.378815e-02 1.463648e-01 1.494874e-01 2.018519e-01 3.005511e-01 2.605187e-01 2.974767e-01 2.502246e-01 2.587566e-01 2.781982e-01 2.102329e-01 2.885292e-05
<GCONST> 7.527123e+01
<MIXTURE> 10 8.185180e-02
<MEAN> 39
 -6.420152e+00 -1.176160e+01 -5.617026e-01 -1.661706e+01 -1.395026e+01 -1.214628e+01 -6.131723e+00 5.601433e+00 -1.122792e+01 -4.030928e+00 -7.027141e+00 -5.062028e-01 7.363816e-01 7.297314e-01 7.326831e-01 -8.717902e-01 1.646040e+00 8.724993e-01 -2.589651e-01 -9.566279e-01 -7.572494e-01 2.377061e-02 -4.490825e-01 -2.949469e-01 -1.788627e-01 -3.256000e-02 4.441220e-02 5.646285e-01 -5.146816e-02 5.208369e-01 -3.297919e-02 9.173927e-02 1.226981e-01 -1.274620e+00 9.288328e-02 4.790992e-01 -1.686823e-01 -2.331062e-01 -1.202348e-02
<VARIANCE> 39
 6.131655e+00 2.135053e+01 2.795153e+01 3.418267e+01 3.314972e+01 3.855693e+01 4.648294e+01 4.378595e+01 4.683820e+01 4.017849e+01 3.397421e+01 2.618352e+01 9.681850e-03 3.982940e-01 9.615057e-01 1.450326e+00 1.587406e+00 1.894667e+00 2.392653e+00 2.415455e+00 3.491048e+00 2.778549e+00 2.332456e+00 2.057077e+00 2.094510e+00 3.166430e-04 7.234892e-02 1.753807e-01 2.410749e-01 2.824409e-01 3.325754e-01 3.923678e-01 4.497407e-01 5.258011e-01 5.091618e-01 4.288067e-01 4.713086e-01 3.893903e-01 5.281067e-05
<GCONST> 8.306980e+01
<MIXTURE> 11 5.201829e-02
<MEAN> 39
 -7.836661e+00 -7.792547e+00 3.308363e+00 -1.651366e+01 -1.780653e+01 -1.701598e+01 -2.923754e+00 -5.930842e+00 -1.202046e+01 2.604912e+00 -8.290859e+00 1.612293e+00 6.970404e-01 -9.217807e-01 3.113094e+00 -7.591530e-01 3.852974e+00 1.677528e+00 1.560052e+00 -5.343813e-01 -9.978446e-01 6.714393e-01 -1.871656e+00 7.442672e-01 -9.619402e-01 -1.137741e-01 -7.498804e-01 3.762212e-01 -6.168249e-01 7.568624e-01 1.077173e+00 9.771714e-01 -1.343925e-01 4.663917e-01 6.767443e-01 -3.980253e-01 3.961430e-01 -3.738461e-01 -3.154682e-02
<VARIANCE> 39
 7.532729e+00 2.515567e+01 2.716578e+01 3.335215e+01 3.660775e+01 4.302223e+01 4.003116e+01 5.490064e+01 3.894517e+01 4.703832e+01 3.161256e+01 2.997273e+01 1.518090e-02 1.435601e+00 1.809507e+00 2.359581e+00 3.191681e+00 3.437741e+00 4.472412e+00 3.876051e+00 4.277801e+00 3.231895e+00 4.246111e+00 3.327761e+00 2.437541e+00 2.996083e-03 2.782345e-01 4.860922e-01 3.057906e-01 5.013419e-01 6.091669e-01 6.559297e-01 5.276152e-01 8.327222e-01 5.997974e-01 8.152599e-01 5.620171e-01 5.136594e-01 4.511305e-04
<GCONST> 1.011062e+02
<MIXTURE> 12 4.688417e-02
<MEAN> 39
 -9.618884e+00 -8.629856e+00 5.474546e+00 -1.991538e+01 -1.912564e+01 -9.718486e+00 -3.953163e+00 -5.166127e+00 -1.398089e+01 2.308826e+00 -7.693399e+00 -3.843010e+00 7.073112e-01 4.616630e-01 1.316269e+00 -1.613995e-01 1.898729e+00 7.269591e-01 3.892706e-01 2.382899e-02 -1.591012e+00 -3.396521e-01 -3.969615e-01 -6.913400e-01 -2.417809e-01 -5.957118e-02 1.920403e-01 4.576296e-01 -6.749628e-01 8.909399e-01 5.180098e-01 -1.366960e-01 -1.934668e-01 -1.990104e-01 4.145814e-01 -5.122132e-01 -7.013351e-02 8.250330e-02 -1.691883e-02
<VARIANCE> 39
 7.021184e+00 2.488639e+01 3.762444e+01 4.968877e+01 4.729580e+01 4.086679e+01 4.912972e+01 7.658842e+01 5.431596e+01 4.412333e+01 4.238060e+01 2.882347e+01 1.196282e-02 9.722136e-01 1.875810e+00 2.539439e+00 4.142593e+00 2.676889e+00 4.199857e+00 3.456123e+00 5.054374e+00 2.998237e+00 4.696344e+00 3.904364e+00 2.643654e+00 1.644000e-03 1.163563e-01 2.768827e-01 3.336203e-01 4.961869e-01 6.199367e-01 4.470925e-01 5.408802e-01 9.472809e-01 6.216014e-01 5.176776e-01 6.153180e-01 4.296858e-01 2.167719e-04
<GCONST> 9.935344e+01
<MIXTURE> 13 5.817383e-02
<MEAN> 39
 -5.239345e+00 -8.905437e+00 -3.970628e+00 -1.305318e+01 -1.376576e+01 -1.552713e+01 -1.093061e+01 9.308813e-01 -5.652995e+00 -4.205059e-01 -1.055093e+01 2.799633e+00 7.416913e-01 -9.631509e-01 2.720391e+00 -7.315313e-01 2.196804e+00 1.388987e+00 6.395730e-01 3.877411e-01 -2.093261e+00 7.033325e-01 -1.457730e+00 5.509747e-01 -8.574826e-01 -6.630144e-02 -1.000772e+00 6.337909e-01 4.980576e-02 4.883040e-01 5.426301e-01 7.708943e-01 5.222064e-01 -2.383285e-01 -1.356883e-03 -1.725424e-01 6.428384e-01 -4.465576e-01 -2.228399e-02
<VARIANCE> 39
 8.032051e+00 1.773729e+01 3.199806e+01 3.025273e+01 4.648410e+01 2.621536e+01 3.894997e+01 2.509245e+01 3.528537e+01 3.395717e+01 2.646916e+01 3.540869e+01 1.357503e-02 1.287926e+00 1.724900e+00 2.054076e+00 2.038903e+00 2.619420e+00 2.640533e+00 4.145667e+00 2.406155e+00 3.008469e+00 2.745374e+00 2.493944e+00 2.744285e+00 1.024497e-03 2.636037e-01 2.347141e-01 2.895973e-01 3.417924e-01 5.161710e-01 3.981442e-01 4.097087e-01 3.998900e-01 3.957770e-01 3.847619e-01 3.759612e-01 4.643312e-01 2.044534e-04
<GCONST> 9.014022e+01
<MIXTURE> 14 5.126890e-02
<MEAN> 39
 -6.580758e+00 -7.899644e+00 5.241107e+00 -3.037353e+00 -1.577347e+01 -1.564694e+01 -8.491794e+00 5.214009e+00 -1.272272e+01 -6.679607e+00 4.837542e+00 -2.359826e+00 6.090443e-01 -1.763448e+00 3.119540e+00 -1.091201e+00 2.155678e+00 3.261794e+00 1.142632e+00 1.726958e+00 -1.296312e+00 3.188075e-01 2.404220e-01 -1.546513e+00 1.107632e-03 -1.467745e-01 -6.419693e-01 -4.248669e-02 -7.552687e-01 -3.748850e-01 7.705539e-01 1.053838e+00 2.827101e-03 -5.371538e-01 1.271806e+00 5.525794e-01 -6.595843e-01 6.512189e-02 -2.086907e-02
<VARIANCE> 39
 9.287197e+00 1.786803e+01 3.441692e+01 2.524189e+01 3.231372e+01 4.605404e+01 4.757952e+01 4.776439e+01 5.760851e+01 4.381028e+01 3.083255e+01 3.141543e+01 1.610944e-02 2.400391e+00 2.853055e+00 3.537604e+00 2.988075e+00 3.593457e+00 5.322588e+00 4.606074e+00 4.686314e+00 5.672688e+00 4.467257e+00 3.538125e+00 2.795879e+00 3.199567e-03 3.467067e-01 4.585642e-01 4.569706e-01 4.303038e-01 6.564101e-01 8.751346e-01 7.180110e-01 7.022603e-01 1.007637e+00 6.958265e-01 6.253886e-01 5.440056e-01 5.209238e-04
<GCONST> 1.055581e+02
<MIXTURE> 15 5.294739e-02
<MEAN> 39
 -6.918662e+00 -1.148713e+01 6.946737e+00 -8.074703e+00 -2.332129e+01 -8.428040e+00 -8.470140e+00 2.278111e+00 -9.118340e+00 -7.301159e+00 5.106168e+00 -4.132623e+00 7.607458e-01 -4.351873e-01 1.679393e+00 7.442387e-01 4.664292e-01 4.277089e-01 5.681555e-01 1.528197e+00 -1.157802e+00 -2.435498e+00 6.697648e-01 3.426972e-01 -1.058838e+00 -5.059285e-02 -3.112583e-03 5.606542e-01 -7.512402e-01 3.581640e-01 1.152103e+00 -1.323566e-03 2.486821e-02 -4.646992e-01 4.808093e-01 4.415213e-01 -7.611392e-01 -2.500554e-02 -2.183599e-02
<VARIANCE> 39
 9.539686e+00 2.121043e+01 3.333975e+01 3.980684e+01 3.192289e+01 4.088383e+01 5.053323e+01 5.149643e+01 5.341423e+01 3.855074e+01 3.088592e+01 3.161807e+01 8.897824e-03 5.626417e-01 1.184673e+00 1.640322e+00 2.473146e+00 3.203176e+00 3.323608e+00 2.477356e+00 3.883450e+00 3.675992e+00 3.078403e+00 3.894789e+00 2.419785e+00 8.784503e-04 2.171090e-01 2.299365e-01 3.523981e-01 3.558517e-01 4.039425e-01 4.711491e-01 5.432144e-01 6.605168e-01 5.895547e-01 4.229219e-01 3.802145e-01 3.971169e-01 2.448629e-04
<GCONST> 9.291245e+01
<MIXTURE> 16 5.698652e-02
<MEAN> 39
 -4.638483e+00 -9.351880e+00 -6.769474e+00 -8.503734e+00 -1.145625e+01 -1.494530e+01 -6.981612e+00 3.293655e-01 2.497162e+00 -3.114017e+00 -6.556745e+00 -3.011125e-01 7.519042e-01 3.675888e-01 5.400848e-01 -1.150782e+00 -1.252951e-01 1.978200e+00 9.456526e-01 -1.329978e+00 -1.043036e+00 5.478619e-01 8.970189e-01 -5.881708e-01 -1.141607e+00 -2.278808e-02 -1.194557e-01 3.625549e-01 4.009704e-01 -9.995977e-02 5.498151e-02 5.864094e-01 7.139515e-04 -6.201012e-01 -8.974913e-01 3.141727e-01 4.905566e-01 -3.041724e-01 -1.262991e-02
<VARIANCE> 39
 8.982874e+00 2.262505e+01 2.589611e+01 4.673843e+01 4.304201e+01 3.832927e+01 5.302196e+01 4.128024e+01 3.516198e+01 4.131888e+01 3.127263e+01 3.180211e+01 1.546999e-02 6.695502e-01 1.062008e+00 2.542439e+00 1.860301e+00 2.521035e+00 2.483639e+00 2.887468e+00 2.698113e+00 3.869522e+00 2.808746e+00 2.027652e+00 1.858298e+00 6.868783e-04 1.847156e-01 2.311080e-01 2.768057e-01 3.708057e-01 4.848349e-01 4.948426e-01 5.458749e-01 6.061943e-01 3.926613e-01 4.532127e-01 3.883520e-01 3.002599e-01 6.864721e-05
<GCONST> 8.930828e+01
<TRANSP> 5
 0.000000e+00 1.000000e+00 0.000000e+00 0.000000e+00 0.000000e+00
 0.000000e+00 5.066853e-01 4.933147e-01 0.000000e+00 0.000000e+00
 0.000000e+00 0.000000e+00 6.281012e-01 3.718988e-01 0.000000e+00
 0.000000e+00 0.000000e+00 0.000000e+00 5.113320e-01 4.886680e-01
 0.000000e+00 0.000000e+00 0.000000e+00 0.000000e+00 0.000000e+00
<ENDHMM>
