~o
<STREAMINFO> 1 39
<VECSIZE> 39<NULLD><MFCC_E_D_A><DIAGC>
~h "ix"
<BEGINHMM>
<NUMSTATES> 5
<STATE> 2
<NUMMIXES> 16
<MIXTURE> 1 5.064603e-02
<MEAN> 39
 -5.110318e-01 -1.359858e+01 -3.859780e+00 -3.702651e+00 -1.586346e+01 -9.617538e+00 -1.450724e+01 1.100130e+00 7.368013e-01 -5.028702e+00 -6.951831e-02 -2.068951e+00 7.221826e-01 -9.539424e-01 7.033963e-01 1.804541e+00 -2.338508e-01 -4.236866e-01 -1.604629e-01 7.828417e-01 8.258426e-02 -7.166080e-01 -1.272018e-01 -3.398751e-01 -1.678988e-01 -2.126780e-02 -5.628237e-01 1.046793e+00 -1.874753e-01 -1.530583e-01 1.103121e+00 1.968109e-01 5.525249e-01 -5.214054e-01 -4.482730e-01 2.298969e-01 -2.192444e-01 3.629569e-02 -2.252784e-02
<VARIANCE> 39
 9.104149e+00 2.337453e+01 4.538326e+01 4.157018e+01 4.451276e+01 5.670680e+01 7.667898e+01 6.594012e+01 6.423907e+01 5.108303e+01 3.705480e+01 3.363372e+01 1.092953e-02 8.465928e-01 1.156243e+00 2.870292e+00 3.203508e+00 3.639952e+00 4.896478e+00 4.735810e+00 5.339337e+00 4.296133e+00 3.367492e+00 3.742676e+00 2.720250e+00 5.275043e-04 3.069621e-01 3.035952e-01 5.357097e-01 5.150893e-01 6.092268e-01 7.715685e-01 1.079653e+00 8.960410e-01 1.008336e+00 8.296841e-01 5.335831e-01 5.172048e-01 2.084508e-04
<GCONST> 1.030126e+02
<MIXTURE> 2 5.955900e-02
<MEAN> 39
 -4.707548e+00 -6.895285e+00 -4.285571e+00 -4.315085e+00 -1.350696e+01 -1.419532e+01 -7.327132e+00 -4.799490e+00 2.628364e+00 -3.994140e+00 -2.989025e+00 -8.491911e-01 6.453706e-01 1.810112e+00 -8.280846e-01 -4.690619e-01 4.803219e-01 -1.130213e+00 -1.037059e+00 -4.966499e-01 -5.497081e-01 8.423560e-01 -3.648604e-01 -1.239522e-01 8.693237e-04 3.103847e-02 -1.127327e+00 4.362791e-01 1.215501e-01 -1.481215e-01 8.889522e-01 8.760683e-01 3.789282e-01 2.086619e-01 -7.552772e-01 2.485622e-01 9.464490e-02 -9.466368e-02 -2.688841e-02
<VARIANCE> 39
 1.229754e+01 2.237770e+01 3.356178e+01 2.408297e+01 3.678608e+01 3.191741e+01 3.778128e+01 3.361524e+01 2.617324e+01 2.857796e+01 2.642134e+01 2.609386e+01 1.444895e-02 2.433128e+00 1.786754e+00 2.890701e+00 2.501657e+00 3.880460e+00 3.520572e+00 3.538511e+00 3.401897e+00 2.948995e+00 2.821135e+00 2.641161e+00 2.156733e+00 1.420952e-03 5.175857e-01 4.298026e-01 4.267728e-01 4.642033e-01 5.459629e-01 6.056104e-01 6.274948e-01 6.487257e-01 5.134898e-01 5.303885e-01 4.839631e-01 4.147625e-01 3.918291e-04
<GCONST> 9.709479e+01
<MIXTURE> 3 4.721162e-02
<MEAN> 39
 -3.913532e+00 -7.885841e+00 -4.070942e+00 -5.324309e+00 -1.393768e+01 -9.679080e+00 -9.184421e+00 1.630991e+00 1.741068e-01 -7.250376e+00 1.137179e+00 -5.542560e+00 6.167214e-01 1.861485e-01 -3.191464e-01 -2.838050e-01 4.307643e-02 -1.465216e-01 -7.483158e-02 -2.974870e-01 7.117063e-01 7.534495e-01 -5.051079e-01 -1.348612e-01 -8.118200e-02 1.226424e-02 -1.896849e-01 2.889218e-01 2.079055e-01 4.035566e-02 3.680770e-01 6.820445e-02 2.388696e-01 -4.793428e-01 -4.860017e-01 4.549599e-01 -3.238394e-01 1.418957e-01 -1.122663e-02
<VARIANCE> 39
 7.492443e+00 1.566676e+01 2.989655e+01 2.551417e+01 4.305367e+01 3.417094e+01 4.879785e+01 4.913489e+01 4.431342e+01 3.789827e+01 3.310549e+01 3.328307e+01 1.424540e-02 4.280951e-01 9.603036e-01 1.791341e+00 1.446160e+00 2.655469e+00 1.677639e+00 2.350232e+00 2.533740e+00 2.175652e+00 2.334690e+00 1.793069e+00 1.859101e+00 4.965316e-04 1.014990e-01 1.357625e-01 2.130177e-01 2.580592e-01 3.327650e-01 2.661020e-01 3.369206e-01 4.951823e-01 4.140489e-01 3.464545e-01 3.356210e-01 3.520028e-01 9.208095e-05
<GCONST> 8.212694e+01
<MIXTURE> 4 8.984908e-02
<MEAN> 39
 -5.954392e+00 -1.009561e+01 -1.396375e+00 -1.717898e+01 -1.425207e+01 -1.886213e+01 -6.798616e+00 -1.145748e+00 -8.414729e+00 -2.011527e-01 -9.502519e+00 1.987460e+00 7.020692e-01 1.423331e+00 -1.536161e+00 7.734968e-01 -1.423569e+00 -6.394799e-01 -1.343463e+00 -2.298218e-01 5.580336e-01 -8.035663e-01 9.420846e-01 -1.010619e+00 5.336564e-01 3.365554e-02 -1.156837e+00 1.026788e+00 -3.452633e-01 1.308095e+00 9.568334e-01 1.467635e+00 4.318906e-01 -3.085907e-01 4.264846e-01 -2.453431e-01 6.852909e-01 -4.053822e-01 -4.113143e-02
<VARIANCE> 39
 6.946549e+00 1.733699e+01 3.829941e+01 3.080233e+01 4.127063e+01 2.817044e+01 4.596328e+01 4.246370e+01 4.433790e+01 4.046494e+01 2.809832e+01 2.713004e+01 1.190318e-02 1.949019e+00 2.289123e+00 2.845832e+00 3.074873e+00 3.501508e+00 3.766541e+00 4.073596e+00 3.529109e+00 3.843294e+00 3.174582e+00 2.666643e+00 2.471412e+00 1.443239e-03 4.412388e-01 4.188017e-01 5.202822e-01 5.684584e-01 7.798957e-01 6.274217e-01 9.277511e-01 8.696142e-01 7.328674e-01 7.527465e-01 6.162605e-01 5.916429e-01 4.774042e-04
<GCONST> 1.015426e+02
<MIXTURE> 5 6.951863e-02
<MEAN> 39
 -6.887172e+00 -6.852636e+00 2.111266e+00 -1.031857e+01 -1.432202e+01 -1.479166e+01 -4.544452e+00 2.832783e+00 -8.212348e+00 -1.462993e+00 -3.522511e+00 1.484228e+00 5.776403e-01 3.057128e-01 -2.910273e-01 -4.344894e-01 -1.407168e-01 4.049762e-01 -5.903971e-02 -1.801399e-01 5.807125e-01 5.289528e-01 2.594105e-02 -3.666953e-01 3.252051e-02 1.379853e-02 -3.463950e-02 1.263972e-01 -1.962667e-01 1.492285e-01 3.251730e-01 3.470242e-01 -2.719681e-01 -3.456165e-01 1.768883e-01 -8.009117e-02 -2.087200e-02 -2.993826e-01 -5.721344e-03
<VARIANCE> 39
 1.054756e+01 2.408471e+01 3.488358e+01 4.026819e+01 3.656523e+01 3.752097e+01 4.283153e+01 4.416364e+01 3.526464e+01 2.893726e+01 3.111936e+01 2.151053e+01 1.954675e-02 6.987247e-01 1.096133e+00 2.268536e+00 1.559556e+00 2.456011e+00 2.187404e+00 2.393244e+00 2.176204e+00 2.730172e+00 2.007869e+00 1.616511e+00 1.257944e+00 9.280864e-04 1.724260e-01 2.030782e-01 2.335461e-01 2.985874e-01 3.207026e-01 4.025720e-01 3.494362e-01 5.067933e-01 3.515227e-01 3.561960e-01 2.807753e-01 2.340460e-01 1.870677e-04
<GCONST> 8.531053e+01
<MIXTURE> 6 5.338532e-02
<MEAN> 39
 -2.639013e+00 -1.248535e+01 2.653115e-01 -7.911491e+00 -1.495697e+01 -6.268793e+00 -1.906339e+01 6.399375e-02 2.294251e+00 -4.273986e+00 1.962882e+00 -6.375453e+00 6.934952e-01 7.546333e-01 -8.359672e-01 2.057613e-01 -6.983790e-02 -5.708444e-01 4.784587e-01 -1.064884e+00 3.791222e-01 2.719001e-01 -2.312858e-01 3.833233e-01 -5.545574e-01 1.043959e-02 -1.215961e+00 1.283089e+00 -3.224403e-01 3.469028e-01 1.307312e+00 -9.873077e-02 1.690665e+00 -3.878896e-01 -7.486092e-01 3.488801e-01 -6.233395e-01 4.718176e-01 -3.723908e-02
<VARIANCE> 39
 6.934028e+00 2.014539e+01 2.551042e+01 2.388917e+01 3.300312e+01 3.003310e+01 3.591666e+01 3.981073e+01 2.813574e+01 4.062343e+01 2.873440e+01 2.837537e+01 9.284579e-03 1.110598e+00 1.517624e+00 1.810114e+00 1.657183e+00 2.559669e+00 2.367538e+00 2.438307e+00 3.072311e+00 2.383326e+00 2.430338e+00 2.124806e+00 1.693717e+00 6.747581e-04 5.154371e-01 3.738512e-01 3.970787e-01 5.176865e-01 6.000978e-01 5.573850e-01 7.148526e-01 8.694249e-01 6.165699e-01 7.751626e-01 5.191186e-01 5.019665e-01 3.409981e-04
<GCONST> 9.256482e+01
<MIXTURE> 7 6.494007e-02
<MEAN> 39
 -7.903988e+00 -5.036515e+00 4.668198e+00 -6.875640e+00 -1.654334e+01 -1.031640e+01 -5.490434e+00 8.188837e-01 -8.034863e+00 -3.845668e+00 6.216301e-01 -1.859504e+00 5.259781e-01 2.022772e+00 -6.641111e-01 8.874301e-01 -3.030822e-01 -1.666358e+00 -6.468710e-01 -1.129272e+00 3.715065e-01 -5.944116e-01 -4.778258e-01 4.416682e-01 -2.279093e-01 5.871763e-02 -5.609363e-01 -3.488842e-02 -6.784501e-01 5.638016e-02 8.330511e-01 3.603543e-01 6.007673e-02 -1.346995e-01 4.277072e-01 1.682235e-01 -2.201596e-01 5.753719e-02 -1.690078e-02
<VARIANCE> 39
 1.302106e+01 1.819185e+01 3.217474e+01 3.630419e+01 4.260756e+01 4.160702e+01 3.432203e+01 3.520708e+01 3.360662e+01 2.488038e+01 2.067211e+01 1.786675e+01 1.987918e-02 2.567165e+00 2.269330e+00 3.332200e+00 3.734622e+00 4.356534e+00 4.093982e+00 3.872457e+00 3.524610e+00 4.218616e+00 3.132254e+00 2.367314e+00 1.949757e+00 3.358709e-03 4.166636e-01 3.468047e-01 4.029572e-01 5.472342e-01 6.128724e-01 6.455585e-01 4.993407e-01 4.804944e-01 4.582216e-01 3.792710e-01 3.541173e-01 2.913437e-01 4.118932e-04
<GCONST> 9.808366e+01
<MIXTURE> 8 6.931409e-02
<MEAN> 39
 -8.194885e+00 -3.580574e+00 -2.513996e+00 -1.368832e+01 -1.629918e+01 -1.630585e+01 -6.229445e+00 -7.270197e+00 -8.820972e+00 -5.158249e+00 -7.905460e+00 -2.733579e-02 6.188983e-01 3.410415e+00 -1.226698e+00 8.384925e-01 -1.861400e+00 -2.544444e+00 -2.650478e+00 -1.619117e+00 -5.450199e-01 -1.561222e+00 -1.682337e-01 -1.647678e+00 1.739022e-01 6.070506e-02 -1.093792e+00 1.905163e-02 -3.405999e-01 6.146767e-01 1.070451e+00 1.129396e+00 5.511033e-01 5.812566e-01 5.655589e-01 5.434471e-01 5.816388e-01 8.505676e-03 -2.111207e-02
<VARIANCE> 39
 1.197991e+01 1.682249e+01 3.669673e+01 3.717569e+01 3.047486e+01 3.171839e+01 3.075033e+01 3.403871e+01 2.910593e+01 2.892060e+01 2.295583e+01 2.643254e+01 1.222937e-02 2.079054e+00 3.372890e+00 3.156275e+00 4.707405e+00 3.450020e+00 4.128393e+00 4.639168e+00 4.361786e+00 3.974328e+00 4.229098e+00 3.357520e+00 3.436879e+00 2.601900e-03 3.015050e-01 3.375019e-01 4.004220e-01 4.660670e-01 4.984917e-01 5.709514e-01 4.653996e-01 5.564873e-01 4.479570e-01 4.517843e-01 3.913898e-01 4.325871e-01 4.076196e-04
<GCONST> 9.864422e+01
<MIXTURE> 9 5.086962e-02
<MEAN> 39
 -3.733663e+00 -1.075967e+01 1.815131e+00 -1.039726e+01 -1.389476e+01 -1.248852e+01 -1.327313e+01 3.883932e+00 -4.168724e+00 -8.885895e-01 -3.050225e+00 -1.118963e+00 6.778646e-01 2.000693e-02 2.096803e-01 -1.341846e-01 1.295047e-01 2.863568e-01 -1.708740e-02 7.803125e-02 -9.759877e-02 1.194787e-01 6.677552e-02 -4.056212e-01 8.427539e-02 -5.817681e-03 -4.597956e-01 7.264457e-01 -2.093327e-01 3.453123e-01 5.855810e-01 1.675942e-01 4.545511e-01 -5.648665e-01 5.705762e-02 -2.223666e-01 -1.107326e-01 -4.800475e-02 -1.885760e-02
<VARIANCE> 39
 7.870693e+00 2.344447e+01 3.935028e+01 2.665099e+01 3.581213e+01 2.350550e+01 3.450768e+01 3.469643e+01 3.660740e+01 2.606126e+01 2.101352e+01 2.283947e+01 1.268642e-02 2.545877e-01 7.889998e-01 8.353289e-01 7.634379e-01 1.170881e+00 9.598875e-01 1.527997e+00 1.493017e+00 1.226889e+00 1.006009e+00 1.048217e+00 9.122208e-01 3.305243e-04 1.603731e-01 1.773604e-01 2.271669e-01 1.948827e-01 2.631337e-01 2.269395e-01 2.527156e-01 2.607448e-01 2.989661e-01 2.100111e-01 1.924194e-01 2.120718e-01 8.355863e-05
<GCONST> 6.980627e+01
<MIXTURE> 10 7.064126e-02
<MEAN> 39
 -7.037571e+00 -1.101868e+01 1.427772e+00 -2.061774e+01 -1.603380e+01 -1.285686e+01 -2.192357e+00 -2.291050e-01 -1.142144e+01 4.999182e-01 -7.712437e+00 -5.445946e-01 7.223105e-01 -1.933805e-01 2.948186e-01 3.314673e-01 -4.764725e-01 -2.933275e-01 1.574266e-01 2.106630e-01 -4.404524e-01 -4.451200e-02 6.645733e-02 -8.761407e-02 1.104336e-01 -1.394655e-03 8.368278e-02 4.842333e-01 -3.197275e-01 7.910841e-01 2.933418e-01 4.966649e-03 -4.026986e-01 -3.145612e-01 1.919281e-01 -2.813799e-01 5.588175e-02 -4.827614e-02 -1.416626e-02
<VARIANCE> 39
 8.870954e+00 2.155831e+01 3.793312e+01 3.316377e+01 3.591784e+01 5.779850e+01 3.830662e+01 5.699206e+01 4.383404e+01 4.376441e+01 3.224115e+01 2.629302e+01 1.204765e-02 4.468878e-01 1.162545e+00 1.710165e+00 1.981238e+00 1.629520e+00 2.372899e+00 2.468388e+00 2.786535e+00 2.436728e+00 2.742259e+00 1.728083e+00 1.532634e+00 4.977209e-04 8.886839e-02 2.622744e-01 2.631510e-01 2.735544e-01 3.269221e-01 4.327984e-01 4.309632e-01 5.418764e-01 3.905766e-01 4.301709e-01 3.910085e-01 2.943059e-01 1.055381e-04
<GCONST> 8.548934e+01
<MIXTURE> 11 7.296050e-02
<MEAN> 39
 -3.779679e+00 -1.197434e+01 -3.816678e+00 -1.247175e+01 -9.067704e+00 -1.227210e+01 -1.174233e+01 3.736334e+00 -4.585380e-01 -1.405848e+00 -7.490689e+00 -2.325475e+00 6.928556e-01 -7.222824e-01 6.462834e-02 1.968027e+00 7.492750e-01 -1.816315e+00 -1.478844e+00 1.567148e+00 1.658403e+00 -1.042330e+00 -1.684059e+00 1.782112e-01 1.358774e+00 -1.047161e-02 -1.606268e-01 8.817529e-01 -5.897385e-02 2.325004e-01 6.517526e-02 6.977453e-01 5.424268e-01 -1.052879e+00 -9.037405e-01 1.432678e-01 7.391033e-01 -1.665151e-01 -1.846176e-02
<VARIANCE> 39
 8.666269e+00 2.209977e+01 3.706793e+01 4.387520e+01 3.362101e+01 5.670745e+01 5.080130e+01 4.342773e+01 4.754888e+01 5.731549e+01 4.572303e+01 3.496183e+01 1.337913e-02 6.083426e-01 1.201877e+00 2.178263e+00 2.816927e+00 2.962560e+00 3.146085e+00 3.323896e+00 3.330961e+00 4.527723e+00 3.088837e+00 3.391660e+00 2.033731e+00 6.337878e-04 1.818116e-01 3.380061e-01 3.768518e-01 6.556216e-01 4.224117e-01 7.278233e-01 7.939541e-01 6.699526e-01 7.199892e-01 8.459929e-01 4.592896e-01 6.003318e-01 2.028063e-04
<GCONST> 9.760889e+01
<MIXTURE> 12 6.313796e-02
<MEAN> 39
 -4.274902e+00 -1.300700e+01 5.342631e+00 -1.174459e+01 -1.570525e+01 -1.128259e+01 -1.585372e+01 8.140788e+00 -9.369375e+00 -7.245702e-01 -2.084362e+00 -1.057568e+00 6.961703e-01 7.781711e-01 -9.706196e-01 5.230211e-01 -3.397802e-01 -4.811826e-01 -1.386215e-01 -1.012638e+00 1.197168e+00 -6.924483e-01 1.990307e-01 7.291849e-02 -5.931304e-02 1.337244e-02 -8.848054e-01 1.190865e+00 -7.965524e-01 7.700833e-01 1.025483e+00 4.025529e-01 1.258910e+00 -1.282168e+00 4.522385e-01 -1.140363e-01 -1.242215e-01 -1.689610e-01 -3.367759e-02
<VARIANCE> 39
 8.053922e+00 1.931556e+01 3.593751e+01 2.554691e+01 3.056884e+01 2.439365e+01 3.912347e+01 2.444565e+01 4.038703e+01 2.304350e+01 2.684734e+01 1.897433e+01 9.746450e-03 1.277434e+00 1.800135e+00 3.197756e+00 1.997835e+00 3.391797e+00 2.505777e+00 3.370276e+00 3.280890e+00 4.699191e+00 2.271871e+00 2.138466e+00 1.759705e+00 8.448463e-04 4.781154e-01 4.043440e-01 4.721963e-01 5.271213e-01 5.385693e-01 4.984691e-01 6.742656e-01 5.514083e-01 6.884110e-01 4.633234e-01 4.623107e-01 3.739320e-01 2.651535e-04
<GCONST> 9.283789e+01
<MIXTURE> 13 5.668353e-02
<MEAN> 39
 -4.706892e+00 -1.029954e+01 3.923678e+00 -6.096536e+00 -1.606690e+01 -1.109553e+01 -1.313864e+01 2.403491e+00 -3.884854e+00 -7.409529e+00 1.947620e+00 -3.091989e+00 6.336821e-01 2.885130e+00 -1.841845e+00 1.015767e+00 3.178475e-01 -2.607029e+00 -1.049423e-01 -2.535600e+00 7.414215e-01 -3.676223e-01 -1.595575e+00 1.471737e+00 -9.254508e-01 4.223834e-02 -1.328342e+00 6.183205e-01 -7.535360e-01 -5.798630e-02 1.172818e+00 5.944880e-01 9.798915e-01 -2.881535e-01 -5.361283e-02 6.445897e-01 -3.393393e-01 1.243994e-01 -2.851187e-02
<VARIANCE> 39
 8.078504e+00 1.626110e+01 3.005664e+01 2.061645e+01 2.883702e+01 2.921713e+01 3.111193e+01 2.686358e+01 3.981560e+01 1.939615e+01 1.930534e+01 2.127314e+01 9.378492e-03 1.934674e+00 1.904221e+00 3.326444e+00 2.515473e+00 3.256076e+00 3.523042e+00 3.565172e+00 4.307632e+00 5.309222e+00 3.280527e+00 2.579826e+00 2.395918e+00 1.556239e-03 3.632400e-01 4.738854e-01 4.692586e-01 4.052245e-01 4.790928e-01 4.902560e-01 5.628673e-01 5.182018e-01 7.007082e-01 4.426082e-01 3.921758e-01 3.923742e-01 3.452658e-04
<GCONST> 9.414654e+01
<MIXTURE> 14 6.181821e-02
<MEAN> 39
 -5.393849e+00 -6.448462e+00 -8.521070e-01 -1.067446e+01 -6.030919e+00 -1.182637e+01 -1.507573e+01 -9.437956e-01 -2.281743e+00 2.085300e+00 -5.982026e+00 -3.885963e+00 6.004059e-01 2.811657e+00 -1.530850e+00 7.906155e-01 -4.219920e-01 -1.078124e+00 -2.602236e-01 -2.372039e+00 1.394417e-01 -3.031047e-01 4.890195e-01 -1.564881e-01 -7.949014e-01 3.061457e-02 -1.469031e+00 5.259857e-01 -3.475087e-01 3.068753e-01 3.536636e-01 5.402830e-01 1.244619e+00 -2.277296e-02 -8.813142e-02 -3.021634e-01 3.095950e-01 3.266547e-01 -1.837657e-02
<VARIANCE> 39
 1.378885e+01 2.161541e+01 2.304526e+01 1.950582e+01 2.131348e+01 2.946897e+01 2.887323e+01 3.550396e+01 2.250320e+01 2.673890e+01 2.008229e+01 2.275903e+01 1.149468e-02 3.254036e+00 2.616073e+00 2.272607e+00 2.125715e+00 2.854961e+00 3.355131e+00 3.944263e+00 4.251955e+00 2.363683e+00 2.585095e+00 2.576804e+00 2.197787e+00 1.151598e-03 3.627599e-01 3.781422e-01 2.832085e-01 4.317047e-01 3.452539e-01 4.419283e-01 4.800723e-01 6.938798e-01 4.668882e-01 4.503188e-01 3.267196e-01 3.493939e-01 3.532846e-04
<GCONST> 9.174442e+01
<MIXTURE> 15 6.888556e-02
<MEAN> 39
 -5.230716e+00 -8.629624e+00 -9.479600e-01 -1.147508e+01 -1.383916e+01 -1.246254e+01 -5.545591e+00 1.051685e+00 -5.084029e+00 -3.082234e+00 -4.393188e+00 -5.197394e-01 6.281606e-01 -3.569600e-02 3.421558e-01 -1.421756e-01 1.966071e-01 1.021745e-01 1.503331e-03 1.235653e-02 -1.605950e-01 5.386274e-02 -7.130863e-02 -1.500374e-01 8.914461e-02 -9.642958e-03 -1.424397e-02 1.956223e-01 1.150147e-03 1.768578e-01 1.387951e-01 2.617460e-02 -2.085519e-01 -1.491742e-01 -8.241051e-02 -1.949166e-02 -1.816926e-03 -5.198539e-02 -6.791201e-03
<VARIANCE> 39
 8.852354e+00 2.561862e+01 3.892943e+01 4.943021e+01 4.518975e+01 4.578641e+01 4.705649e+01 4.884827e+01 5.808804e+01 4.349318e+01 3.514002e+01 2.727629e+01 1.458799e-02 1.655272e-01 4.869686e-01 6.007546e-01 6.581487e-01 8.011748e-01 1.051609e+00 1.052510e+00 9.640353e-01 1.057235e+00 8.139251e-01 7.681155e-01 7.838469e-01 1.822752e-04 4.143266e-02 7.862221e-02 1.012294e-01 1.159987e-01 1.765464e-01 2.024120e-01 1.892976e-01 2.077232e-01 1.884072e-01 1.562543e-01 1.612296e-01 1.332412e-01 3.101389e-05
<GCONST> 6.315440e+01
<MIXTURE> 16 5.056296e-02
<MEAN> 39
 -3.737503e+00 -1.335769e+01 2.449563e+00 -8.795173e+00 -1.764703e+01 -4.647542e+00 -1.406378e+01 6.101812e+00 -1.850572e+00 -6.892815e+00 7.597176e-01 -4.947762e+00 6.606638e-01 -4.396944e-02 -7.498492e-02 2.703078e-01 -2.298974e-01 -2.286423e-01 6.443134e-02 -3.734493e-03 4.842194e-01 -1.135206e-01 -8.307654e-02 4.766058e-02 -5.160939e-02 2.309718e-03 -5.048561e-02 5.487837e-01 -2.898133e-01 3.113664e-01 6.139800e-01 -3.229759e-01 3.763131e-01 -6.513242e-01 -2.910101e-01 3.225901e-01 -2.567172e-01 2.731391e-02 -1.267187e-02
<VARIANCE> 39
 7.014095e+00 2.336466e+01 3.066996e+01 1.868337e+01 3.657411e+01 2.958023e+01 4.265009e+01 4.230561e+01 5.260250e+01 2.714372e+01 3.783046e+01 2.399739e+01 1.257512e-02 2.721124e-01 7.288684e-01 1.331462e+00 1.101280e+00 1.757131e+00 1.376240e+00 1.468172e+00 1.883083e+00 2.104242e+00 1.447050e+00 1.432371e+00 1.095329e+00 4.222337e-04 6.734776e-02 1.420386e-01 1.439574e-01 1.722213e-01 2.289060e-01 2.308647e-01 2.906041e-01 3.899797e-01 3.663604e-01 2.601188e-01 3.141114e-01 1.982389e-01 5.632667e-05
<GCONST> 7.339349e+01
<STATE> 3
<NUMMIXES> 16
<MIXTURE> 1 4.664292e-02
<MEAN> 39
 -8.081625e-01 -1.308015e+01 -1.322938e+00 -7.085415e+00 -1.367946e+01 -5.547650e+00 -1.821951e+01 -3.593233e+00 1.535248e+00 3.908331e-01 -1.154428e+00 -4.628935e+00 6.670690e-01 -6.995601e-01 2.428877e+00 -6.005729e-01 1.001561e+00 1.928850e+00 3.184355e-01 1.875060e+00 -1.407539e+00 -9.386456e-01 1.079013e-01 -1.541425e-01 -1.547358e-02 -6.379735e-02 -1.398200e+00 1.418922e+00 -1.564543e-01 3.017290e-01 1.196417e+00 3.988307e-02 1.458519e+00 3.255559e-02 -6.657339e-01 -3.963778e-01 -9.149116e-02 3.491305e-01 -3.765431e-02
<VARIANCE> 39
 7.160629e+00 2.095008e+01 3.384277e+01 2.813923e+01 2.200595e+01 2.506915e+01 3.001014e+01 3.673511e+01 2.808995e+01 2.342842e+01 3.453374e+01 2.359722e+01 1.034174e-02 2.877452e+00 2.944714e+00 3.200418e+00 4.869049e+00 3.996979e+00 4.081594e+00 3.772863e+00 4.102471e+00 4.058624e+00 3.250032e+00 3.679544e+00 2.555265e+00 1.965211e-03 5.234637e-01 5.236082e-01 5.926646e-01 6.148458e-01 5.752446e-01 6.081423e-01 8.021235e-01 6.835591e-01 6.521785e-01 5.256945e-01 6.500885e-01 4.670292e-01 4.441254e-04
<GCONST> 1.005518e+02
<MIXTURE> 2 5.243181e-02
<MEAN> 39
 -6.217456e+00 -5.467936e+00 -3.518738e+00 -9.907782e+00 -1.645971e+01 -1.820120e+01 -7.450435e+00 -6.465789e+00 -5.852665e+00 -5.120442e+00 -6.945959e+00 1.794763e+00 6.582267e-01 1.040282e-01 5.370086e-01 4.166464e-02 7.638041e-01 3.984518e-01 2.310882e-01 -2.120194e-01 7.966375e-02 -2.727326e-01 7.522818e-02 1.235013e-01 5.287582e-02 -2.022962e-02 -1.603812e+00 6.749981e-01 -1.766823e-01 5.587381e-01 1.571158e+00 1.617847e+00 6.640397e-01 4.259993e-01 2.104404e-01 3.426227e-01 5.445412e-01 -4.225069e-01 -3.765951e-02
<VARIANCE> 39
 1.073670e+01 1.811091e+01 2.886119e+01 4.124376e+01 4.695967e+01 3.507883e+01 3.564093e+01 3.296776e+01 5.101731e+01 3.021540e+01 3.812894e+01 4.143748e+01 1.492456e-02 2.420061e+00 1.979732e+00 2.289678e+00 2.467968e+00 3.790445e+00 2.577241e+00 2.213643e+00 2.929984e+00 2.474810e+00 2.393953e+00 2.013974e+00 1.762616e+00 1.433331e-03 4.875790e-01 5.225842e-01 4.780450e-01 8.052909e-01 8.365439e-01 9.018967e-01 8.465525e-01 7.413156e-01 9.271801e-01 5.923888e-01 7.710941e-01 8.853671e-01 5.854826e-04
<GCONST> 1.014584e+02
<MIXTURE> 3 5.905062e-02
<MEAN> 39
 -2.565572e+00 -1.202182e+01 1.376812e+00 -1.962929e+00 -1.793644e+01 -1.017345e+01 -1.351416e+01 -8.979760e-01 8.332774e-01 -8.642232e+00 3.616666e-02 -6.342028e-01 6.557269e-01 -1.251056e+00 2.169000e+00 2.059249e-01 4.059824e-01 1.905184e+00 -1.411082e-01 1.374097e+00 -5.497845e-01 -1.045622e+00 5.523747e-01 -1.144982e+00 1.028222e-01 -5.715122e-02 -1.092450e+00 1.055526e+00 -4.788273e-01 -3.256048e-01 1.546199e+00 4.136320e-01 7.992569e-01 -1.887977e-01 -5.000776e-01 8.109682e-01 -2.630019e-01 -1.613192e-01 -3.033497e-02
<VARIANCE> 39
 8.274998e+00 1.992766e+01 3.387737e+01 2.750495e+01 2.942942e+01 2.714593e+01 4.191760e+01 4.129770e+01 4.134656e+01 2.416688e+01 2.648565e+01 2.521174e+01 1.231920e-02 2.074427e+00 2.113248e+00 3.431319e+00 3.474233e+00 4.131996e+00 3.316481e+00 5.019557e+00 4.498570e+00 3.829352e+00 3.220236e+00 2.998380e+00 2.405963e+00 1.708129e-03 5.092090e-01 3.809613e-01 5.069151e-01 4.540463e-01 5.487472e-01 6.466799e-01 7.863968e-01 7.293659e-01 7.508090e-01 5.233309e-01 4.899003e-01 4.700904e-01 4.157106e-04
<GCONST> 9.969164e+01
<MIXTURE> 4 6.095044e-02
<MEAN> 39
 -4.870649e+00 -1.094720e+01 1.012360e+00 -1.590109e+01 -1.246305e+01 -1.904532e+01 -9.928888e+00 1.905159e+00 -8.689224e+00 1.103256e+00 -9.720442e+00 3.510437e+00 7.041923e-01 -6.493872e-01 2.250620e+00 -2.846647e-01 2.192727e+00 7.910109e-01 7.277598e-01 3.501440e-01 -1.158498e+00 4.866009e-01 -1.215564e+00 5.050170e-01 -4.947574e-01 -5.355437e-02 -1.109041e+00 1.307397e+00 -6.308848e-01 1.273698e+00 8.591455e-01 1.474396e+00 5.426633e-01 -6.712949e-01 4.447398e-01 -4.745956e-01 7.203859e-01 -7.843437e-01 -4.268645e-02
<VARIANCE> 39
 5.653923e+00 1.849576e+01 3.291107e+01 2.640230e+01 3.442855e+01 2.612376e+01 3.813171e+01 2.774890e+01 4.030965e+01 2.834534e+01 2.892080e+01 2.246086e+01 9.546028e-03 1.453432e+00 2.318521e+00 2.809765e+00 3.079825e+00 3.414505e+00 2.949347e+00 3.892372e+00 2.687677e+00 2.521462e+00 2.739154e+00 2.383956e+00 2.615112e+00 1.492568e-03 4.898630e-01 4.352510e-01 4.275999e-01 5.339261e-01 5.864788e-01 6.449216e-01 7.885931e-01 5.503820e-01 6.758245e-01 6.145473e-01 5.953267e-01 4.662481e-01 4.321124e-04
<GCONST> 9.627491e+01
<MIXTURE> 5 5.553148e-02
<MEAN> 39
 -8.149547e+00 -9.072436e+00 1.497020e+00 -1.986259e+01 -1.774185e+01 -1.797592e+01 -1.980045e-01 -6.910271e+00 -1.024942e+01 1.004416e+00 -7.585245e+00 -6.207292e-02 7.190214e-01 -4.791650e-02 1.430019e+00 7.996511e-01 1.352368e+00 -1.426765e-03 8.473135e-01 3.341902e-02 -8.179309e-01 -4.119300e-01 4.647962e-01 -2.383014e-02 -2.987905e-01 -4.460131e-02 -6.093293e-01 1.005910e+00 -6.508889e-01 1.714972e+00 1.262696e+00 1.258471e+00 -6.097776e-01 2.444501e-01 5.900660e-01 -5.544093e-01 2.945520e-01 -2.888186e-01 -4.613990e-02
<VARIANCE> 39
 7.009724e+00 2.092853e+01 3.942822e+01 3.467594e+01 3.361283e+01 3.287349e+01 4.026744e+01 4.685789e+01 7.198129e+01 5.452698e+01 4.275116e+01 2.746160e+01 1.149397e-02 9.400874e-01 2.477061e+00 2.796375e+00 4.068750e+00 3.268987e+00 2.861704e+00 4.057053e+00 5.419044e+00 4.186493e+00 3.969926e+00 3.191486e+00 2.622491e+00 1.753667e-03 4.069990e-01 4.768222e-01 5.914819e-01 5.946847e-01 9.417565e-01 7.339765e-01 8.692051e-01 1.149112e+00 1.230285e+00 1.090116e+00 8.775164e-01 6.606845e-01 3.292434e-04
<GCONST> 1.051809e+02
<MIXTURE> 6 9.419230e-02
<MEAN> 39
 -4.052476e+00 -8.976342e+00 -3.514901e+00 -5.056457e+00 -1.558565e+01 -1.017096e+01 -7.441200e+00 5.619029e-01 1.707673e-02 -7.425127e+00 -2.177744e+00 -1.869273e+00 6.265755e-01 -3.554121e-01 8.669972e-01 6.722285e-01 1.816847e-01 7.878470e-02 -5.461869e-02 7.392284e-01 -1.966143e-01 -1.263728e+00 -1.075539e-01 2.380758e-01 -2.784198e-02 -2.549630e-02 -1.674821e-01 4.654047e-01 3.185331e-02 -6.073189e-02 6.161504e-01 2.008716e-01 3.351395e-02 -4.750479e-01 -5.417733e-01 5.272360e-01 -2.041920e-02 -2.335522e-01 -1.319349e-02
<VARIANCE> 39
 1.032247e+01 2.449324e+01 4.008725e+01 3.729447e+01 3.946599e+01 4.069354e+01 4.968433e+01 4.797560e+01 4.827759e+01 3.675610e+01 4.100255e+01 3.357364e+01 1.725399e-02 4.219632e-01 8.649991e-01 1.744648e+00 1.594646e+00 2.959202e+00 2.005888e+00 2.958516e+00 2.409315e+00 2.598729e+00 2.133805e+00 2.319965e+00 1.636179e+00 3.319835e-04 1.634666e-01 1.577520e-01 2.808610e-01 2.972492e-01 3.609159e-01 4.164143e-01 3.909678e-01 5.452383e-01 4.737653e-01 4.169332e-01 3.844245e-01 3.372806e-01 7.987715e-05
<GCONST> 8.644187e+01
<MIXTURE> 7 6.678894e-02
<MEAN> 39
 -3.818097e+00 -7.923421e+00 -1.043385e+00 -9.354141e+00 -8.187095e+00 -1.011529e+01 -1.676016e+01 5.251806e-01 -2.038056e+00 1.169080e+00 -2.249950e+00 -7.044894e+00 6.466734e-01 -9.368260e-01 1.437250e+00 -2.377413e-01 2.183317e-01 1.355058e+00 -4.670651e-01 1.015730e+00 -6.262109e-01 2.073471e-01 3.351850e-01 -8.837444e-01 4.328052e-01 -2.372774e-02 -1.261737e+00 8.706990e-01 -2.427042e-01 2.272817e-01 6.053824e-01 2.022675e-01 1.226408e+00 -2.680054e-01 -6.203857e-02 -2.309918e-01 -7.792875e-02 6.592016e-01 -2.053913e-02
<VARIANCE> 39
 8.444752e+00 1.572545e+01 2.399949e+01 1.847339e+01 2.045704e+01 2.582612e+01 3.231716e+01 4.399911e+01 2.856717e+01 2.914138e+01 3.091038e+01 2.987678e+01 1.327236e-02 9.891719e-01 1.210590e+00 1.419543e+00 1.401315e+00 1.770207e+00 2.121545e+00 2.426704e+00 2.731845e+00 1.589002e+00 1.907551e+00 1.564181e+00 1.839571e+00 5.778156e-04 4.687388e-01 3.205612e-01 3.275695e-01 3.338431e-01 3.254657e-01 4.059881e-01 5.675479e-01 6.755855e-01 4.202996e-01 3.954259e-01 4.316112e-01 4.222144e-01 2.271870e-04
<GCONST> 8.523482e+01
<MIXTURE> 8 5.007216e-02
<MEAN> 39
 -4.530654e+00 -1.217985e+01 4.440259e+00 -7.970380e+00 -1.527069e+01 -1.459347e+01 -1.196871e+01 1.018520e+01 -1.226399e+01 -4.347155e+00 1.725946e+00 -2.364856e+00 6.580397e-01 -6.223871e-01 1.604291e+00 1.174642e+00 1.026833e+00 -2.747087e-01 -2.363030e-01 1.701390e+00 -2.730744e-01 -2.381682e+00 -5.153833e-01 1.139155e+00 -4.389337e-03 -4.865048e-02 -7.120672e-01 1.142794e+00 -9.799122e-01 4.119459e-01 1.192879e+00 9.595533e-01 7.328559e-01 -1.671431e+00 8.957593e-01 4.195430e-01 -5.039176e-01 -2.243479e-01 -3.754164e-02
<VARIANCE> 39
 9.089172e+00 1.999754e+01 4.203218e+01 2.953322e+01 3.276171e+01 4.081453e+01 6.031651e+01 3.197271e+01 4.447225e+01 4.139454e+01 3.375646e+01 2.332430e+01 9.767671e-03 1.092846e+00 1.810150e+00 3.105110e+00 2.794135e+00 4.007535e+00 3.383228e+00 4.038596e+00 4.394056e+00 5.753865e+00 3.768884e+00 3.134185e+00 2.890786e+00 1.025024e-03 5.761479e-01 4.359562e-01 5.368302e-01 5.613186e-01 5.541382e-01 7.781426e-01 1.116895e+00 6.630666e-01 8.920099e-01 8.779488e-01 5.839382e-01 5.420782e-01 4.533692e-04
<GCONST> 1.022319e+02
<MIXTURE> 9 9.047601e-02
<MEAN> 39
 -5.614544e+00 -1.055256e+01 1.545090e+00 -1.703056e+01 -1.127905e+01 -1.729775e+01 -6.878856e+00 2.801118e+00 -8.502605e+00 3.037774e-01 -8.566612e+00 3.043895e+00 6.821039e-01 -5.015439e-02 9.921744e-01 -1.439692e-01 8.659801e-01 2.835365e-01 1.161785e-01 -9.707420e-02 -4.308954e-01 -1.741627e-01 -5.553516e-01 1.168062e-01 7.305008e-04 -2.494490e-02 -4.180902e-01 9.309772e-01 -4.093743e-01 9.839196e-01 2.211650e-01 6.956630e-01 1.200361e-02 -7.852662e-01 2.608676e-01 -3.559496e-01 3.151702e-01 -5.355173e-01 -2.247790e-02
<VARIANCE> 39
 5.372132e+00 1.923432e+01 3.628735e+01 2.727417e+01 3.404171e+01 2.526140e+01 4.350938e+01 4.073637e+01 4.111353e+01 3.584526e+01 3.170983e+01 2.484238e+01 1.224280e-02 4.296870e-01 1.076746e+00 1.563945e+00 1.298106e+00 1.858693e+00 1.769815e+00 2.524509e+00 1.924955e+00 2.217505e+00 1.979937e+00 1.636991e+00 1.666493e+00 4.247148e-04 2.557445e-01 2.376254e-01 2.702475e-01 3.102377e-01 3.770570e-01 3.966665e-01 5.261405e-01 5.704089e-01 3.710427e-01 4.913099e-01 3.776262e-01 3.098423e-01 1.277222e-04
<GCONST> 8.324302e+01
<MIXTURE> 10 8.984496e-02
<MEAN> 39
 -6.952060e+00 -3.367664e+00 -4.479255e+00 -7.250984e+00 -9.658700e+00 -1.790068e+01 -5.923608e+00 -5.495795e+00 2.231501e-01 -2.665195e+00 -5.238818e+00 -3.671319e-01 6.304448e-01 -6.384946e-02 4.337161e-01 -5.200347e-02 1.520913e-01 4.825653e-01 1.720872e-01 -6.701364e-02 -1.206267e-01 -1.646141e-01 4.108734e-02 -2.261649e-01 -5.891550e-02 -1.318767e-02 -8.155546e-01 3.245604e-01 1.669860e-01 8.506100e-02 4.259569e-01 1.024629e+00 1.168444e-01 2.033885e-01 -4.611368e-01 4.909386e-02 1.836268e-01 -1.112339e-01 -1.939243e-02
<VARIANCE> 39
 1.458362e+01 2.007894e+01 3.883849e+01 3.466452e+01 3.993360e+01 3.009569e+01 5.413262e+01 3.545902e+01 4.071431e+01 3.893891e+01 2.969184e+01 2.780698e+01 1.365624e-02 1.140924e+00 1.133083e+00 1.746476e+00 1.398485e+00 1.849461e+00 1.949645e+00 2.270457e+00 2.232018e+00 2.190951e+00 1.680302e+00 1.585969e+00 1.505083e+00 6.842939e-04 5.002733e-01 3.240308e-01 4.348575e-01 4.710898e-01 4.267269e-01 4.036471e-01 7.584280e-01 5.670034e-01 5.679476e-01 4.654106e-01 3.869998e-01 3.952517e-01 2.309053e-04
<GCONST> 9.035661e+01
<MIXTURE> 11 6.924648e-02
<MEAN> 39
 -4.896444e+00 -1.069361e+01 -1.007921e+00 -1.062033e+01 -1.419728e+01 -1.167526e+01 -7.888981e+00 5.396531e+00 -4.892035e+00 -6.149966e+00 -4.037680e+00 -1.124460e+00 6.661168e-01 7.660176e-01 1.925065e-01 -1.694060e+00 6.291614e-01 1.867151e+00 2.939863e-01 -1.348186e+00 -6.765029e-01 1.208538e+00 1.107384e-01 -8.510539e-01 -6.674450e-01 -1.281155e-02 -1.880368e-01 7.108508e-01 -5.259797e-03 2.144484e-01 3.304780e-01 3.912737e-01 2.951570e-01 -1.377382e+00 -4.246378e-01 7.612553e-01 5.746557e-02 -3.298651e-01 -1.564085e-02
<VARIANCE> 39
 7.982403e+00 2.287193e+01 3.664348e+01 4.231793e+01 3.230491e+01 3.780349e+01 4.621254e+01 3.856913e+01 5.279286e+01 3.723402e+01 4.382526e+01 2.363464e+01 1.452368e-02 5.216389e-01 1.060374e+00 2.120929e+00 2.007041e+00 2.835348e+00 2.538611e+00 3.054689e+00 3.136217e+00 3.423878e+00 2.953889e+00 2.098461e+00 2.159216e+00 3.913888e-04 2.191390e-01 2.626812e-01 3.371451e-01 5.293803e-01 5.128102e-01 5.952477e-01 5.696644e-01 5.069555e-01 6.942546e-01 5.703271e-01 5.716172e-01 3.564986e-01 9.290458e-05
<GCONST> 9.137964e+01
<MIXTURE> 12 5.739242e-02
<MEAN> 39
 -8.871276e+00 -6.577703e+00 3.934430e+00 -1.920486e+01 -2.035869e+01 -7.543245e+00 -3.762738e+00 -4.537252e+00 -1.222597e+01 5.892379e-01 -5.897573e+00 -3.723547e+00 6.489821e-01 3.044815e-01 4.485489e-01 -8.376343e-02 4.554483e-01 -1.813330e-02 3.413897e-01 4.331910e-02 -3.402788e-01 -3.722432e-01 -1.826260e-01 -8.642434e-02 -1.130407e-01 -1.307243e-02 -7.248266e-02 3.655360e-01 -5.841511e-01 9.599323e-01 8.426221e-01 -1.574865e-01 -9.754850e-02 -1.279729e-01 3.727288e-01 -2.916992e-01 -1.381080e-02 2.236652e-01 -1.828893e-02
<VARIANCE> 39
 1.033080e+01 1.985674e+01 4.433205e+01 4.503355e+01 3.041297e+01 4.331135e+01 3.931219e+01 5.187293e+01 3.978787e+01 4.439649e+01 4.477718e+01 2.696769e+01 1.423517e-02 1.036986e+00 1.938807e+00 2.240907e+00 3.655058e+00 2.149123e+00 3.840092e+00 2.290115e+00 3.885346e+00 2.478662e+00 3.569969e+00 2.522253e+00 2.055868e+00 1.169691e-03 3.043098e-01 3.213315e-01 4.774347e-01 4.796042e-01 5.616758e-01 5.486859e-01 6.118047e-01 6.726426e-01 6.139245e-01 5.995352e-01 5.143141e-01 3.754428e-01 1.922028e-04
<GCONST> 9.683243e+01
<MIXTURE> 13 6.592485e-02
<MEAN> 39
 -3.998236e+00 -1.300013e+01 5.964502e+00 -7.836367e+00 -1.830178e+01 -7.428651e+00 -1.557391e+01 4.707768e+00 -3.262569e+00 -6.899931e+00 1.189553e+00 -2.146836e+00 6.547973e-01 -2.582935e-01 1.303495e+00 -2.559428e-01 8.772547e-01 9.606260e-01 6.452122e-02 1.102697e+00 -1.093768e+00 -2.883204e-01 -1.679580e-01 -7.642604e-01 -1.746534e-01 -4.079333e-02 -4.814004e-01 1.081625e+00 -6.705531e-01 4.694477e-01 1.083943e+00 -8.802235e-02 1.001361e+00 -8.478427e-01 -2.580369e-01 5.027605e-01 -4.786626e-01 -1.503482e-01 -2.643026e-02
<VARIANCE> 39
 7.173727e+00 2.021342e+01 2.673463e+01 1.942511e+01 2.606907e+01 2.692978e+01 4.161009e+01 2.999945e+01 4.432071e+01 2.092994e+01 2.399707e+01 2.259212e+01 1.185745e-02 7.434981e-01 1.254897e+00 2.044121e+00 1.694421e+00 2.467032e+00 2.328259e+00 2.608436e+00 2.904940e+00 3.863309e+00 2.089574e+00 2.615525e+00 1.701293e+00 8.902765e-04 2.432722e-01 2.041424e-01 3.097073e-01 2.454285e-01 3.140183e-01 4.748884e-01 4.960182e-01 5.622060e-01 5.611009e-01 4.323112e-01 3.508385e-01 3.306474e-01 1.650165e-04
<GCONST> 8.574755e+01
<MIXTURE> 14 5.530281e-02
<MEAN> 39
 -2.946820e+00 -1.218372e+01 -2.321467e-01 -1.299799e+01 -9.060581e+00 -6.783040e+00 -1.759705e+01 5.630412e+00 -9.223056e-01 -1.348199e+00 -4.167473e+00 -5.708719e+00 6.491722e-01 2.444187e-01 7.801881e-01 -1.364516e-01 9.918897e-01 2.021595e-01 4.594766e-01 5.428877e-01 -1.188552e+00 -8.955135e-01 2.080211e-01 4.499886e-02 -7.811842e-01 -2.980055e-02 -7.547334e-01 1.136542e+00 -2.363100e-01 9.734119e-01 2.402432e-01 -1.014952e-01 1.536763e+00 -1.347968e+00 -7.228625e-01 2.330806e-01 9.742046e-02 1.976982e-01 -2.449914e-02
<VARIANCE> 39
 6.044771e+00 1.945569e+01 2.357061e+01 2.355858e+01 2.874708e+01 3.762319e+01 4.401884e+01 3.743393e+01 3.800925e+01 3.679520e+01 3.066086e+01 2.548226e+01 1.256803e-02 1.256794e+00 1.898073e+00 2.267233e+00 2.541572e+00 3.265203e+00 3.210668e+00 2.939387e+00 4.014425e+00 3.385606e+00 2.568661e+00 2.421430e+00 1.860516e+00 7.508998e-04 3.993879e-01 2.959793e-01 2.997854e-01 3.389488e-01 4.056935e-01 5.646084e-01 6.891249e-01 7.379719e-01 6.866961e-01 6.371931e-01 4.533713e-01 4.000460e-01 1.736483e-04
<GCONST> 9.283339e+01
<MIXTURE> 15 4.164906e-02
<MEAN> 39
 -6.716562e+00 -7.951075e+00 8.695359e+00 -5.460897e+00 -1.959265e+01 -1.100232e+01 -9.282598e+00 1.283203e+00 -1.259462e+01 -6.799506e+00 4.874559e+00 -4.267874e+00 6.009930e-01 -2.226491e-01 8.963627e-01 -6.061411e-02 1.066047e+00 7.055881e-01 1.656780e-01 4.528222e-01 -5.054544e-02 -1.039241e+00 1.416893e-01 2.196941e-01 -4.920712e-01 -4.428296e-02 -1.025066e+00 6.628497e-01 -1.251509e+00 1.970775e-01 1.862048e+00 4.910304e-01 5.881603e-01 -3.490563e-01 1.070279e+00 5.593133e-01 -9.613746e-01 3.227883e-01 -3.648428e-02
<VARIANCE> 39
 8.023455e+00 1.482709e+01 3.060010e+01 2.821112e+01 3.656654e+01 4.192624e+01 3.165131e+01 2.858570e+01 3.811390e+01 3.090480e+01 2.310883e+01 1.857828e+01 1.452405e-02 1.872950e+00 2.195611e+00 2.484107e+00 2.594015e+00 3.794267e+00 3.521348e+00 2.922896e+00 2.569306e+00 3.942016e+00 2.715652e+00 2.706291e+00 1.855934e+00 2.039595e-03 6.369225e-01 4.105405e-01 5.349838e-01 5.695884e-01 7.508267e-01 8.590702e-01 7.925522e-01 5.643955e-01 7.477306e-01 6.296231e-01 4.914604e-01 4.345653e-01 3.761826e-04
<GCONST> 9.798125e+01
<MIXTURE> 16 4.450022e-02
<MEAN> 39
 -2.668818e+00 -9.549402e+00 -5.524618e+00 -1.065409e+01 -6.728512e+00 -1.619388e+01 -1.243197e+01 1.143998e+00 -3.362875e+00 2.989157e+00 -5.609751e+00 -3.985882e+00 6.668798e-01 -9.233723e-01 2.334245e+00 2.193155e-01 1.941160e+00 1.312185e+00 1.006601e+00 4.279793e-01 -1.090556e+00 -6.466175e-02 -6.433035e-01 1.461520e-01 -2.716067e-01 -7.984935e-02 -1.161568e+00 8.489860e-01 1.795200e-01 5.457389e-01 1.447487e-01 1.441733e+00 8.881638e-01 -6.342209e-01 -2.017761e-01 -6.135743e-01 4.030644e-01 2.119605e-01 -3.979034e-02
<VARIANCE> 39
 7.882466e+00 1.769671e+01 2.900901e+01 4.150171e+01 2.797842e+01 4.175059e+01 4.796695e+01 4.443934e+01 3.684769e+01 5.002473e+01 4.571706e+01 2.325900e+01 1.158252e-02 2.969100e+00 2.621699e+00 3.944576e+00 4.945755e+00 4.556517e+00 6.729506e+00 5.246235e+00 5.328228e+00 4.300470e+00 4.357703e+00 4.121625e+00 3.730037e+00 2.686728e-03 4.947219e-01 4.178469e-01 6.382102e-01 7.074122e-01 5.868098e-01 7.263750e-01 9.139472e-01 7.867234e-01 7.414972e-01 9.694560e-01 7.718987e-01 4.350597e-01 4.139266e-04
<GCONST> 1.072217e+02
<STATE> 4
<NUMMIXES> 16
<MIXTURE> 1 5.752126e-02
<MEAN> 39
 -7.844637e+00 -2.475510e+00 -1.240944e+00 -8.120670e+00 -4.948284e+00 -1.400780e+01 -1.185431e+01 -3.061025e+00 -1.456976e+00 1.793964e-01 -5.485223e+00 -2.976521e+00 5.929559e-01 -2.894114e+00 2.357222e+00 -6.427168e-01 -1.096236e-01 1.890773e+00 3.099493e-01 1.601850e+00 6.866803e-02 1.125636e-01 1.430472e-01 -3.148895e-01 9.631304e-01 -2.581077e-02 -1.349874e+00 2.491866e-01 -1.798100e-01 -1.083328e-01 3.004989e-01 6.013410e-01 6.841704e-01 3.812361e-01 -1.214589e-01 -2.073631e-01 3.315350e-01 2.617555e-01 -2.175899e-03
<VARIANCE> 39
 1.589385e+01 1.863562e+01 2.196831e+01 1.899062e+01 1.913970e+01 2.253163e+01 2.956018e+01 2.254158e+01 2.260754e+01 2.717850e+01 2.026146e+01 2.669341e+01 1.122232e-02 1.902304e+00 2.116198e+00 1.833895e+00 1.428834e+00 2.094683e+00 2.252854e+00 3.157819e+00 3.073738e+00 2.106797e+00 1.880994e+00 2.205420e+00 1.978632e+00 5.984274e-04 2.615156e-01 2.998520e-01 2.214628e-01 2.325684e-01 2.299384e-01 3.353930e-01 3.963441e-01 2.705616e-01 2.490515e-01 3.055800e-01 2.597125e-01 3.076541e-01 1.060293e-04
<GCONST> 8.124235e+01
<MIXTURE> 2 7.835168e-02
<MEAN> 39
 -2.873737e+00 -8.280380e+00 -7.319787e+00 -6.197250e+00 -1.002875e+01 -1.202119e+01 -9.703446e+00 -2.986103e+00 8.681381e-01 -1.270480e+00 -4.855505e+00 -3.402838e+00 6.471640e-01 2.763328e-01 1.202917e+00 -8.403918e-01 -2.879245e-01 1.712981e+00 1.427551e+00 -2.827356e-02 -1.977740e+00 -8.493178e-01 9.796590e-01 2.500404e-01 -8.729849e-01 -3.081501e-02 -3.132250e-01 3.534864e-01 4.668399e-01 -2.641560e-01 -4.015470e-02 4.625297e-01 3.329241e-01 -1.802361e-01 -7.230054e-01 -9.973290e-02 3.443837e-01 1.436000e-01 -8.757503e-03
<VARIANCE> 39
 1.113826e+01 2.774641e+01 3.101830e+01 5.089191e+01 3.640317e+01 4.693525e+01 6.012921e+01 5.010144e+01 4.991912e+01 4.991397e+01 4.631211e+01 3.117678e+01 1.590048e-02 9.089650e-01 1.668672e+00 3.536152e+00 3.484603e+00 4.218166e+00 3.527128e+00 4.298770e+00 4.134089e+00 5.289479e+00 3.136277e+00 2.827405e+00 2.544298e+00 8.627334e-04 2.220849e-01 2.521067e-01 3.456222e-01 4.623350e-01 5.603781e-01 4.660811e-01 6.248548e-01 6.822501e-01 6.446483e-01 5.417432e-01 5.251121e-01 4.349719e-01 1.416164e-04
<GCONST> 9.911272e+01
<MIXTURE> 3 7.298336e-02
<MEAN> 39
 -7.424194e+00 -3.678601e+00 -1.387660e+00 -1.307516e+01 -1.606016e+01 -1.727066e+01 -4.928544e+00 -6.460982e+00 -7.717023e+00 -4.298994e+00 -6.167904e+00 2.349984e+00 6.351967e-01 -2.088775e+00 2.939073e+00 -4.072866e-01 3.506024e+00 2.267505e+00 2.515904e+00 -1.905188e-01 -8.766352e-02 4.715535e-01 -8.598605e-01 9.244230e-01 -1.039588e+00 -1.000474e-01 -1.065171e+00 3.812910e-02 -4.178327e-01 6.255271e-01 1.154086e+00 1.230770e+00 2.381277e-01 4.798618e-01 4.108381e-01 3.573723e-01 2.693301e-01 -4.614168e-01 -2.790542e-02
<VARIANCE> 39
 9.575059e+00 2.227466e+01 2.929125e+01 3.579277e+01 2.902479e+01 3.061806e+01 3.154669e+01 3.613208e+01 3.483049e+01 3.133330e+01 2.859893e+01 2.707011e+01 1.074628e-02 2.200369e+00 2.696445e+00 3.081866e+00 4.077899e+00 4.273556e+00 4.114611e+00 4.312747e+00 4.158474e+00 3.655275e+00 3.595612e+00 2.975710e+00 2.815165e+00 3.760998e-03 3.691381e-01 4.916058e-01 3.638815e-01 5.708913e-01 4.837856e-01 6.400878e-01 6.649131e-01 6.167026e-01 5.149944e-01 5.497220e-01 6.379525e-01 5.288877e-01 5.379147e-04
<GCONST> 1.009026e+02
<MIXTURE> 4 5.204008e-02
<MEAN> 39
 -9.906525e+00 1.062897e+00 2.180415e+00 -4.684912e+00 -1.192161e+01 -8.471898e+00 -3.515798e+00 -6.315348e+00 -6.462053e+00 -3.982968e+00 -3.218067e+00 -2.316317e+00 3.191091e-01 -1.076877e+00 6.647134e-01 -2.639829e-01 5.309379e-01 1.567798e+00 1.500590e+00 7.132526e-01 1.744276e-03 -5.562679e-02 8.633993e-02 -1.273927e-01 -1.827227e-01 -5.411773e-02 -8.769148e-02 -5.847995e-01 -2.663063e-01 -2.563873e-01 1.020629e-01 1.288166e-02 -5.404829e-02 4.164331e-01 1.379059e-01 1.825495e-01 6.601126e-02 1.286177e-01 7.814276e-03
<VARIANCE> 39
 1.510656e+01 2.044673e+01 3.991549e+01 3.659494e+01 5.634847e+01 5.411963e+01 4.272530e+01 5.047094e+01 3.464192e+01 3.040877e+01 3.293076e+01 2.067304e+01 2.785586e-02 2.193001e+00 2.373869e+00 2.014007e+00 2.653109e+00 2.841353e+00 3.009451e+00 3.851830e+00 2.980792e+00 3.213022e+00 2.166106e+00 1.918906e+00 1.929123e+00 1.991509e-03 3.634674e-01 2.986154e-01 4.395889e-01 3.938361e-01 4.839812e-01 5.967231e-01 5.052298e-01 4.873600e-01 4.149767e-01 3.865216e-01 3.539797e-01 2.952627e-01 2.683274e-04
<GCONST> 9.631093e+01
<MIXTURE> 5 4.131857e-02
<MEAN> 39
 -4.936277e+00 -8.581460e+00 1.717046e+00 -6.064610e+00 -1.637842e+01 -1.021909e+01 -5.086511e+00 3.740811e+00 -6.617824e+00 -7.656247e+00 1.327955e-01 -9.307874e-01 5.758715e-01 -2.639744e-01 1.521626e+00 3.281049e-01 1.544522e-01 5.384691e-02 8.069338e-01 1.861183e+00 -1.655218e+00 -2.387737e+00 7.523841e-01 5.560318e-01 -6.910406e-01 -3.608925e-02 4.948093e-02 3.084120e-01 -4.619563e-01 -5.091642e-02 5.929729e-01 4.070140e-01 -2.065829e-01 -7.949318e-01 1.132440e-01 6.716158e-01 -2.386920e-01 -4.395193e-01 -5.529188e-03
<VARIANCE> 39
 6.634265e+00 2.208483e+01 3.272649e+01 2.743893e+01 3.310912e+01 3.695308e+01 6.841680e+01 5.285189e+01 4.531075e+01 3.840963e+01 3.942185e+01 2.716216e+01 1.766201e-02 6.804359e-01 1.444080e+00 3.343803e+00 2.255109e+00 3.913463e+00 3.209643e+00 3.587848e+00 5.033952e+00 3.995276e+00 3.180052e+00 3.906821e+00 1.690849e+00 3.527343e-04 7.476930e-02 1.548825e-01 2.788523e-01 2.673744e-01 3.638983e-01 3.247857e-01 5.458086e-01 6.909111e-01 5.629182e-01 4.979039e-01 3.687752e-01 3.050981e-01 4.938184e-05
<GCONST> 8.953809e+01
<MIXTURE> 6 5.065877e-02
<MEAN> 39
 -5.403281e+00 -8.380944e+00 5.209886e+00 -4.479041e+00 -1.356188e+01 -1.606697e+01 -1.022664e+01 8.205601e+00 -1.435145e+01 -4.684200e+00 3.368261e+00 -3.534557e+00 5.434749e-01 -1.734553e+00 3.253100e+00 -1.105455e+00 2.415495e+00 2.665691e+00 1.361470e+00 1.826227e+00 -2.263090e+00 6.369436e-01 -1.955933e-01 -9.113622e-01 -3.180186e-02 -1.350272e-01 -8.894140e-01 2.773055e-01 -9.293745e-01 -8.682932e-02 9.545067e-01 1.237924e+00 3.840465e-01 -9.865925e-01 1.391918e+00 4.373652e-01 -7.213710e-01 1.722662e-01 -2.866012e-02
<VARIANCE> 39
 7.196619e+00 1.880127e+01 3.288853e+01 2.431022e+01 3.005443e+01 3.648716e+01 4.881923e+01 2.556442e+01 4.447189e+01 3.677718e+01 2.855202e+01 2.040311e+01 1.173421e-02 1.860071e+00 2.880203e+00 3.316877e+00 2.953633e+00 3.392762e+00 3.773391e+00 4.127806e+00 4.217310e+00 5.247673e+00 3.808969e+00 3.194937e+00 2.772683e+00 2.029173e-03 3.761410e-01 4.938525e-01 4.565968e-01 4.444386e-01 5.604755e-01 7.594921e-01 8.414700e-01 6.288706e-01 8.907328e-01 6.568282e-01 5.572185e-01 4.646937e-01 4.406370e-04
<GCONST> 1.006802e+02
<MIXTURE> 7 7.775656e-02
<MEAN> 39
 -3.324722e+00 -5.454049e+00 -4.586789e+00 -6.436351e+00 -6.350480e+00 -9.704383e+00 -1.291828e+01 -3.985271e+00 -1.972522e+00 1.403702e+00 -2.347065e+00 -5.731255e+00 5.268573e-01 -2.186801e+00 3.389076e+00 -9.493995e-02 2.366695e+00 2.433819e+00 2.029788e+00 2.252759e+00 -1.377367e+00 -1.000255e+00 -8.268906e-01 -2.348185e-01 6.757866e-02 -1.354542e-01 -1.035490e+00 5.413605e-02 1.751601e-01 5.008953e-02 -5.549581e-02 4.148374e-01 7.602522e-01 3.390448e-01 -7.610623e-02 -3.676933e-01 -1.839666e-03 4.967754e-01 -1.985318e-02
<VARIANCE> 39
 1.032531e+01 1.724338e+01 2.755624e+01 2.874406e+01 2.116355e+01 3.535836e+01 2.838134e+01 3.494509e+01 2.978709e+01 2.490316e+01 3.644957e+01 2.047439e+01 1.697611e-02 2.592998e+00 2.785700e+00 2.834948e+00 4.030003e+00 3.732466e+00 5.115351e+00 5.390224e+00 5.291036e+00 4.110253e+00 3.817598e+00 3.692597e+00 3.401528e+00 2.523655e-03 3.880010e-01 4.562465e-01 4.952314e-01 5.002593e-01 4.339342e-01 6.221725e-01 5.425580e-01 6.123330e-01 5.325989e-01 4.237027e-01 6.152486e-01 3.731410e-01 4.127831e-04
<GCONST> 9.992310e+01
<MIXTURE> 8 4.445165e-02
<MEAN> 39
 -1.489606e+01 -3.747117e+00 -5.622955e+00 -5.680775e+00 -8.532797e+00 -6.848185e+00 -2.409434e+00 1.626533e-01 8.290486e-01 2.028363e+00 -7.932132e-01 -4.093468e-01 1.616543e-01 -8.536474e-01 3.030409e-01 1.840003e-03 4.667747e-01 1.073754e+00 1.425253e+00 7.370118e-01 -4.408311e-01 -6.370358e-01 -2.147512e-01 -9.385575e-02 -2.486687e-01 -3.478398e-02 6.027693e-01 -2.864080e-01 2.487570e-01 -5.329088e-01 -3.311101e-01 -3.169347e-01 -3.288607e-01 -3.033413e-01 -5.539328e-01 -3.981719e-01 -3.485214e-01 -1.207347e-01 3.263769e-02
<VARIANCE> 39
 2.712340e+01 2.623924e+01 3.288279e+01 4.526965e+01 5.760869e+01 5.361053e+01 5.841936e+01 6.017263e+01 5.778849e+01 4.675989e+01 4.640564e+01 4.271365e+01 6.500111e-02 5.076898e+00 4.062415e+00 3.469239e+00 8.135401e+00 8.220176e+00 7.083261e+00 6.757289e+00 6.463772e+00 6.081340e+00 6.430711e+00 4.320104e+00 3.966899e+00 1.114126e-02 7.126080e-01 8.526502e-01 5.750087e-01 1.541827e+00 1.352790e+00 1.281497e+00 1.267819e+00 1.292347e+00 1.123145e+00 1.198335e+00 9.547378e-01 8.693452e-01 1.404252e-03
<GCONST> 1.246972e+02
<MIXTURE> 9 8.322995e-02
<MEAN> 39
 -5.983192e+00 -8.399567e+00 -7.671709e-01 -1.608466e+01 -1.197845e+01 -1.350320e+01 -5.500841e+00 1.214554e+00 -1.158035e+01 -3.479141e+00 -8.015895e+00 -5.217457e-01 6.210308e-01 3.688323e-01 1.625184e+00 -7.023756e-01 2.014717e+00 4.901235e-01 4.149075e-01 -6.009136e-02 -2.054370e+00 -1.205284e-01 1.901558e-01 -4.570831e-01 -7.258012e-02 -3.874548e-02 -1.406056e-01 5.079175e-01 -1.229659e-01 5.925280e-01 -9.402014e-02 2.804465e-01 1.016025e-01 -1.059486e+00 2.829457e-01 2.468845e-01 -4.927240e-02 -1.209051e-01 -9.903123e-03
<VARIANCE> 39
 6.985919e+00 1.996048e+01 3.621524e+01 3.936843e+01 4.368919e+01 3.823457e+01 4.233054e+01 5.751893e+01 4.433837e+01 5.106757e+01 3.469614e+01 3.015890e+01 1.246805e-02 6.293732e-01 1.343597e+00 2.307196e+00 2.228162e+00 2.618209e+00 3.518617e+00 3.427730e+00 4.462360e+00 3.605189e+00 3.654424e+00 2.974454e+00 2.872602e+00 4.497229e-04 1.718712e-01 2.279524e-01 3.587302e-01 3.829740e-01 4.519378e-01 5.738806e-01 5.140676e-01 7.790041e-01 5.748790e-01 6.161869e-01 4.656590e-01 3.895475e-01 6.461198e-05
<GCONST> 9.294238e+01
<MIXTURE> 10 1.050972e-01
<MEAN> 39
 -3.141733e+00 -1.012053e+01 -7.365785e-01 -7.396206e+00 -1.153293e+01 -6.106311e+00 -1.354608e+01 2.620613e+00 -8.168197e-01 -4.965325e+00 -2.749079e+00 -5.388586e+00 5.810523e-01 -1.657927e-01 2.100042e+00 -4.407974e-01 1.728498e+00 1.176113e+00 -1.336721e-01 1.879470e+00 -2.541956e+00 -1.933691e+00 1.026502e+00 -5.149997e-01 -7.965285e-01 -5.499716e-02 -3.456856e-01 6.060388e-01 -3.278798e-02 2.949864e-01 1.673466e-01 -2.157394e-01 8.202649e-01 -7.204747e-01 -6.391038e-01 4.590105e-01 -4.529323e-02 1.232945e-01 -1.021137e-02
<VARIANCE> 39
 6.718868e+00 2.086343e+01 2.644496e+01 2.728651e+01 3.389983e+01 3.178162e+01 3.872725e+01 4.701207e+01 4.195965e+01 3.515900e+01 3.620256e+01 2.985916e+01 1.313150e-02 6.298910e-01 1.619276e+00 2.430979e+00 2.302139e+00 3.189418e+00 2.848569e+00 4.135991e+00 4.440117e+00 4.077350e+00 3.311591e+00 2.984433e+00 2.632171e+00 7.505530e-04 1.504850e-01 2.036398e-01 2.586207e-01 3.096302e-01 4.133734e-01 4.025878e-01 5.080553e-01 7.005324e-01 5.323140e-01 4.584855e-01 4.045838e-01 3.519061e-01 8.422536e-05
<GCONST> 9.039059e+01
<MIXTURE> 11 7.766055e-02
<MEAN> 39
 -6.106150e+00 -5.948295e+00 2.418328e+00 -1.604390e+00 -1.251897e+01 -1.281971e+01 -1.042341e+01 1.251393e+00 -4.173057e+00 -8.132853e+00 -1.030892e+00 9.542001e-01 4.898821e-01 -2.349162e+00 2.730663e+00 -7.369302e-01 1.265374e+00 3.164017e+00 1.576659e+00 1.935957e+00 -1.036713e+00 -2.387569e-01 7.858866e-01 -1.114901e+00 -3.553427e-01 -1.213868e-01 -6.900452e-01 -6.160209e-02 -5.628801e-01 -4.675052e-01 6.060290e-01 8.519407e-01 3.986245e-01 -2.451347e-01 2.144343e-01 7.599750e-01 -1.354517e-02 -3.238553e-01 -1.337002e-02
<VARIANCE> 39
 1.160728e+01 1.986051e+01 3.282521e+01 3.080382e+01 3.195860e+01 3.037067e+01 3.413213e+01 3.063291e+01 3.512174e+01 2.809783e+01 1.962754e+01 1.885373e+01 2.025086e-02 2.565361e+00 3.363624e+00 3.751698e+00 3.885195e+00 3.899552e+00 4.141302e+00 4.184861e+00 4.294140e+00 4.263597e+00 3.613324e+00 2.777244e+00 2.233029e+00 2.822089e-03 3.447508e-01 4.525071e-01 4.490030e-01 5.001990e-01 5.159754e-01 5.939940e-01 6.816955e-01 5.293472e-01 6.255998e-01 5.273921e-01 4.065574e-01 3.669195e-01 4.853532e-04
<GCONST> 9.977426e+01
<MIXTURE> 12 6.998277e-02
<MEAN> 39
 -6.513865e+00 -3.438786e+00 -2.659031e+00 -9.102632e+00 -9.262118e+00 -1.715668e+01 -8.229112e+00 -2.837095e+00 -3.259632e+00 -2.738991e+00 -9.670204e+00 3.216102e+00 5.660494e-01 -1.707223e+00 2.481315e+00 -1.076417e-01 2.033756e+00 1.433610e+00 1.933201e+00 4.173039e-01 -7.737597e-01 1.065690e-02 -1.098537e+00 6.909661e-01 -1.068480e+00 -8.098532e-02 -8.467165e-01 1.365254e-01 -1.032968e-01 1.710497e-01 2.444168e-01 9.461470e-01 3.719560e-01 1.950148e-02 -9.144232e-02 4.750976e-02 6.023645e-01 -4.870139e-01 -1.357150e-02
<VARIANCE> 39
 9.034932e+00 1.772118e+01 2.936036e+01 2.573563e+01 3.059120e+01 2.255424e+01 3.264581e+01 2.851402e+01 3.348312e+01 3.431029e+01 2.284668e+01 2.218919e+01 1.920291e-02 2.075474e+00 1.939816e+00 2.422176e+00 3.059310e+00 2.665491e+00 3.200145e+00 4.452970e+00 2.835440e+00 3.140879e+00 2.526095e+00 3.247999e+00 2.461882e+00 2.383661e-03 3.860587e-01 3.807175e-01 2.818736e-01 3.646091e-01 3.631382e-01 4.625730e-01 5.034794e-01 4.374893e-01 3.876195e-01 4.241137e-01 3.933334e-01 3.086090e-01 2.824885e-04
<GCONST> 9.268587e+01
<MIXTURE> 13 4.941115e-02
<MEAN> 39
 -5.250622e+00 -6.949644e+00 8.216093e-01 -8.837462e+00 -9.660446e+00 -9.888744e+00 -1.395178e+01 -6.556512e-01 -9.014034e-02 -1.180066e+00 -5.795303e+00 -1.272612e+00 6.240935e-01 -3.895437e+00 3.494818e+00 -3.254483e-01 2.340141e-02 2.875979e+00 -1.171241e-01 2.837427e+00 -8.363819e-01 5.017683e-02 -2.088817e-01 -3.101883e-01 6.304165e-01 -4.997293e-02 -1.287196e+00 2.500508e-01 -4.710146e-01 -1.818345e-02 4.883799e-01 3.906120e-01 7.035863e-01 1.691113e-01 -2.544857e-01 -3.686475e-02 5.776594e-01 2.228926e-02 -1.786087e-03
<VARIANCE> 39
 8.682659e+00 1.750525e+01 2.766521e+01 2.745934e+01 2.788284e+01 2.324829e+01 3.596653e+01 3.577649e+01 3.478425e+01 3.036489e+01 2.162261e+01 1.965102e+01 1.028619e-02 2.391191e+00 2.733956e+00 4.433666e+00 4.414469e+00 4.230070e+00 4.244520e+00 4.951105e+00 4.601077e+00 3.601812e+00 3.718844e+00 2.752648e+00 2.406913e+00 9.634212e-04 3.321403e-01 3.521307e-01 3.664571e-01 3.861180e-01 4.236710e-01 4.474670e-01 6.517825e-01 5.497841e-01 4.690253e-01 4.130799e-01 3.255394e-01 3.070810e-01 2.038322e-04
<GCONST> 9.457854e+01
<MIXTURE> 14 4.388304e-02
<MEAN> 39
 -7.867872e+00 -3.894702e+00 4.926962e+00 -9.585117e+00 -1.880041e+01 -1.227045e+01 -1.717642e+00 -6.704171e+00 -1.454798e+01 3.168360e+00 -5.032308e+00 -3.544136e+00 5.125907e-01 -1.317079e+00 2.705487e+00 -5.544017e-01 2.868208e+00 2.594252e+00 1.714709e+00 1.206134e-01 -1.317519e+00 1.064238e+00 -8.912127e-01 -1.908670e-01 -6.094911e-01 -1.240310e-01 -5.745594e-01 -2.254045e-01 -9.745778e-01 2.793794e-01 1.327714e+00 4.435472e-01 -4.534301e-01 6.618952e-01 1.163839e+00 -7.013036e-01 1.073962e-01 2.777928e-01 -1.829865e-02
<VARIANCE> 39
 8.389642e+00 1.808481e+01 2.883615e+01 4.539437e+01 3.773499e+01 3.922992e+01 3.818859e+01 5.351048e+01 5.245887e+01 4.251446e+01 4.891633e+01 3.504298e+01 1.831189e-02 2.444139e+00 2.364156e+00 3.492812e+00 4.103277e+00 5.007791e+00 4.583054e+00 5.377471e+00 5.164869e+00 5.019918e+00 5.608440e+00 4.012145e+00 3.395606e+00 2.552563e-03 3.489520e-01 4.703797e-01 4.491976e-01 8.164773e-01 9.493211e-01 6.906596e-01 7.437109e-01 8.884129e-01 9.935686e-01 8.052740e-01 8.520281e-01 6.701030e-01 5.067493e-04
<GCONST> 1.087904e+02
<MIXTURE> 15 4.495827e-02
<MEAN> 39
 -7.644856e+00 -6.888701e+00 6.893752e+00 -1.244148e+01 -2.064211e+01 -4.704640e+00 -5.645499e+00 -9.351335e-03 -1.243423e+01 -3.662566e+00 1.233154e+00 -5.349287e+00 5.882934e-01 -3.198157e-02 1.244140e+00 -2.131726e-01 2.937756e-01 7.738941e-01 9.122924e-01 7.730881e-01 -1.173514e+00 -9.631051e-01 6.930999e-01 -4.861238e-02 -7.540175e-01 -3.169379e-02 -7.002302e-03 3.234808e-01 -7.863181e-01 5.539308e-01 1.059372e+00 -4.537350e-01 1.110726e-02 -3.881325e-01 4.995905e-01 2.001586e-01 -5.404572e-01 1.562838e-01 -1.088038e-02
<VARIANCE> 39
 8.658177e+00 2.320531e+01 4.446639e+01 5.627804e+01 3.688647e+01 4.089393e+01 4.649278e+01 5.744333e+01 4.664446e+01 4.996549e+01 5.458282e+01 2.997372e+01 1.903660e-02 6.730965e-01 1.580673e+00 2.767675e+00 2.642715e+00 3.157304e+00 4.008396e+00 2.902291e+00 3.426095e+00 3.202960e+00 3.348243e+00 2.656008e+00 2.243265e+00 7.384133e-04 2.247979e-01 2.879559e-01 4.134969e-01 4.485335e-01 5.489979e-01 4.863916e-01 5.135974e-01 7.833717e-01 5.433221e-01 6.836538e-01 4.937305e-01 4.024588e-01 8.560799e-05
<GCONST> 9.641439e+01
<MIXTURE> 16 5.068811e-02
<MEAN> 39
 -9.107195e+00 2.436188e+00 9.763045e-01 1.263797e+00 -5.043125e+00 -7.779729e+00 -7.705522e+00 -5.268962e+00 -6.602313e+00 -5.201214e+00 -6.281311e+00 -4.702872e+00 1.459675e-01 -1.738348e+00 1.805569e+00 -1.250702e+00 1.197337e+00 2.591868e+00 2.352258e+00 1.703278e+00 -1.246799e+00 6.518269e-02 8.907858e-02 -4.644707e-01 -4.253320e-01 -1.065692e-01 -2.757600e-03 -1.257391e+00 -2.687658e-01 -1.093318e+00 -6.324767e-01 -7.726737e-02 -9.481152e-03 6.363690e-01 1.816886e-01 4.841175e-01 5.348555e-01 4.242602e-01 3.358347e-02
<VARIANCE> 39
 1.365002e+01 1.564005e+01 2.029740e+01 2.396196e+01 2.498129e+01 2.619233e+01 2.037305e+01 2.679214e+01 3.345526e+01 2.257877e+01 2.559835e+01 1.966559e+01 2.463319e-02 2.393016e+00 4.976044e+00 3.383385e+00 4.913384e+00 3.891677e+00 3.758440e+00 4.635116e+00 5.144341e+00 5.104943e+00 4.233698e+00 3.831938e+00 3.435163e+00 3.408421e-03 3.555113e-01 4.982695e-01 5.207381e-01 5.526057e-01 5.597541e-01 5.363032e-01 7.479088e-01 7.737133e-01 8.597806e-01 6.372970e-01 5.759587e-01 4.407775e-01 3.586359e-04
<GCONST> 1.016378e+02
<TRANSP> 5
 0.000000e+00 1.000000e+00 0.000000e+00 0.000000e+00 0.000000e+00
 0.000000e+00 4.464600e-01 5.535400e-01 0.000000e+00 0.000000e+00
 0.000000e+00 0.000000e+00 2.789488e-01 7.210512e-01 0.000000e+00
 0.000000e+00 0.000000e+00 0.000000e+00 2.885435e-01 7.114565e-01
 0.000000e+00 0.000000e+00 0.000000e+00 0.000000e+00 0.000000e+00
<ENDHMM>
