~o
<STREAMINFO> 1 39
<VECSIZE> 39<NULLD><MFCC_E_D_A><DIAGC>
~h "iy"
<BEGINHMM>
<NUMSTATES> 5
<STATE> 2
<NUMMIXES> 16
<MIXTURE> 1 3.232430e-02
<MEAN> 39
 -4.742640e+00 -9.589692e+00 1.691888e+00 -7.774587e+00 -1.289488e+01 -1.481301e+01 -1.209429e+01 3.579354e+00 -2.645238e+00 -2.889489e+00 -1.867898e+00 -5.338666e-01 7.133412e-01 -6.713132e-01 1.842192e-01 2.285748e+00 6.919570e-01 -2.002121e+00 -8.808082e-01 1.777130e+00 8.744802e-01 -2.560811e+00 -1.387380e+00 1.036483e+00 1.534744e+00 -9.916460e-03 6.645770e-02 3.083960e-01 -1.243993e-01 -3.617916e-01 1.979609e-01 8.850138e-01 1.217816e-01 -9.128327e-01 -4.002503e-01 4.946453e-01 4.641435e-01 -4.895142e-01 -4.487259e-03
<VARIANCE> 39
 5.537485e+00 1.936459e+01 3.007704e+01 3.080733e+01 2.056848e+01 3.295998e+01 4.609890e+01 4.196664e+01 4.515777e+01 3.432271e+01 3.131375e+01 2.674704e+01 1.429910e-02 2.498048e-01 5.881777e-01 8.311859e-01 1.103939e+00 1.351007e+00 1.205559e+00 1.402526e+00 1.910973e+00 1.705043e+00 1.518729e+00 1.306783e+00 1.040914e+00 3.079821e-04 5.847623e-02 1.053628e-01 1.975667e-01 1.918747e-01 2.163392e-01 2.532956e-01 2.431204e-01 3.118640e-01 3.451423e-01 2.614031e-01 2.143069e-01 2.092560e-01 3.398573e-05
<GCONST> 7.009769e+01
<MIXTURE> 2 5.926830e-02
<MEAN> 39
 -5.448493e+00 -1.109131e+01 8.002507e+00 -3.714562e+00 -2.076402e+01 -9.557322e+00 -1.226694e+01 -1.144963e+00 -4.841367e+00 -9.619699e+00 1.742089e+00 8.232647e-01 7.089049e-01 -6.536065e-02 -7.128074e-01 2.239694e+00 -5.489773e-01 -2.816645e+00 5.896136e-01 -9.346190e-02 2.772519e-01 -1.127191e+00 -9.911817e-01 1.286262e+00 1.436526e-01 2.920897e-02 -6.677145e-01 8.503010e-01 -6.068917e-01 -1.538100e-01 1.144226e+00 4.273166e-01 7.558064e-01 -2.771924e-01 -2.018199e-01 7.055523e-01 -2.234477e-01 -3.618364e-01 -2.454924e-02
<VARIANCE> 39
 8.985574e+00 2.070657e+01 2.872683e+01 3.089120e+01 2.902166e+01 2.998681e+01 5.090031e+01 5.470696e+01 3.890129e+01 3.269681e+01 2.412772e+01 2.177857e+01 1.168135e-02 1.406250e+00 1.703880e+00 2.580351e+00 2.338687e+00 3.291646e+00 2.719437e+00 3.024364e+00 3.485322e+00 3.720894e+00 2.535914e+00 2.054766e+00 1.634025e+00 9.213517e-04 3.729329e-01 3.087090e-01 4.255087e-01 3.807365e-01 4.408874e-01 4.380972e-01 6.214276e-01 8.346883e-01 5.727001e-01 4.830052e-01 3.808149e-01 2.985862e-01 2.065534e-04
<GCONST> 9.281281e+01
<MIXTURE> 3 6.534108e-02
<MEAN> 39
 -5.469939e+00 -8.473954e+00 5.965061e+00 -6.226453e+00 -1.731961e+01 -1.563358e+01 -7.053102e+00 -1.752346e+00 -5.251733e+00 -6.404973e+00 1.255478e+00 2.460972e+00 7.372807e-01 -3.070553e-01 3.266304e-01 9.812439e-01 -2.158128e-01 -6.796722e-01 3.925706e-01 5.279427e-01 -3.786466e-01 -9.421785e-01 -6.282391e-02 4.751544e-01 -1.516200e-02 -3.000802e-03 2.156815e-03 1.233616e-01 -2.960435e-01 3.489955e-02 3.590053e-01 2.521759e-01 -1.980241e-01 5.525505e-02 1.662503e-01 2.230082e-01 -1.659219e-01 -3.169418e-01 -5.631795e-03
<VARIANCE> 39
 8.540628e+00 2.285426e+01 2.936914e+01 3.018397e+01 3.515256e+01 3.271590e+01 5.480596e+01 5.368862e+01 3.674743e+01 3.489570e+01 2.060074e+01 1.825194e+01 1.087803e-02 2.218630e-01 5.317809e-01 6.764828e-01 6.859225e-01 8.108191e-01 9.461044e-01 1.003162e+00 1.111798e+00 1.160812e+00 9.406705e-01 9.336022e-01 8.700052e-01 1.990144e-04 7.333238e-02 1.168759e-01 2.074247e-01 1.532907e-01 1.998726e-01 2.363060e-01 2.537557e-01 2.982842e-01 2.814362e-01 2.208756e-01 1.599185e-01 1.482169e-01 5.327571e-05
<GCONST> 6.543303e+01
<MIXTURE> 4 7.577339e-02
<MEAN> 39
 -9.022059e+00 -6.894750e+00 1.090958e+01 -1.782580e+01 -1.836677e+01 -1.155405e+01 -9.434297e+00 -4.713062e+00 -1.541273e+01 2.994285e+00 -6.301465e+00 -4.514813e-01 7.235243e-01 1.834005e-02 -6.915026e-01 1.668229e+00 -1.693380e+00 -6.797341e-01 5.243285e-01 -4.115547e-01 1.288429e-01 -9.804000e-01 1.463166e+00 -5.067449e-01 1.599159e-01 2.636822e-02 -6.515859e-01 5.010166e-01 -8.191776e-01 7.451292e-01 8.048534e-01 5.602086e-01 5.578789e-01 -4.303526e-02 8.750693e-01 -3.834237e-01 2.133649e-01 -1.225017e-01 -2.315476e-02
<VARIANCE> 39
 8.139666e+00 2.215739e+01 4.235344e+01 4.493270e+01 2.622988e+01 3.593084e+01 3.362339e+01 5.545583e+01 3.199650e+01 2.486580e+01 3.216716e+01 2.212722e+01 9.618104e-03 6.716829e-01 1.144359e+00 1.532252e+00 1.778795e+00 1.638532e+00 2.191913e+00 1.904982e+00 2.390248e+00 2.122200e+00 1.843841e+00 1.683825e+00 1.750188e+00 3.650362e-04 2.527056e-01 3.095501e-01 3.843868e-01 3.753840e-01 3.863672e-01 4.414181e-01 4.255803e-01 5.259584e-01 4.460076e-01 3.501371e-01 3.647773e-01 2.878479e-01 1.529904e-04
<GCONST> 8.482357e+01
<MIXTURE> 5 3.456890e-02
<MEAN> 39
 -4.699914e+00 -1.142882e+01 1.678953e+00 -7.636488e+00 -1.406142e+01 -1.390401e+01 -1.592823e+01 3.884658e+00 -4.034585e+00 -4.111066e+00 -2.736569e+00 -1.256097e+00 7.576403e-01 -1.226406e+00 -2.024836e-01 3.712887e+00 1.025415e+00 -3.751208e+00 -1.631929e+00 2.740329e+00 1.943661e+00 -2.698701e+00 -1.996794e+00 9.292316e-01 1.369026e+00 1.575291e-04 2.437360e-02 7.983692e-01 -9.817012e-02 -8.541257e-01 1.193366e-01 1.412277e+00 8.461009e-01 -1.430495e+00 -1.048610e+00 4.561740e-01 6.910424e-01 -2.423197e-01 -8.403645e-03
<VARIANCE> 39
 8.492624e+00 1.925431e+01 4.367087e+01 4.518176e+01 3.063954e+01 4.161615e+01 5.341330e+01 4.918533e+01 5.887324e+01 4.590649e+01 4.558960e+01 3.304977e+01 1.024533e-02 4.630127e-01 8.081851e-01 1.350603e+00 1.824188e+00 1.738637e+00 2.136111e+00 2.051613e+00 2.320050e+00 3.046077e+00 2.429016e+00 2.044639e+00 1.895622e+00 4.392019e-04 7.882310e-02 1.526365e-01 3.627047e-01 3.970013e-01 3.681781e-01 4.542862e-01 4.794405e-01 4.462982e-01 4.955825e-01 4.269397e-01 3.043657e-01 3.817247e-01 6.089588e-05
<GCONST> 8.534087e+01
<MIXTURE> 6 6.432696e-02
<MEAN> 39
 -6.433698e+00 -1.042149e+01 5.098000e+00 -1.093594e+01 -1.741677e+01 -1.679271e+01 -6.102874e+00 2.874075e+00 -1.344327e+01 -2.861758e+00 -5.243884e-01 8.889921e-02 7.303583e-01 -1.110482e+00 9.565362e-01 3.081486e+00 -1.377680e+00 -2.520077e+00 1.921856e+00 2.164442e+00 -2.348472e+00 -2.431185e+00 1.573250e+00 6.945525e-01 -1.003395e+00 -9.358705e-03 1.781140e-01 4.344624e-01 -6.926464e-01 -2.205618e-01 8.946337e-01 8.379362e-01 -8.607227e-01 -8.317409e-01 8.094108e-01 4.224478e-01 -5.819852e-01 -4.344848e-01 -5.979649e-03
<VARIANCE> 39
 1.091263e+01 2.635553e+01 4.331985e+01 5.233640e+01 3.200192e+01 5.312498e+01 5.592855e+01 7.044729e+01 5.117169e+01 5.031401e+01 4.648072e+01 2.911666e+01 1.248224e-02 3.927281e-01 7.664980e-01 1.261255e+00 2.014333e+00 1.574912e+00 2.267791e+00 2.306494e+00 2.566246e+00 2.488655e+00 2.571793e+00 2.140132e+00 1.630377e+00 3.590280e-04 7.058665e-02 1.638733e-01 3.227997e-01 3.153382e-01 2.956677e-01 3.606088e-01 3.970229e-01 4.712664e-01 3.958555e-01 3.914218e-01 3.673463e-01 2.874773e-01 6.810267e-05
<GCONST> 8.505359e+01
<MIXTURE> 7 8.899228e-02
<MEAN> 39
 -8.038093e+00 -8.166952e+00 1.325558e+01 -8.199806e+00 -2.264892e+01 -4.850522e+00 -1.229776e+01 -1.354985e+00 -1.156194e+01 -7.922234e+00 5.345001e+00 -5.326431e+00 6.995027e-01 2.140989e-01 -7.742904e-01 1.603633e+00 -8.089902e-01 -2.157978e+00 1.285212e+00 -1.168608e+00 1.502885e-01 -8.382974e-01 -4.093203e-01 1.311433e+00 -1.085853e+00 3.074453e-02 -5.890326e-01 4.697030e-01 -9.135357e-01 1.800703e-01 1.166926e+00 -6.933639e-02 8.180102e-01 -1.430808e-01 4.650846e-01 4.943761e-01 -6.392814e-01 2.574990e-01 -2.065227e-02
<VARIANCE> 39
 7.209513e+00 2.466753e+01 2.338302e+01 3.027001e+01 2.396438e+01 3.222465e+01 2.760316e+01 3.245344e+01 3.129982e+01 3.317163e+01 1.854200e+01 1.859827e+01 1.062097e-02 8.242728e-01 1.261324e+00 1.578325e+00 1.608315e+00 2.121812e+00 2.245090e+00 1.860527e+00 1.896206e+00 2.180429e+00 2.035767e+00 1.522749e+00 1.311272e+00 4.396109e-04 3.700202e-01 3.238189e-01 3.506073e-01 3.240483e-01 4.192201e-01 4.067594e-01 4.350177e-01 4.163420e-01 4.277360e-01 3.907433e-01 2.835452e-01 2.435499e-01 1.454759e-04
<GCONST> 8.228376e+01
<MIXTURE> 8 6.882108e-02
<MEAN> 39
 -1.054929e+01 -2.013717e+00 5.582029e+00 -1.762152e+01 -1.968443e+01 -1.146706e+01 -8.143053e+00 -1.335625e+01 -1.136940e+01 -9.940838e-01 -8.368252e+00 -2.788964e+00 6.517307e-01 1.818976e+00 -5.941155e-01 2.430265e+00 -3.227178e+00 -2.373990e+00 -9.703695e-01 -1.669433e+00 -1.622331e+00 -1.658942e+00 1.156081e+00 -1.873381e+00 -1.826329e-01 6.775918e-02 -8.909619e-01 -1.273576e-01 -5.426705e-01 4.702880e-01 1.114277e+00 8.495027e-01 5.124834e-01 8.989244e-01 7.434955e-01 2.603280e-01 4.333671e-01 2.902144e-01 -1.827338e-02
<VARIANCE> 39
 9.147809e+00 1.998373e+01 2.511287e+01 4.952624e+01 2.675482e+01 3.341240e+01 3.601123e+01 2.806791e+01 2.885558e+01 2.812245e+01 2.642203e+01 2.029334e+01 1.380387e-02 1.974055e+00 2.486253e+00 3.254432e+00 4.101157e+00 3.496823e+00 4.167766e+00 4.213651e+00 4.587865e+00 3.893246e+00 3.843210e+00 3.606766e+00 2.993648e+00 1.661700e-03 2.463320e-01 3.469421e-01 3.134908e-01 5.221567e-01 4.563691e-01 5.179957e-01 5.440953e-01 4.622139e-01 3.937730e-01 4.623117e-01 4.114482e-01 3.465874e-01 4.234494e-04
<GCONST> 9.642395e+01
<MIXTURE> 9 9.117279e-02
<MEAN> 39
 -5.864672e+00 -1.133526e+01 9.844432e+00 -6.528718e+00 -2.272522e+01 -8.009491e+00 -1.217844e+01 2.577250e+00 -9.210615e+00 -8.945556e+00 6.191503e+00 -2.602756e+00 7.231568e-01 -9.365004e-01 9.817970e-01 1.918206e+00 -1.224181e+00 -1.024444e+00 1.219918e+00 1.139115e+00 -8.319005e-01 -1.793264e+00 5.244412e-01 7.952539e-01 -9.258175e-01 -4.940979e-03 8.161831e-02 3.726198e-01 -7.755911e-01 2.169046e-01 9.330175e-01 -2.776249e-02 3.257543e-02 -4.866153e-01 3.898461e-01 5.092657e-01 -6.867673e-01 -1.111351e-01 -9.653216e-03
<VARIANCE> 39
 9.621455e+00 2.386611e+01 2.422087e+01 3.347377e+01 3.008898e+01 3.855972e+01 4.891562e+01 4.324298e+01 4.238491e+01 3.148206e+01 2.192395e+01 2.276376e+01 1.166307e-02 3.697433e-01 8.067665e-01 1.367281e+00 2.002662e+00 1.969969e+00 2.273285e+00 2.272696e+00 2.287363e+00 2.266176e+00 2.021096e+00 1.599756e+00 1.406684e+00 4.347359e-04 1.078873e-01 1.912946e-01 2.854510e-01 3.346546e-01 3.654651e-01 3.426952e-01 4.657085e-01 4.497058e-01 4.522792e-01 2.788825e-01 2.509753e-01 2.466929e-01 7.340600e-05
<GCONST> 8.077812e+01
<MIXTURE> 10 7.444444e-02
<MEAN> 39
 -8.090342e+00 -8.635917e+00 6.232715e+00 -1.693434e+01 -2.012267e+01 -1.350016e+01 -1.543263e+00 -4.912898e+00 -1.444773e+01 3.709519e+00 -4.699711e+00 -2.526332e+00 7.310914e-01 -8.648190e-01 1.384687e+00 1.725977e+00 -1.731634e+00 -7.010159e-01 2.350873e+00 -2.416302e-01 -2.768452e+00 1.771139e-01 1.306829e+00 -1.086607e+00 -5.341681e-01 -1.189249e-02 2.140369e-01 7.531472e-02 -6.651025e-01 3.159324e-01 7.540085e-01 -1.080749e-01 -7.504433e-01 3.402328e-01 6.252688e-01 -5.443450e-01 -3.016370e-01 1.665546e-01 -3.845183e-03
<VARIANCE> 39
 7.680599e+00 2.486144e+01 3.550631e+01 3.845452e+01 2.447370e+01 6.035535e+01 3.906713e+01 5.151053e+01 4.874055e+01 4.390002e+01 3.804289e+01 3.016701e+01 1.269769e-02 3.002860e-01 6.223810e-01 9.612525e-01 1.440380e+00 1.257873e+00 2.077329e+00 1.916456e+00 1.823762e+00 2.173759e+00 2.005265e+00 1.522048e+00 1.444646e+00 2.524196e-04 4.506321e-02 1.135976e-01 2.077687e-01 1.970547e-01 2.574480e-01 2.885102e-01 3.293960e-01 3.613641e-01 3.046886e-01 2.848771e-01 2.670214e-01 2.561324e-01 4.247712e-05
<GCONST> 7.584476e+01
<MIXTURE> 11 5.894940e-02
<MEAN> 39
 -7.170606e+00 -5.658195e+00 4.126686e+00 -4.888734e+00 -1.546981e+01 -1.603715e+01 -5.451156e+00 -2.903036e+00 -8.316752e+00 -4.427056e+00 -8.371480e-01 5.547720e-02 6.605822e-01 1.542684e+00 -1.264166e+00 2.268290e+00 -4.905429e-01 -3.182139e+00 -6.033855e-01 -3.546436e-01 -5.383139e-01 -1.709132e+00 -2.070089e-01 9.479873e-01 -1.707183e-01 5.516437e-02 -9.009003e-01 2.063014e-01 -2.179093e-01 -2.782741e-01 4.908311e-01 1.040566e+00 1.773774e-01 -9.399360e-03 2.198247e-01 2.447797e-01 -5.879680e-03 -1.769025e-01 -1.739958e-02
<VARIANCE> 39
 1.014479e+01 1.587058e+01 2.945783e+01 3.112415e+01 2.908507e+01 2.533941e+01 3.075409e+01 3.628099e+01 3.323090e+01 2.084659e+01 1.834155e+01 1.826968e+01 1.530106e-02 2.399590e+00 2.306453e+00 2.805734e+00 2.784402e+00 3.481120e+00 3.946960e+00 3.657897e+00 3.894390e+00 3.858336e+00 3.945887e+00 2.381934e+00 2.204602e+00 1.513059e-03 4.604132e-01 2.871718e-01 3.015739e-01 2.963279e-01 3.701210e-01 4.077523e-01 4.917023e-01 4.504251e-01 3.859363e-01 2.591976e-01 2.848690e-01 2.808085e-01 2.932550e-04
<GCONST> 9.150659e+01
<MIXTURE> 12 6.689801e-02
<MEAN> 39
 -8.611373e+00 -5.737239e+00 1.189326e+01 -7.074404e+00 -1.747710e+01 -7.629156e+00 -9.990556e+00 -2.059458e+00 -1.125387e+01 -5.800083e+00 1.013197e+00 -2.754647e+00 6.399803e-01 2.632661e+00 -1.405530e+00 3.540169e+00 -6.048588e-01 -3.784777e+00 1.567104e-01 -3.065835e+00 8.553195e-02 -2.425177e+00 -1.423591e+00 1.550056e+00 -1.150772e+00 7.265736e-02 -9.908915e-01 -1.427352e-01 -8.722482e-01 -2.594367e-01 5.721841e-01 3.799105e-01 4.936301e-01 1.666925e-01 4.860558e-01 3.562074e-01 6.188816e-03 8.121684e-02 -1.302667e-02
<VARIANCE> 39
 8.457463e+00 2.184125e+01 1.842906e+01 2.529910e+01 2.215170e+01 2.616907e+01 2.623615e+01 2.554958e+01 2.948849e+01 2.789387e+01 1.573803e+01 1.554073e+01 1.146038e-02 1.857230e+00 2.619447e+00 3.211846e+00 2.721432e+00 3.139158e+00 3.069301e+00 2.523016e+00 3.465050e+00 3.822078e+00 4.013191e+00 2.613987e+00 2.296784e+00 1.343983e-03 2.712798e-01 3.709286e-01 3.060245e-01 2.840107e-01 3.610786e-01 3.383905e-01 4.209438e-01 2.827291e-01 3.651477e-01 3.198530e-01 2.532479e-01 2.186774e-01 3.004252e-04
<GCONST> 8.762727e+01
<MIXTURE> 13 5.864786e-02
<MEAN> 39
 -1.000147e+01 -6.052338e+00 6.944963e+00 -2.264051e+01 -1.998026e+01 -8.302977e+00 -5.610624e+00 -8.706360e+00 -1.327943e+01 4.010926e+00 -1.004834e+01 -3.238448e+00 7.157210e-01 -8.706805e-01 9.322972e-01 1.718060e+00 -2.781563e+00 -9.673030e-02 2.067759e+00 -8.829327e-01 -1.109050e+00 5.766209e-01 9.542062e-01 -1.370561e+00 4.230449e-01 9.174867e-03 2.097956e-01 2.919254e-01 -6.607172e-01 8.756043e-01 6.171928e-01 -1.942599e-01 -3.104661e-01 9.970751e-02 2.418308e-01 -6.155016e-01 8.746262e-02 8.773050e-02 -1.001489e-02
<VARIANCE> 39
 7.749034e+00 2.472218e+01 2.975584e+01 4.182642e+01 3.364606e+01 5.691694e+01 4.485150e+01 4.277176e+01 4.964494e+01 3.422753e+01 3.247770e+01 3.253620e+01 1.270616e-02 6.681045e-01 1.591764e+00 1.757923e+00 2.700693e+00 3.056248e+00 3.099674e+00 3.161831e+00 4.188030e+00 2.712095e+00 2.752123e+00 2.444599e+00 2.118679e+00 6.554595e-04 1.619427e-01 3.299609e-01 3.575859e-01 4.447209e-01 4.744612e-01 6.226934e-01 4.907546e-01 7.063900e-01 6.421407e-01 5.270035e-01 4.390965e-01 3.942337e-01 1.097936e-04
<GCONST> 9.298566e+01
<MIXTURE> 14 3.484016e-02
<MEAN> 39
 -6.603884e+00 -9.739223e+00 -7.331500e-01 -1.202549e+01 -1.367816e+01 -1.965810e+01 -8.149450e+00 2.628322e+00 -8.082952e+00 -3.547385e+00 -6.314192e+00 2.801810e+00 7.483926e-01 -1.269048e+00 3.195573e-01 3.621870e+00 -6.118410e-01 -3.709883e+00 2.351283e-01 3.416280e+00 -5.754440e-01 -2.985303e+00 2.559618e-01 1.319891e+00 5.172772e-01 1.078381e-03 3.773071e-02 7.453424e-01 -1.415839e-01 -6.337826e-01 3.554626e-01 1.592779e+00 -2.148022e-01 -1.602147e+00 -1.609459e-01 8.520246e-01 7.893501e-02 -7.611871e-01 -1.006177e-02
<VARIANCE> 39
 8.229607e+00 1.820837e+01 3.996980e+01 5.340794e+01 3.222765e+01 3.939373e+01 4.891518e+01 5.277539e+01 6.340296e+01 5.470462e+01 4.573577e+01 3.761280e+01 1.180978e-02 6.597958e-01 1.243026e+00 2.213168e+00 3.395822e+00 2.575215e+00 3.227118e+00 3.004762e+00 3.471513e+00 3.175410e+00 3.035685e+00 2.897266e+00 2.125892e+00 5.961037e-04 1.547874e-01 2.348219e-01 5.002737e-01 5.139035e-01 3.867461e-01 4.900169e-01 5.575573e-01 6.112835e-01 7.000127e-01 6.527883e-01 5.619948e-01 4.579833e-01 1.036490e-04
<GCONST> 9.473058e+01
<MIXTURE> 15 7.453024e-02
<MEAN> 39
 -6.022053e+00 -9.946542e+00 8.051767e+00 -7.850694e+00 -1.959898e+01 -1.250082e+01 -8.565613e+00 3.406712e+00 -1.239527e+01 -4.449960e+00 3.562389e+00 -1.524213e+00 7.042909e-01 -6.147596e-01 7.701488e-01 1.474336e+00 -6.024903e-01 -1.099947e+00 1.416751e+00 8.590534e-01 -1.270486e+00 -1.315195e+00 7.387381e-01 3.430192e-01 -8.095015e-01 -1.004901e-02 1.221894e-01 6.460667e-02 -4.494627e-01 1.452859e-02 5.130787e-01 8.935304e-02 -4.030549e-01 -9.687871e-02 6.291313e-01 6.485507e-02 -3.993669e-01 -1.026706e-01 -2.261760e-03
<VARIANCE> 39
 8.234260e+00 2.364425e+01 3.284526e+01 3.531685e+01 2.791517e+01 3.888804e+01 4.380780e+01 4.070618e+01 3.743412e+01 3.629721e+01 2.597408e+01 2.510188e+01 1.427277e-02 1.982964e-01 4.918302e-01 6.429163e-01 9.141343e-01 8.537767e-01 1.109287e+00 1.318430e+00 1.314115e+00 1.270533e+00 1.121679e+00 9.035147e-01 7.388349e-01 1.906605e-04 3.341023e-02 8.329247e-02 1.395238e-01 1.322447e-01 1.726111e-01 1.736777e-01 1.948903e-01 2.057791e-01 1.906988e-01 1.556802e-01 1.371915e-01 1.549447e-01 2.873870e-05
<GCONST> 6.252123e+01
<MIXTURE> 16 5.107969e-02
<MEAN> 39
 -5.274587e+00 -1.073732e+01 4.580990e+00 -4.775778e+00 -1.923900e+01 -1.258030e+01 -1.150449e+01 2.661484e+00 -5.054335e+00 -8.232668e+00 2.079530e+00 4.986675e-01 7.304895e-01 -8.497494e-01 4.640736e-01 2.644837e+00 -7.094663e-02 -2.364018e+00 3.607464e-01 2.144890e+00 -3.104285e-02 -3.113003e+00 -5.805654e-01 1.681011e+00 1.247714e-01 -8.267607e-03 7.814087e-02 4.335910e-01 -4.751150e-01 -4.648157e-01 7.725711e-01 8.068080e-01 -1.076211e-01 -9.686252e-01 3.651811e-04 8.524438e-01 -9.122990e-02 -6.482711e-01 -6.707350e-03
<VARIANCE> 39
 8.956064e+00 2.115451e+01 3.128181e+01 4.285072e+01 2.447462e+01 3.417377e+01 6.015412e+01 5.439959e+01 4.310355e+01 3.531550e+01 2.513704e+01 2.689005e+01 1.448792e-02 3.531123e-01 6.408689e-01 1.197692e+00 1.781461e+00 1.320243e+00 1.570790e+00 1.517510e+00 1.979727e+00 1.715863e+00 2.189159e+00 1.365037e+00 1.376295e+00 3.404619e-04 6.988296e-02 1.140396e-01 2.608231e-01 2.302640e-01 2.404117e-01 3.057795e-01 3.239794e-01 4.176266e-01 3.785928e-01 2.499914e-01 2.155177e-01 2.315437e-01 4.818762e-05
<GCONST> 7.607339e+01
<STATE> 3
<NUMMIXES> 16
<MIXTURE> 1 5.550469e-02
<MEAN> 39
 -6.467896e+00 -9.845696e+00 9.595058e+00 -7.341500e+00 -2.208356e+01 -1.176465e+01 -9.661042e+00 6.828809e-01 -1.046157e+01 -5.162159e+00 5.596702e+00 -1.542194e+00 7.479758e-01 5.617391e-01 -7.957648e-01 -1.674030e+00 1.264986e-01 3.489411e-01 -1.216527e+00 -9.127952e-02 1.383425e+00 1.319789e+00 3.419459e-01 -6.742617e-02 5.395465e-01 1.218742e-02 1.335757e-01 -5.813572e-02 -6.337624e-01 -1.928608e-02 6.052827e-01 8.273820e-02 -2.287378e-01 1.987428e-01 6.713551e-01 5.712817e-02 -4.962661e-01 -9.931593e-02 -1.124892e-03
<VARIANCE> 39
 8.232491e+00 2.008816e+01 2.854580e+01 3.006410e+01 3.089713e+01 3.903576e+01 3.887528e+01 4.634266e+01 4.147669e+01 4.008907e+01 2.422588e+01 2.808552e+01 9.482123e-03 2.721038e-01 6.444204e-01 1.009170e+00 1.084410e+00 1.068960e+00 1.316740e+00 1.485579e+00 1.521122e+00 1.398205e+00 1.329355e+00 1.139684e+00 9.028664e-01 2.385075e-04 5.765405e-02 1.021917e-01 1.884360e-01 1.191023e-01 1.813652e-01 1.997720e-01 2.722951e-01 2.832531e-01 2.186070e-01 2.275775e-01 1.639206e-01 1.860822e-01 3.950746e-05
<GCONST> 6.778524e+01
<MIXTURE> 2 7.005469e-02
<MEAN> 39
 -9.084859e+00 -5.734755e+00 1.262634e+01 -1.051281e+01 -2.217708e+01 -6.013228e+00 -7.965692e+00 -4.142169e+00 -1.219361e+01 -3.401121e+00 2.454929e+00 -4.681071e+00 7.079170e-01 3.007894e-01 -4.412452e-01 -4.964258e-01 2.952668e-01 -2.171947e-01 -7.233244e-01 2.904870e-01 3.708987e-01 1.165904e-01 1.918740e-01 3.490337e-01 2.048485e-01 5.748359e-03 1.786842e-01 -2.500599e-01 -4.281572e-01 2.275264e-01 1.618404e-01 -4.120919e-01 -2.251063e-02 4.085633e-01 2.054037e-01 -1.226368e-01 5.101892e-02 1.817774e-01 4.230429e-04
<VARIANCE> 39
 7.979470e+00 2.156637e+01 2.803523e+01 3.649077e+01 2.517015e+01 5.175034e+01 4.059377e+01 4.341861e+01 3.396485e+01 4.311996e+01 3.049396e+01 2.992017e+01 1.050945e-02 1.619028e-01 4.249953e-01 5.565420e-01 6.615471e-01 5.327808e-01 7.807392e-01 7.810300e-01 9.342678e-01 7.769614e-01 8.174406e-01 6.522883e-01 6.022493e-01 1.634407e-04 3.448965e-02 7.198603e-02 9.777643e-02 1.156049e-01 1.248571e-01 1.450207e-01 1.684343e-01 1.761041e-01 1.839918e-01 1.792736e-01 1.265992e-01 1.114432e-01 3.428509e-05
<GCONST> 5.701311e+01
<MIXTURE> 3 8.289711e-02
<MEAN> 39
 -1.124454e+01 -1.129692e+00 1.126645e+01 -1.785947e+01 -1.716166e+01 -8.082089e+00 -8.970744e+00 -1.141433e+01 -1.035315e+01 -3.791707e-01 -7.417005e+00 -5.319130e-01 6.729500e-01 1.819533e-01 -3.239105e-01 -6.005191e-02 1.679717e-01 -3.353205e-01 -5.746678e-02 3.443057e-01 2.558268e-01 2.108439e-02 3.709513e-01 2.366233e-01 1.540276e-03 3.348120e-03 7.357691e-02 -2.111984e-01 -3.218990e-01 3.231794e-01 -9.747873e-02 -5.771641e-02 2.513391e-01 3.003500e-01 2.415207e-02 -5.176209e-03 2.398359e-01 -1.712907e-01 -3.784199e-03
<VARIANCE> 39
 9.188080e+00 2.205542e+01 3.512794e+01 7.503960e+01 3.319669e+01 4.259538e+01 4.257259e+01 4.662973e+01 4.434249e+01 4.025219e+01 3.342646e+01 3.255338e+01 1.455612e-02 3.354243e-01 9.633082e-01 9.543938e-01 1.227852e+00 1.284545e+00 1.475814e+00 1.676433e+00 1.273263e+00 1.472858e+00 1.368984e+00 1.325604e+00 1.292447e+00 6.473796e-04 1.072678e-01 1.711563e-01 2.069165e-01 2.546205e-01 2.878194e-01 2.868827e-01 3.169033e-01 3.239363e-01 2.672413e-01 2.691473e-01 2.334886e-01 2.292323e-01 1.287089e-04
<GCONST> 7.805756e+01
<MIXTURE> 4 4.546588e-02
<MEAN> 39
 -7.691672e+00 -9.416281e+00 1.549643e+01 -7.108833e+00 -2.370828e+01 -2.649328e+00 -1.377231e+01 -5.653405e-01 -1.288972e+01 -8.769896e+00 5.626229e+00 -5.895249e+00 6.972805e-01 3.129169e-02 4.169371e-01 -6.382859e-01 7.597229e-01 1.085091e+00 -1.003421e+00 9.774839e-01 6.782638e-02 -2.507004e-01 1.526610e-01 -4.245191e-01 1.554079e-01 -2.308958e-02 -2.082214e-01 5.704016e-01 -1.153981e+00 3.707308e-01 1.330953e+00 -6.172181e-01 6.408643e-01 -1.772806e-01 6.216800e-01 4.011284e-01 -6.179272e-01 4.192801e-01 -1.943476e-02
<VARIANCE> 39
 8.315009e+00 1.911395e+01 1.809839e+01 2.963144e+01 2.465161e+01 3.122576e+01 2.518733e+01 3.875613e+01 3.292241e+01 3.194087e+01 1.972948e+01 2.478946e+01 1.038876e-02 8.111562e-01 1.543058e+00 1.230102e+00 1.512172e+00 1.779817e+00 2.432547e+00 2.258567e+00 2.321530e+00 2.345968e+00 1.856343e+00 1.468165e+00 1.380567e+00 4.896570e-04 2.275451e-01 2.205917e-01 2.591602e-01 3.060499e-01 3.832867e-01 4.139865e-01 4.899359e-01 4.457644e-01 4.270065e-01 3.917971e-01 2.960196e-01 2.913740e-01 1.509030e-04
<GCONST> 8.174131e+01
<MIXTURE> 5 5.127044e-02
<MEAN> 39
 -8.482288e+00 -5.078403e+00 1.103474e+01 -6.087235e+00 -2.280112e+01 -5.929747e+00 -7.373639e+00 -7.991986e+00 -6.032182e+00 -9.419979e+00 3.171809e+00 -2.297654e+00 6.909811e-01 -2.901209e-02 1.638555e-01 2.925211e-02 8.373533e-02 8.474884e-02 -1.726067e-02 1.820846e-01 -1.012057e-01 -2.101221e-01 1.366312e-01 -1.569102e-01 -1.034850e-01 -4.369840e-03 4.370837e-02 -6.868313e-02 -6.388175e-02 -8.849765e-04 1.187593e-01 -1.006100e-01 -2.555882e-02 1.395009e-01 -6.846909e-02 6.559227e-02 -3.355580e-02 -4.095550e-04 -8.439608e-04
<VARIANCE> 39
 9.869797e+00 2.861174e+01 2.521545e+01 3.200505e+01 3.032053e+01 4.690752e+01 3.778133e+01 4.290893e+01 2.634102e+01 3.284335e+01 2.674490e+01 3.125546e+01 1.143544e-02 1.064507e-01 2.625285e-01 3.772270e-01 3.287014e-01 4.206045e-01 5.551642e-01 4.574806e-01 5.170780e-01 5.433619e-01 4.415634e-01 4.411567e-01 3.675607e-01 1.082463e-04 2.024631e-02 3.988424e-02 5.036848e-02 5.397120e-02 8.436268e-02 8.476659e-02 8.286506e-02 8.282706e-02 9.337804e-02 7.908596e-02 7.211881e-02 6.418941e-02 1.207450e-05
<GCONST> 4.218691e+01
<MIXTURE> 6 8.253574e-02
<MEAN> 39
 -8.344467e+00 -9.033449e+00 1.659778e+01 -1.415585e+01 -1.983652e+01 -6.191013e+00 -1.120736e+01 1.638043e+00 -1.845224e+01 7.874685e-01 3.774647e-01 -4.135696e+00 7.146979e-01 -1.727276e-01 4.519116e-01 3.411182e-01 -1.001587e-01 -5.687727e-02 4.609876e-01 2.621435e-01 -4.520521e-01 -2.801451e-01 2.286460e-01 -7.362458e-02 -4.380364e-01 -7.402846e-03 5.281782e-02 2.042638e-01 -8.332124e-01 6.395446e-01 4.879405e-01 -4.100190e-01 3.109571e-01 -1.416510e-01 7.033312e-01 -3.515536e-01 -4.771343e-02 1.386782e-01 -1.010425e-02
<VARIANCE> 39
 7.813229e+00 2.077462e+01 2.298628e+01 2.963163e+01 2.813348e+01 4.903867e+01 3.169099e+01 3.019785e+01 2.421862e+01 2.564931e+01 2.081822e+01 2.349899e+01 1.101707e-02 3.314347e-01 8.032696e-01 9.916625e-01 1.248233e+00 9.567834e-01 1.547839e+00 1.342001e+00 1.517790e+00 1.247079e+00 1.246971e+00 9.411691e-01 9.398304e-01 3.310119e-04 1.098322e-01 1.853227e-01 1.863651e-01 2.150820e-01 2.664777e-01 3.001781e-01 3.599417e-01 2.981427e-01 2.888463e-01 2.348389e-01 1.978796e-01 1.974615e-01 6.924902e-05
<GCONST> 7.041961e+01
<MIXTURE> 7 5.419592e-02
<MEAN> 39
 -1.042482e+01 -2.146143e+00 6.504363e+00 -2.332047e+01 -2.033109e+01 -2.166498e+00 -9.656279e+00 -1.024746e+01 -1.114964e+01 2.781862e+00 -1.142796e+01 -3.264021e+00 6.911011e-01 -9.278177e-02 5.137505e-01 3.734434e-01 -3.148870e-01 4.493402e-01 6.456105e-01 -5.456941e-01 -3.546304e-01 4.833271e-01 -3.448683e-02 -4.062079e-01 2.408569e-01 -6.323734e-03 1.795685e-01 -2.568279e-01 -3.337253e-01 6.587459e-01 8.394156e-02 -7.009013e-01 3.964711e-01 2.374780e-01 -1.216338e-01 -2.941884e-01 3.537952e-01 5.585572e-02 -2.142659e-03
<VARIANCE> 39
 8.793270e+00 1.906718e+01 2.048964e+01 3.921318e+01 3.105230e+01 5.125441e+01 4.929043e+01 4.354726e+01 4.757692e+01 3.120340e+01 3.699850e+01 3.274727e+01 1.057545e-02 1.927834e-01 6.767656e-01 7.177287e-01 1.261877e+00 1.078603e+00 1.624736e+00 1.675979e+00 1.567329e+00 1.382214e+00 1.328122e+00 1.228851e+00 1.037609e+00 1.453067e-04 4.629325e-02 1.233989e-01 1.347394e-01 2.581557e-01 2.307122e-01 3.122070e-01 3.104420e-01 4.492686e-01 2.824329e-01 2.938587e-01 2.248731e-01 2.249481e-01 3.689386e-05
<GCONST> 7.098560e+01
<MIXTURE> 8 4.624222e-02
<MEAN> 39
 -6.883738e+00 -7.892386e+00 1.101081e+01 -3.782243e+00 -2.139384e+01 -7.739441e+00 -9.948175e+00 -1.818337e+00 -9.994176e+00 -9.902548e+00 4.921604e+00 -3.548658e+00 6.587170e-01 -6.612436e-02 6.132068e-01 -2.412591e-01 3.785165e-01 5.351434e-01 -2.503620e-01 6.813865e-01 1.033526e-01 -6.516428e-01 3.324187e-01 -1.596975e-01 -1.768393e-01 -1.781371e-02 -9.121370e-02 2.258064e-01 -4.577116e-01 2.875866e-02 6.627506e-01 -2.677346e-01 1.607962e-01 6.745683e-02 2.698180e-01 2.899072e-01 -3.375443e-01 2.053026e-01 -7.970316e-03
<VARIANCE> 39
 8.119135e+00 1.968202e+01 2.154508e+01 1.903697e+01 2.076083e+01 2.929926e+01 3.470604e+01 4.379281e+01 3.464571e+01 2.656637e+01 1.948725e+01 2.411090e+01 1.702401e-02 3.115278e-01 7.715183e-01 8.939130e-01 8.998424e-01 1.021727e+00 1.275895e+00 1.168336e+00 1.047181e+00 1.166675e+00 1.149391e+00 8.976950e-01 8.528640e-01 2.480617e-04 9.847470e-02 1.069266e-01 1.941222e-01 1.600596e-01 2.203485e-01 2.648858e-01 2.447872e-01 2.095264e-01 2.393466e-01 1.840385e-01 1.773358e-01 1.824892e-01 5.709558e-05
<GCONST> 6.579642e+01
<MIXTURE> 9 1.024465e-01
<MEAN> 39
 -1.113770e+01 -9.308064e-01 9.640360e+00 -2.281521e+01 -1.719009e+01 -5.639800e+00 -9.435493e+00 -1.120953e+01 -9.635351e+00 1.720256e+00 -9.659847e+00 -1.277110e+00 6.739637e-01 1.693681e-02 1.845131e-01 2.711142e-02 9.370533e-02 2.429530e-02 1.973334e-01 -1.275214e-01 -2.441070e-01 1.352189e-01 -1.275518e-01 -2.386334e-01 2.302530e-02 -6.823467e-03 6.747066e-02 -1.174384e-01 -1.099532e-01 1.768769e-01 -1.173916e-01 -1.467016e-01 1.354977e-01 3.564076e-02 -9.379470e-02 -4.452117e-03 6.280418e-02 -4.639374e-02 -1.023622e-03
<VARIANCE> 39
 8.143779e+00 2.124916e+01 2.384191e+01 4.173770e+01 2.531539e+01 4.860048e+01 5.387413e+01 3.883430e+01 4.269342e+01 4.000465e+01 2.783320e+01 3.159276e+01 1.228729e-02 1.209811e-01 3.447109e-01 3.773070e-01 5.355225e-01 5.668213e-01 6.714208e-01 8.057457e-01 6.784438e-01 6.140555e-01 7.235973e-01 6.434391e-01 5.504939e-01 1.096510e-04 2.077285e-02 5.201330e-02 6.192381e-02 8.728215e-02 9.171844e-02 1.122598e-01 1.270180e-01 1.235806e-01 1.172778e-01 1.319424e-01 1.154393e-01 1.029912e-01 1.339263e-05
<GCONST> 5.040139e+01
<MIXTURE> 10 1.014151e-01
<MEAN> 39
 -8.646492e+00 -5.653865e+00 1.175475e+01 -1.123395e+01 -2.103306e+01 -6.836589e+00 -7.227811e+00 -3.218545e+00 -1.318719e+01 -1.720999e+00 1.301710e+00 -4.592489e+00 6.755885e-01 -2.430411e-01 5.807018e-01 4.873894e-01 -3.096367e-01 6.222628e-02 7.419235e-01 2.605097e-02 -6.048047e-01 -2.161570e-01 3.027067e-01 -3.321883e-01 -4.197912e-01 -1.083375e-02 8.852394e-02 -8.936333e-02 -2.254024e-01 1.749924e-01 1.845105e-01 -1.804904e-01 -4.755431e-02 1.697248e-01 1.451824e-01 -1.175272e-01 -5.514793e-02 1.257517e-01 -2.191320e-03
<VARIANCE> 39
 7.841914e+00 2.459717e+01 3.371303e+01 3.918724e+01 3.557222e+01 4.879790e+01 3.845757e+01 4.167625e+01 3.036173e+01 3.734779e+01 2.592394e+01 2.461179e+01 1.564443e-02 1.595558e-01 4.379085e-01 5.535430e-01 6.121470e-01 6.665456e-01 8.986423e-01 9.311903e-01 1.008679e+00 8.967969e-01 7.935954e-01 7.220143e-01 6.779357e-01 1.504906e-04 3.584610e-02 8.160997e-02 1.055664e-01 1.223163e-01 1.278589e-01 1.444164e-01 1.603051e-01 1.674201e-01 1.579542e-01 1.297457e-01 1.274654e-01 9.860890e-02 2.451575e-05
<GCONST> 5.744988e+01
<MIXTURE> 11 4.819314e-02
<MEAN> 39
 -1.042864e+01 -4.084081e+00 9.738251e+00 -2.260920e+01 -1.811485e+01 -1.049033e+01 -7.846346e+00 -1.264924e+01 -1.222375e+01 4.021331e+00 -1.181486e+01 -1.614161e-01 7.138594e-01 -2.595714e-01 8.030798e-01 3.668121e-01 -4.040150e-02 3.784528e-01 8.220814e-01 -2.155924e-01 -7.235056e-01 4.267834e-01 -1.497729e-01 -6.711553e-01 6.446274e-02 -1.487182e-02 -1.208017e-01 1.493659e-01 -9.499971e-01 1.371781e+00 6.244419e-01 -4.573400e-02 3.078682e-01 6.573293e-01 4.146837e-01 -6.958743e-01 6.918290e-01 -2.042729e-01 -2.008674e-02
<VARIANCE> 39
 8.273952e+00 1.933266e+01 2.505383e+01 4.479222e+01 2.400576e+01 4.187477e+01 4.838060e+01 4.201363e+01 4.713552e+01 3.469725e+01 3.215124e+01 3.384256e+01 1.314255e-02 5.059022e-01 1.583313e+00 1.080891e+00 2.398068e+00 1.485263e+00 2.134141e+00 2.520888e+00 3.021744e+00 2.064680e+00 2.482689e+00 1.976083e+00 1.801296e+00 9.370337e-04 2.780622e-01 3.192445e-01 3.423981e-01 5.457197e-01 5.257899e-01 6.915864e-01 6.434358e-01 7.118927e-01 5.648446e-01 5.492638e-01 4.799117e-01 4.397241e-01 2.258979e-04
<GCONST> 9.119791e+01
<MIXTURE> 12 4.356818e-02
<MEAN> 39
 -6.022385e+00 -1.004537e+01 1.028218e+01 -7.121586e+00 -1.871498e+01 -1.231336e+01 -1.042039e+01 2.402876e+00 -1.388424e+01 -4.615336e+00 1.767314e+00 -1.776740e+00 6.913288e-01 -7.448496e-01 1.390939e+00 6.961902e-01 7.511129e-02 7.672414e-02 7.755669e-01 1.513911e+00 -9.404013e-01 -1.002431e+00 4.733590e-01 1.418457e-01 -7.179899e-01 -3.120316e-02 -3.417735e-01 6.200817e-01 -1.433826e+00 3.385406e-01 1.426135e+00 3.695113e-01 1.510487e-01 -4.610931e-01 1.138742e+00 2.782411e-01 -4.555690e-01 -2.095899e-02 -2.332664e-02
<VARIANCE> 39
 8.938265e+00 2.077530e+01 3.621714e+01 4.471461e+01 3.508857e+01 4.331686e+01 5.538773e+01 5.603318e+01 5.813303e+01 5.104627e+01 3.563390e+01 3.165068e+01 1.155207e-02 1.471529e+00 2.168959e+00 2.341094e+00 2.329917e+00 2.630499e+00 3.634969e+00 4.317963e+00 4.278949e+00 4.430734e+00 2.947891e+00 2.156827e+00 2.154303e+00 9.828276e-04 4.950481e-01 4.147169e-01 5.138856e-01 5.954779e-01 5.988688e-01 7.202857e-01 9.487140e-01 9.019112e-01 8.286406e-01 7.791485e-01 5.381752e-01 5.456148e-01 3.030763e-04
<GCONST> 1.019039e+02
<MIXTURE> 13 5.685346e-02
<MEAN> 39
 -1.039024e+01 -3.019722e+00 8.750457e+00 -1.106259e+01 -2.338914e+01 -5.996979e+00 -4.635990e+00 -9.610261e+00 -8.926446e+00 -4.697313e+00 2.609731e+00 -5.966580e+00 6.909236e-01 -3.739520e-01 8.722841e-01 6.639047e-01 -5.021826e-01 5.580134e-02 1.109944e+00 2.229125e-02 -1.040021e+00 -1.439618e-01 4.978231e-01 -4.207674e-01 -6.813055e-01 -1.203667e-02 1.793036e-01 -1.636112e-01 -4.904173e-01 4.602718e-01 6.897606e-01 -3.238047e-01 -1.677537e-01 5.169660e-01 9.599447e-02 -2.075071e-02 -3.501032e-01 2.724483e-01 -8.981572e-03
<VARIANCE> 39
 1.037906e+01 2.161531e+01 2.906951e+01 3.995245e+01 3.117849e+01 7.631403e+01 4.728805e+01 3.873648e+01 3.737517e+01 3.425658e+01 3.289592e+01 4.208110e+01 1.544097e-02 3.747429e-01 8.919312e-01 9.970396e-01 1.334857e+00 1.449112e+00 2.119617e+00 1.773250e+00 1.940806e+00 2.029149e+00 1.761476e+00 1.913879e+00 1.413870e+00 4.956741e-04 1.446107e-01 1.806497e-01 2.738275e-01 3.655082e-01 4.440766e-01 5.614012e-01 4.382696e-01 4.162652e-01 4.035091e-01 3.739725e-01 3.270124e-01 3.137770e-01 1.077841e-04
<GCONST> 8.351983e+01
<MIXTURE> 14 5.911909e-02
<MEAN> 39
 -9.320900e+00 -6.351613e+00 1.408141e+01 -7.172545e+00 -2.511128e+01 -1.162610e+00 -1.174934e+01 -6.032383e+00 -7.778490e+00 -1.169942e+01 6.020051e+00 -5.714432e+00 7.083479e-01 -8.229490e-02 -2.057607e-02 3.979985e-01 3.153729e-02 -1.936447e-01 2.908182e-01 2.117493e-03 -1.777332e-01 -2.193463e-01 -7.408658e-02 1.275618e-01 -3.795156e-01 1.975971e-04 4.320494e-02 6.038962e-02 -4.430613e-01 1.906104e-01 6.002087e-01 -5.184426e-01 3.412263e-01 2.230995e-01 -1.292879e-01 4.315870e-01 -3.709720e-01 2.517596e-01 -9.316659e-03
<VARIANCE> 39
 7.404922e+00 2.108606e+01 1.846823e+01 3.224024e+01 2.544220e+01 2.763364e+01 2.412638e+01 2.934052e+01 2.847246e+01 2.877519e+01 2.134173e+01 2.815790e+01 9.429163e-03 2.794797e-01 7.406453e-01 6.608729e-01 8.836031e-01 9.581519e-01 1.163250e+00 9.704119e-01 9.417074e-01 1.032574e+00 1.159881e+00 9.591666e-01 6.616513e-01 3.500991e-04 7.841309e-02 1.407446e-01 1.523543e-01 1.808390e-01 2.904451e-01 2.225720e-01 2.072489e-01 2.255817e-01 2.133873e-01 2.303606e-01 1.923710e-01 1.682934e-01 6.773093e-05
<GCONST> 6.440856e+01
<MIXTURE> 15 5.303710e-02
<MEAN> 39
 -1.192070e+01 -4.197431e+00 9.301009e+00 -2.565562e+01 -1.671506e+01 -9.441390e+00 -7.795373e+00 -1.179569e+01 -1.030246e+01 3.923291e+00 -1.287504e+01 -4.926758e-01 7.179834e-01 -2.175543e-01 4.901860e-01 6.896588e-02 -1.292814e-01 9.645398e-02 5.197379e-01 -5.117015e-01 -6.181183e-01 -6.157561e-02 -5.645782e-01 -7.668746e-01 -1.167386e-01 -1.239378e-02 1.462472e-01 -9.805318e-03 -3.085344e-01 5.678121e-01 -4.365853e-02 -1.008639e-01 1.519841e-01 1.202331e-01 -1.224996e-01 -2.143629e-01 2.613319e-01 -9.119795e-02 -5.837153e-03
<VARIANCE> 39
 8.995445e+00 1.607831e+01 2.107160e+01 2.864871e+01 2.269631e+01 2.930499e+01 3.256779e+01 3.750172e+01 4.265397e+01 3.764528e+01 2.962870e+01 2.857278e+01 1.455779e-02 3.064789e-01 8.511249e-01 6.789314e-01 1.015158e+00 1.021839e+00 1.263024e+00 1.384889e+00 1.381978e+00 1.333645e+00 1.260132e+00 1.180994e+00 1.245538e+00 2.970077e-04 6.593674e-02 1.320111e-01 1.433583e-01 2.155773e-01 1.920756e-01 2.395523e-01 2.095296e-01 2.729796e-01 2.584058e-01 2.660099e-01 2.124473e-01 2.293822e-01 4.420367e-05
<GCONST> 6.864011e+01
<MIXTURE> 16 4.716581e-02
<MEAN> 39
 -9.864716e+00 -6.755210e+00 1.450936e+01 -1.071847e+01 -2.192136e+01 -3.710957e+00 -1.051399e+01 -3.692581e+00 -1.361937e+01 -3.658346e+00 1.935242e+00 -5.863310e+00 6.892527e-01 -4.470798e-02 2.837179e-01 1.842327e-01 5.526608e-02 5.083975e-02 3.143688e-01 1.160819e-01 -2.916065e-01 -1.551792e-01 1.324791e-01 -1.425506e-01 -2.675201e-01 -7.988562e-03 7.342944e-02 -9.181342e-03 -1.621619e-01 1.456607e-01 4.733628e-02 -1.632887e-01 6.311539e-02 3.559710e-02 4.562821e-02 -5.432499e-02 2.953007e-03 5.603719e-02 -1.557289e-03
<VARIANCE> 39
 6.985199e+00 1.815310e+01 1.952999e+01 3.181292e+01 1.606686e+01 3.458905e+01 3.310129e+01 3.549708e+01 2.476571e+01 4.317397e+01 3.399496e+01 2.566325e+01 9.058300e-03 9.321060e-02 1.535348e-01 2.401929e-01 2.847010e-01 2.267666e-01 3.702215e-01 3.629675e-01 3.848356e-01 3.862545e-01 3.635418e-01 3.586078e-01 3.421486e-01 7.236113e-05 1.814457e-02 3.294226e-02 3.669623e-02 3.703037e-02 3.522775e-02 5.653233e-02 5.426119e-02 5.319354e-02 5.466862e-02 5.764833e-02 5.589288e-02 5.287650e-02 8.242172e-06
<GCONST> 3.103231e+01
<STATE> 4
<NUMMIXES> 16
<MIXTURE> 1 4.369350e-02
<MEAN> 39
 -8.333268e+00 -6.114234e+00 1.195820e+01 -4.975827e+00 -1.695520e+01 -9.646789e+00 -8.281570e+00 -1.772364e+00 -1.269112e+01 -6.884013e+00 1.218210e+00 -2.846397e+00 6.340425e-01 -2.321404e+00 2.690183e+00 -2.172383e+00 3.124294e-01 3.426412e+00 -1.182811e+00 2.370050e+00 -5.132908e-01 1.116522e+00 1.184860e+00 -1.229922e+00 1.017493e+00 -5.244080e-02 -9.480208e-01 1.249672e-01 -9.791914e-01 -1.414942e-01 9.013923e-01 2.900965e-01 8.329697e-02 3.464099e-01 7.608923e-01 2.746515e-01 -9.412303e-02 2.699955e-01 -6.002055e-03
<VARIANCE> 39
 9.651034e+00 1.510070e+01 1.892077e+01 2.434462e+01 2.125708e+01 2.838898e+01 2.804937e+01 3.416343e+01 2.582370e+01 1.772220e+01 1.452865e+01 1.810456e+01 1.321838e-02 1.734943e+00 1.835008e+00 2.786139e+00 2.280199e+00 2.895579e+00 4.388574e+00 3.345317e+00 3.617488e+00 3.943982e+00 3.184247e+00 1.903260e+00 2.485443e+00 1.226141e-03 2.189582e-01 3.485354e-01 3.351064e-01 2.959532e-01 3.668203e-01 4.114416e-01 3.887796e-01 4.143072e-01 4.491611e-01 2.302824e-01 2.587197e-01 2.726953e-01 2.727561e-04
<GCONST> 8.712691e+01
<MIXTURE> 2 5.073271e-02
<MEAN> 39
 -3.976565e+00 -9.422096e+00 -7.773387e-01 -5.341524e+00 -1.190155e+01 -1.466494e+01 -1.522651e+01 6.818453e-01 -4.306198e+00 -3.675915e+00 -2.508050e+00 -2.281570e+00 7.071127e-01 9.942958e-01 6.851531e-01 -3.499610e+00 -1.025067e+00 3.272263e+00 2.023000e+00 -1.341755e+00 -1.913680e+00 1.886553e+00 1.781083e+00 -6.287771e-01 -1.124375e+00 -1.380951e-02 -2.692520e-02 3.827385e-01 2.250035e-01 -8.200976e-01 -3.075618e-01 1.165484e+00 6.853445e-01 -8.010661e-01 -7.413880e-01 2.509058e-01 5.051719e-01 -8.678505e-02 -1.479700e-03
<VARIANCE> 39
 1.137047e+01 2.555924e+01 3.787025e+01 4.535188e+01 4.114650e+01 4.205464e+01 4.985010e+01 4.826205e+01 5.968294e+01 5.056374e+01 4.831237e+01 2.956799e+01 1.632684e-02 9.138512e-01 1.536725e+00 2.119142e+00 2.298681e+00 2.462032e+00 3.219222e+00 3.747357e+00 3.416589e+00 3.943944e+00 3.448014e+00 2.371719e+00 2.379888e+00 7.191969e-04 1.477798e-01 2.396901e-01 3.834360e-01 3.670618e-01 5.244390e-01 5.570929e-01 6.233727e-01 5.196659e-01 5.203746e-01 5.062869e-01 3.638609e-01 3.808967e-01 8.932284e-05
<GCONST> 9.455516e+01
<MIXTURE> 3 8.681781e-02
<MEAN> 39
 -8.632690e+00 -7.067795e+00 1.558657e+01 -1.057990e+01 -1.935036e+01 -6.396412e+00 -8.566266e+00 -1.343648e+00 -1.794285e+01 -1.429296e+00 1.301028e+00 -7.150004e+00 6.264748e-01 3.132488e-02 1.223440e+00 -2.194583e+00 2.219525e+00 1.767627e+00 -8.231847e-01 1.423877e+00 -4.016978e-01 1.047708e+00 -3.992973e-01 -3.144835e-01 2.298881e-01 -6.287454e-02 -2.685212e-01 4.223869e-01 -1.230874e+00 5.622193e-01 1.004329e+00 1.783096e-02 1.981913e-01 -1.387000e-01 1.010924e+00 -1.442600e-01 -3.473257e-01 4.842443e-01 -2.189005e-02
<VARIANCE> 39
 7.313536e+00 2.189360e+01 2.448211e+01 3.025364e+01 2.865159e+01 4.681697e+01 2.743170e+01 3.900140e+01 3.072163e+01 3.057752e+01 2.667103e+01 2.636583e+01 1.599572e-02 1.305241e+00 2.265258e+00 2.148644e+00 2.187919e+00 2.641878e+00 3.831594e+00 3.021540e+00 3.581363e+00 3.498257e+00 3.243294e+00 2.395208e+00 2.055551e+00 1.608731e-03 2.685468e-01 3.780077e-01 3.619708e-01 3.615946e-01 3.902229e-01 6.965275e-01 4.423236e-01 5.193520e-01 5.668110e-01 4.088544e-01 3.533459e-01 3.451794e-01 2.701043e-04
<GCONST> 9.284418e+01
<MIXTURE> 4 6.786238e-02
<MEAN> 39
 -8.171840e+00 -2.619911e+00 1.015453e+01 -8.838053e+00 -1.661382e+01 -8.734542e+00 -2.384574e+00 -2.321317e+00 -1.247914e+01 4.015250e-01 -9.832975e-01 -1.657437e+00 4.919393e-01 -5.913315e-01 1.147804e+00 -5.666486e-01 7.060336e-01 8.978588e-01 1.043552e+00 1.511778e+00 -3.680669e-01 5.389559e-01 3.190419e-01 -3.436205e-01 -7.104645e-02 -4.752251e-02 -1.944844e-01 -2.308132e-01 -3.646317e-01 1.534108e-01 3.256736e-01 2.191660e-01 1.332742e-02 1.477818e-01 4.430608e-01 -1.881949e-01 3.412024e-02 -4.718761e-03 -6.604612e-03
<VARIANCE> 39
 6.602390e+00 1.671878e+01 2.144933e+01 3.894954e+01 2.564915e+01 4.165981e+01 3.512389e+01 4.709796e+01 3.297558e+01 3.238204e+01 2.134152e+01 2.325501e+01 1.808973e-02 5.074766e-01 1.331852e+00 1.481027e+00 1.450752e+00 1.802140e+00 3.163028e+00 2.842448e+00 2.027408e+00 2.261103e+00 1.888333e+00 1.410682e+00 1.567653e+00 4.897076e-04 1.113730e-01 2.432840e-01 2.043091e-01 2.524074e-01 2.592208e-01 2.939733e-01 3.340711e-01 3.168305e-01 2.973035e-01 2.753438e-01 1.918561e-01 2.110403e-01 8.023642e-05
<GCONST> 7.861757e+01
<MIXTURE> 5 3.434344e-02
<MEAN> 39
 -1.486201e+01 -1.844780e+00 -2.246763e+00 -4.184535e+00 -9.227399e+00 -7.011984e+00 -4.277971e+00 -3.163676e+00 -1.881288e+00 -9.269552e-01 -1.284949e+00 -3.934422e-01 2.203856e-01 -5.191771e-01 -4.871408e-01 -2.168841e+00 2.836017e-01 2.042840e+00 1.310934e+00 7.977186e-01 9.246343e-01 1.536755e+00 1.970506e-01 -6.664943e-02 -2.073123e-01 -3.539773e-02 5.337116e-01 -4.273864e-01 6.507767e-01 -9.443750e-01 -7.605807e-01 1.045310e-01 -2.760491e-01 -3.397992e-01 -6.757792e-01 -5.906032e-02 -1.437498e-01 -2.448020e-01 3.363165e-02
<VARIANCE> 39
 2.976368e+01 2.857840e+01 4.094602e+01 6.136867e+01 9.057791e+01 5.483200e+01 4.756011e+01 5.696828e+01 4.934874e+01 4.446112e+01 4.249249e+01 3.134683e+01 7.358916e-02 3.884667e+00 3.000220e+00 5.427559e+00 7.121549e+00 8.136061e+00 5.215869e+00 5.120325e+00 6.581541e+00 6.099756e+00 4.547769e+00 4.411768e+00 3.331867e+00 7.886511e-03 5.983793e-01 6.368417e-01 6.818728e-01 1.222231e+00 1.442447e+00 1.367283e+00 9.784428e-01 1.184998e+00 9.127944e-01 1.059852e+00 9.110587e-01 6.383219e-01 9.345262e-04
<GCONST> 1.216194e+02
<MIXTURE> 6 9.448370e-02
<MEAN> 39
 -9.127295e+00 -6.317846e+00 5.568289e+00 -1.819809e+01 -2.183685e+01 -1.012403e+01 -2.443108e+00 -7.607500e+00 -1.047191e+01 3.962511e+00 -5.616328e+00 -2.302049e+00 7.518148e-01 6.432135e-01 -1.267556e+00 -1.624570e+00 1.079050e+00 2.724527e-01 -9.992869e-01 1.078598e+00 2.039980e+00 9.229505e-03 -7.800846e-01 5.818959e-01 -5.774609e-02 6.276047e-03 1.289551e-01 -7.766037e-02 -4.246343e-01 3.234087e-01 5.954458e-01 -7.967493e-02 -3.174215e-01 3.481365e-01 9.213991e-02 -5.761576e-01 -1.706919e-01 1.272082e-01 -3.448999e-03
<VARIANCE> 39
 8.703468e+00 2.503274e+01 3.018625e+01 5.958014e+01 2.738747e+01 5.864645e+01 4.172345e+01 5.852258e+01 5.622397e+01 4.480876e+01 4.020452e+01 3.274953e+01 1.213207e-02 3.483592e-01 1.080358e+00 1.134401e+00 1.819779e+00 1.653798e+00 2.497909e+00 2.674414e+00 2.166120e+00 2.513914e+00 2.511070e+00 1.791472e+00 1.734303e+00 4.960268e-04 6.423511e-02 1.557661e-01 2.145723e-01 2.274808e-01 3.264148e-01 3.373939e-01 4.285149e-01 4.296355e-01 4.493138e-01 3.322234e-01 3.515335e-01 2.787601e-01 6.222942e-05
<GCONST> 8.319848e+01
<MIXTURE> 7 7.165202e-02
<MEAN> 39
 -1.009305e+01 -1.929415e+00 7.539254e+00 -1.549011e+01 -1.873380e+01 -1.094515e+01 -6.734208e+00 -1.363591e+01 -1.310328e+01 1.268539e+00 -1.045852e+01 -2.079887e+00 6.031860e-01 -9.440217e-01 1.606695e+00 -2.426202e+00 3.874718e+00 2.119164e+00 1.046551e-01 1.002398e+00 8.101828e-01 1.309926e+00 -1.763405e+00 1.782879e+00 -4.222864e-01 -8.106813e-02 -7.406404e-01 -6.292167e-02 -7.597055e-01 5.097449e-01 1.060545e+00 5.527205e-01 1.776180e-01 9.760777e-01 6.346975e-01 -1.967223e-01 5.662004e-01 5.106380e-02 -1.897735e-02
<VARIANCE> 39
 8.991428e+00 1.902018e+01 2.865988e+01 3.902685e+01 2.822671e+01 3.412743e+01 3.616179e+01 3.695794e+01 4.176087e+01 3.103951e+01 2.776269e+01 3.197641e+01 2.035141e-02 2.209941e+00 2.438582e+00 2.367700e+00 3.848787e+00 3.298565e+00 4.419960e+00 4.070120e+00 4.573503e+00 3.749606e+00 3.920720e+00 3.210060e+00 2.800950e+00 2.442237e-03 2.499405e-01 4.540759e-01 3.925343e-01 6.561771e-01 4.503617e-01 4.883341e-01 6.300601e-01 6.574170e-01 5.724651e-01 6.293375e-01 5.128433e-01 4.307972e-01 4.406645e-04
<GCONST> 1.001488e+02
<MIXTURE> 8 3.976133e-02
<MEAN> 39
 -4.937808e+00 -6.356682e+00 4.859859e+00 -1.422775e+00 -1.188788e+01 -1.325215e+01 -1.034193e+01 7.762120e-01 -9.945041e+00 -7.283995e+00 7.754963e-01 -2.564257e+00 5.240337e-01 -9.570088e-01 2.761429e+00 -3.448380e+00 1.614725e+00 4.375134e+00 1.713370e+00 1.102730e+00 -1.059487e+00 2.307518e+00 6.221218e-01 -1.270738e+00 1.386173e-01 -1.276294e-01 -9.826375e-01 2.146187e-01 -7.055034e-02 -5.433602e-01 1.209201e-01 1.108292e+00 4.505783e-01 -4.304189e-01 2.593230e-01 5.477936e-01 -2.063195e-01 5.355912e-04 -1.847980e-02
<VARIANCE> 39
 8.371960e+00 1.807314e+01 3.097346e+01 2.805824e+01 2.686204e+01 3.398634e+01 3.401533e+01 3.293165e+01 4.077184e+01 3.290961e+01 2.880124e+01 2.595715e+01 1.756048e-02 2.314274e+00 2.487916e+00 3.316219e+00 4.310719e+00 3.349609e+00 4.459006e+00 5.127483e+00 4.758075e+00 4.986687e+00 5.711211e+00 3.851228e+00 2.527652e+00 2.173507e-03 2.877997e-01 4.686081e-01 5.241198e-01 4.043113e-01 5.733734e-01 6.093128e-01 5.845642e-01 4.946905e-01 7.161523e-01 4.403760e-01 4.185604e-01 3.888148e-01 4.879555e-04
<GCONST> 1.004382e+02
<MIXTURE> 9 6.490879e-02
<MEAN> 39
 -1.170453e+01 2.834595e+00 6.874791e+00 -1.395475e+01 -1.641143e+01 -7.104225e-01 -7.337544e+00 -1.358385e+01 -6.818432e+00 -3.116046e+00 -9.193527e+00 -2.623726e+00 4.112208e-01 -5.823445e-01 -1.795707e-01 -7.796668e-01 1.555762e+00 1.467508e+00 6.565630e-01 1.144734e+00 3.098994e-01 1.618728e-01 -4.016973e-01 1.073410e-01 -9.963182e-03 -5.146511e-02 -1.468884e-01 -5.361299e-01 -3.819107e-01 1.275648e-01 3.076670e-01 -2.495630e-01 3.281592e-01 5.952724e-01 -4.605401e-04 2.297513e-01 4.412085e-01 8.040708e-02 -4.516199e-03
<VARIANCE> 39
 9.204693e+00 1.394694e+01 2.093287e+01 5.436901e+01 3.735019e+01 4.847163e+01 6.085658e+01 3.195256e+01 3.175194e+01 3.552530e+01 2.972691e+01 3.162578e+01 3.259356e-02 1.121732e+00 1.804305e+00 1.806990e+00 2.824836e+00 3.242701e+00 4.195784e+00 3.625231e+00 2.734616e+00 3.043403e+00 2.666677e+00 2.564134e+00 1.981031e+00 1.050445e-03 1.962254e-01 2.553679e-01 2.756265e-01 4.677678e-01 4.870715e-01 5.220867e-01 5.482574e-01 4.485173e-01 4.444056e-01 3.928515e-01 3.927028e-01 3.627679e-01 1.270218e-04
<GCONST> 9.271471e+01
<MIXTURE> 10 7.369212e-02
<MEAN> 39
 -4.740013e+00 -1.239882e+01 3.229831e+00 -8.193413e+00 -1.893174e+01 -1.415986e+01 -9.853670e+00 5.820006e+00 -4.534431e+00 -3.773528e+00 2.376645e+00 -3.061379e-01 7.822526e-01 6.231870e-01 -7.089022e-01 -2.552404e+00 -2.125471e-01 1.679808e+00 5.301453e-02 -4.397743e-01 9.706038e-01 2.460364e+00 4.397763e-01 -1.451563e+00 -5.713620e-01 9.865448e-03 3.292968e-02 1.634901e-01 -1.686194e-01 -1.380736e-01 4.393918e-01 6.191046e-01 -1.351868e-01 -6.078601e-01 2.506377e-02 1.876311e-01 -2.091222e-01 -4.355895e-01 -2.973586e-03
<VARIANCE> 39
 7.710412e+00 2.072647e+01 3.577409e+01 3.406410e+01 3.379163e+01 3.920640e+01 5.597596e+01 4.511989e+01 5.444033e+01 4.231642e+01 3.027627e+01 2.595835e+01 1.087309e-02 3.572681e-01 8.109184e-01 1.450459e+00 1.004444e+00 1.464068e+00 1.870783e+00 2.507223e+00 2.246028e+00 1.821096e+00 2.233917e+00 1.591508e+00 1.649335e+00 2.806596e-04 4.499483e-02 9.767448e-02 2.104238e-01 1.803992e-01 2.191131e-01 2.818882e-01 2.596963e-01 3.499628e-01 3.154224e-01 3.112101e-01 2.594555e-01 1.966983e-01 3.343297e-05
<GCONST> 7.534743e+01
<MIXTURE> 11 6.476675e-02
<MEAN> 39
 -1.341933e+01 -3.567031e+00 4.100358e+00 -8.454039e+00 -1.170438e+01 1.371327e+00 5.199060e+00 -3.152564e+00 -7.313514e+00 1.220811e+00 -2.073860e+00 -2.537293e+00 1.690313e-01 -7.491875e-01 -1.087984e+00 -1.932246e+00 2.647890e-01 1.284352e+00 1.548425e-01 6.856815e-01 8.218688e-01 8.279716e-01 -3.178413e-01 2.766299e-01 4.509719e-01 -4.922598e-02 1.973245e-01 -3.182616e-02 -1.213526e-01 -3.058534e-02 -1.748249e-01 -6.588978e-01 -7.032759e-01 7.944424e-02 -5.277089e-02 -2.721485e-01 1.875124e-02 1.238290e-01 8.818005e-03
<VARIANCE> 39
 1.027916e+01 1.326586e+01 2.004995e+01 3.197352e+01 3.240467e+01 4.624831e+01 3.353106e+01 4.586093e+01 3.122632e+01 2.752329e+01 2.920427e+01 2.616656e+01 2.295197e-02 9.505666e-01 1.144313e+00 1.531035e+00 2.843007e+00 2.938288e+00 4.811282e+00 3.706310e+00 3.322692e+00 2.771944e+00 3.246985e+00 3.188673e+00 2.046298e+00 1.015472e-03 1.417056e-01 3.189497e-01 2.801348e-01 4.429716e-01 5.147802e-01 5.850251e-01 4.626825e-01 4.875431e-01 5.256487e-01 4.435398e-01 4.143035e-01 3.508559e-01 9.175279e-05
<GCONST> 9.066813e+01
<MIXTURE> 12 6.310271e-02
<MEAN> 39
 -1.058501e+01 -4.239584e+00 9.909626e+00 -2.322960e+01 -1.817456e+01 -6.392672e+00 -9.335449e+00 -1.124477e+01 -1.380717e+01 3.864090e+00 -1.380852e+01 -1.905543e+00 6.848465e-01 6.790861e-01 -7.878377e-02 -1.214918e+00 2.524315e+00 -1.480946e-01 -1.065980e+00 8.839732e-01 9.922120e-03 -5.137417e-01 -6.430064e-01 8.735130e-01 -4.847873e-01 -2.581193e-02 4.922069e-03 2.983557e-01 -8.866783e-01 1.075550e+00 5.560359e-01 -3.697598e-01 2.532988e-01 2.491856e-01 3.050364e-01 -5.978798e-01 6.400558e-01 -8.701102e-02 -1.337586e-02
<VARIANCE> 39
 8.393511e+00 1.793869e+01 2.938493e+01 3.750744e+01 2.896663e+01 4.390297e+01 3.867312e+01 3.669806e+01 4.337756e+01 3.682354e+01 3.297351e+01 3.154546e+01 1.170056e-02 7.043522e-01 1.391173e+00 1.414194e+00 2.297260e+00 1.872803e+00 2.700578e+00 2.071467e+00 2.753850e+00 2.380679e+00 1.982203e+00 1.841237e+00 1.523895e+00 4.391977e-04 2.269759e-01 2.185753e-01 2.859145e-01 3.596162e-01 4.338366e-01 5.228215e-01 4.898684e-01 5.065606e-01 4.357117e-01 4.286374e-01 3.377099e-01 2.901989e-01 1.530201e-04
<GCONST> 8.640932e+01
<MIXTURE> 13 5.592728e-02
<MEAN> 39
 -8.879508e+00 -1.893664e+00 7.634985e+00 -6.989815e+00 -2.133091e+01 -2.367108e+00 -1.956225e+00 -4.065782e+00 -1.023580e+01 -3.174029e+00 3.549015e+00 -6.139466e+00 5.130186e-01 7.418396e-02 1.133297e-01 -8.072261e-01 5.433099e-01 9.897974e-01 -1.502768e-01 6.380578e-01 2.156053e-01 2.517604e-02 4.505830e-02 -3.024423e-01 -6.471314e-03 -2.324732e-02 4.331607e-02 -1.996335e-01 -2.926065e-01 1.462053e-01 5.228325e-01 -4.250697e-01 -1.807973e-01 1.933649e-01 1.423075e-01 -7.934918e-02 -2.740831e-01 2.680684e-01 -1.252570e-03
<VARIANCE> 39
 7.841321e+00 1.816258e+01 2.820288e+01 4.725106e+01 3.782872e+01 7.153667e+01 5.349619e+01 5.132772e+01 3.618572e+01 3.581746e+01 2.309895e+01 3.064229e+01 2.727982e-02 4.420429e-01 9.696746e-01 1.213728e+00 1.792053e+00 2.396519e+00 3.606119e+00 2.093318e+00 2.706758e+00 2.280175e+00 1.970086e+00 1.495722e+00 1.604779e+00 5.016777e-04 8.644039e-02 1.464566e-01 2.516293e-01 4.322148e-01 3.142888e-01 4.911769e-01 3.491536e-01 4.000331e-01 3.634100e-01 2.833092e-01 2.320589e-01 2.259798e-01 6.521655e-05
<GCONST> 8.309698e+01
<MIXTURE> 14 7.222869e-02
<MEAN> 39
 -1.083863e+01 -3.456513e-02 7.262385e+00 -3.365106e+00 -1.367371e+01 -1.058375e+01 -2.888280e+00 -5.753142e+00 -1.210978e+01 -3.253312e+00 -9.671702e-01 -3.375147e+00 4.370702e-01 -2.099038e+00 1.138240e+00 -3.288932e+00 1.471768e+00 3.939600e+00 5.084594e-01 1.118771e+00 9.639761e-01 2.342260e+00 7.854907e-02 -4.879031e-01 1.034233e+00 -9.460296e-02 -5.695516e-01 -5.579870e-01 -4.138255e-01 -6.137086e-01 2.657619e-01 6.888186e-01 -3.245610e-01 4.064055e-01 5.620255e-01 1.600946e-01 -1.568549e-02 1.496657e-01 4.002001e-03
<VARIANCE> 39
 1.171265e+01 1.252458e+01 2.544552e+01 2.409082e+01 2.717865e+01 3.061376e+01 2.267237e+01 3.047450e+01 2.280796e+01 2.400352e+01 1.746720e+01 2.039832e+01 3.266774e-02 2.543261e+00 2.943440e+00 3.448436e+00 4.092237e+00 3.405225e+00 5.069556e+00 3.455177e+00 4.289083e+00 3.866148e+00 4.076279e+00 3.402148e+00 2.671438e+00 3.655746e-03 3.237731e-01 3.062539e-01 3.966209e-01 4.161884e-01 5.249444e-01 5.006087e-01 4.693923e-01 4.866610e-01 4.600212e-01 4.472705e-01 3.511262e-01 3.237121e-01 3.760535e-04
<GCONST> 9.609645e+01
<MIXTURE> 15 5.557845e-02
<MEAN> 39
 -6.231255e+00 -9.012674e+00 9.761393e+00 -1.571264e+00 -2.064507e+01 -9.108288e+00 -1.030697e+01 -6.211226e-01 -1.000932e+01 -1.212654e+01 6.161418e+00 -4.001966e+00 6.415064e-01 3.054059e-01 1.022619e+00 -2.482717e+00 1.145997e+00 3.511246e+00 -1.135853e+00 2.926555e-01 2.224550e-01 8.276348e-01 7.921416e-01 -1.437769e+00 4.350006e-01 -5.729341e-02 -3.854173e-01 5.996549e-01 -6.514350e-01 -2.857846e-01 9.798796e-01 4.471081e-01 1.906748e-01 -4.650363e-01 3.849246e-01 8.480936e-01 -6.469657e-01 5.902489e-02 -1.727077e-02
<VARIANCE> 39
 9.287383e+00 2.051134e+01 2.124882e+01 2.331197e+01 2.950191e+01 3.733499e+01 3.727342e+01 4.550563e+01 3.649210e+01 2.624898e+01 2.072509e+01 2.747023e+01 1.424938e-02 1.314125e+00 1.894781e+00 2.125832e+00 2.265251e+00 2.766088e+00 3.161909e+00 3.690438e+00 3.615133e+00 3.600283e+00 2.762230e+00 2.246426e+00 2.144928e+00 1.449136e-03 2.476221e-01 3.209249e-01 3.528010e-01 3.477391e-01 5.136249e-01 4.875174e-01 5.277798e-01 6.821165e-01 5.394191e-01 3.615800e-01 3.134907e-01 3.179368e-01 2.635965e-04
<GCONST> 9.188867e+01
<MIXTURE> 16 6.042802e-02
<MEAN> 39
 -6.793943e+00 -8.683719e+00 4.168285e+00 -9.756532e+00 -1.874093e+01 -1.497175e+01 -4.809232e+00 -9.902670e-01 -1.352208e+01 -1.939344e+00 -3.026182e+00 -1.585727e+00 7.044195e-01 1.218343e+00 -4.293441e-01 -3.133559e+00 1.876648e+00 2.906395e+00 -1.147142e+00 -1.572361e+00 1.425276e+00 1.536859e+00 -1.265519e+00 -4.772493e-01 1.770898e-01 -1.677245e-02 5.897600e-02 4.368560e-01 -4.436002e-01 -4.089740e-01 7.719528e-01 8.698698e-01 -5.425954e-01 -7.478516e-01 5.502500e-01 2.660272e-01 -2.664942e-01 -2.682698e-01 -5.582566e-03
<VARIANCE> 39
 9.211824e+00 2.417009e+01 4.453148e+01 6.009850e+01 3.539164e+01 5.063887e+01 4.601665e+01 5.506420e+01 5.281288e+01 4.834092e+01 5.676401e+01 3.203442e+01 1.346568e-02 6.799998e-01 1.589244e+00 1.923481e+00 2.677566e+00 2.456403e+00 3.394681e+00 3.439431e+00 3.816166e+00 4.127151e+00 2.801403e+00 2.388098e+00 2.152117e+00 7.069448e-04 1.401506e-01 2.469806e-01 4.126933e-01 4.657562e-01 5.051357e-01 5.504715e-01 5.701925e-01 6.026391e-01 4.899093e-01 4.893624e-01 4.391763e-01 3.416771e-01 1.040887e-04
<GCONST> 9.473309e+01
<TRANSP> 5
 0.000000e+00 1.000000e+00 0.000000e+00 0.000000e+00 0.000000e+00
 0.000000e+00 6.283295e-01 3.716705e-01 0.000000e+00 0.000000e+00
 0.000000e+00 0.000000e+00 7.599126e-01 2.400874e-01 0.000000e+00
 0.000000e+00 0.000000e+00 0.000000e+00 6.817199e-01 3.182801e-01
 0.000000e+00 0.000000e+00 0.000000e+00 0.000000e+00 0.000000e+00
<ENDHMM>
