~o
<STREAMINFO> 1 39
<VECSIZE> 39<NULLD><MFCC_E_D_A><DIAGC>
~h "m"
<BEGINHMM>
<NUMSTATES> 5
<STATE> 2
<NUMMIXES> 16
<MIXTURE> 1 7.144962e-02
<MEAN> 39
 -2.531468e+00 -4.350760e+00 -3.467195e+00 -1.341555e+00 -8.946523e+00 -8.188228e+00 -5.083068e+00 -8.036432e+00 -1.235842e+01 -8.042008e-01 1.204054e+00 -8.410151e+00 5.109175e-01 -2.847336e-01 1.801868e+00 -2.941289e-01 1.237001e+00 1.087813e+00 -8.152264e-02 1.743549e+00 -2.646782e+00 -2.653638e+00 1.416097e+00 4.072627e-01 -1.278782e+00 -3.534034e-02 -2.480179e-01 -4.252494e-01 6.409454e-01 -5.247878e-01 -6.598490e-01 8.820347e-02 -2.735376e-01 7.849631e-01 3.621668e-01 -3.065450e-01 -2.016112e-01 4.895680e-01 1.099381e-02
<VARIANCE> 39
 4.557595e+00 1.754068e+01 2.153019e+01 3.465029e+01 2.695238e+01 3.094280e+01 3.219662e+01 4.489384e+01 4.998521e+01 3.994593e+01 3.755027e+01 3.324609e+01 1.422900e-02 3.116975e-01 1.048197e+00 1.509852e+00 1.982114e+00 2.247731e+00 2.336958e+00 3.351857e+00 3.467017e+00 3.504651e+00 3.116637e+00 2.592549e+00 2.177425e+00 3.824923e-04 6.094781e-02 2.000504e-01 2.429778e-01 3.061393e-01 3.615107e-01 3.557003e-01 4.101352e-01 4.132634e-01 5.230080e-01 3.543659e-01 3.238515e-01 2.981438e-01 6.754253e-05
<GCONST> 8.303653e+01
<MIXTURE> 2 6.462737e-02
<MEAN> 39
 -9.162433e+00 2.159822e+00 -1.578146e+00 -1.707303e+00 -2.758963e+00 -6.304520e+00 -3.056898e+00 -8.864406e+00 -9.420800e+00 -3.854459e-01 -4.259370e+00 -4.562549e+00 2.334211e-01 1.603299e+00 9.224812e-01 7.011974e-01 4.730726e-01 -4.263775e-01 -1.096751e+00 -1.435379e-01 -1.688610e+00 -1.936230e+00 -2.267251e-01 -1.555620e-01 -7.736605e-01 4.068038e-02 8.806893e-02 -9.316238e-01 -3.051425e-01 -5.858592e-01 -4.755703e-01 4.131103e-02 -4.286176e-01 5.773652e-01 4.678282e-01 -8.591131e-02 2.516895e-01 6.226639e-02 2.500370e-02
<VARIANCE> 39
 1.303568e+01 1.441993e+01 2.173824e+01 4.140568e+01 2.822054e+01 3.615417e+01 4.173611e+01 4.036385e+01 3.554173e+01 3.540464e+01 3.372549e+01 2.441712e+01 2.121437e-02 6.826186e+00 2.467731e+00 2.852422e+00 4.594888e+00 4.368340e+00 4.999298e+00 6.050533e+00 4.825233e+00 4.414236e+00 4.416949e+00 4.227203e+00 3.145807e+00 7.757938e-03 3.356359e-01 4.692746e-01 6.147654e-01 8.610634e-01 6.506490e-01 7.799617e-01 8.531578e-01 7.093566e-01 7.441458e-01 6.414163e-01 5.309660e-01 3.810055e-01 4.844955e-04
<GCONST> 1.069900e+02
<MIXTURE> 3 8.370852e-02
<MEAN> 39
 -3.783669e+00 -4.255482e+00 -4.351592e+00 -4.270817e+00 -5.175596e+00 -3.496847e+00 -8.098666e+00 -9.601934e+00 -1.173576e+01 -6.863590e+00 9.283170e-01 -2.703420e+00 5.044617e-01 -6.615345e-01 4.809304e-01 1.215285e+00 1.184313e+00 4.543134e-01 -2.603204e-01 5.300932e-02 -6.997493e-01 -1.589700e+00 -4.475947e-01 2.719519e-01 -2.805105e-02 -2.463208e-02 3.210131e-01 -3.814690e-01 -6.152281e-01 -5.916951e-01 -3.595031e-01 6.472676e-02 -8.726519e-02 5.616211e-01 9.455850e-01 4.753086e-01 -1.730755e-01 -1.353909e-01 1.694875e-02
<VARIANCE> 39
 6.121902e+00 2.128356e+01 3.703000e+01 4.733765e+01 4.644077e+01 5.931074e+01 7.156602e+01 5.542097e+01 7.042552e+01 5.194077e+01 4.973822e+01 5.102332e+01 1.402721e-02 2.039458e-01 6.303212e-01 8.981628e-01 1.078490e+00 1.301434e+00 1.394758e+00 1.752092e+00 1.904858e+00 2.275636e+00 1.977104e+00 2.607569e+00 1.665192e+00 3.080154e-04 5.103666e-02 2.357004e-01 2.395939e-01 3.666500e-01 3.345809e-01 4.043626e-01 5.674106e-01 3.818059e-01 6.816626e-01 4.260736e-01 5.321066e-01 4.263336e-01 8.896791e-05
<GCONST> 8.417517e+01
<MIXTURE> 4 4.737368e-02
<MEAN> 39
 -4.363858e+00 6.331049e-01 -4.946172e+00 -1.309986e+00 -5.093858e+00 -7.010314e+00 -4.392365e+00 -7.641358e+00 -8.513025e+00 -3.448749e+00 -4.193857e-01 -3.664057e+00 3.856151e-01 2.060937e+00 6.314126e-03 -2.548068e-01 1.046818e+00 -5.966340e-01 -8.719110e-01 -3.805224e-01 -1.440407e+00 -1.577147e+00 -7.540433e-01 1.216568e+00 -6.168417e-01 4.781071e-02 -7.107699e-01 -5.834686e-01 1.653354e-01 -4.285412e-01 -8.649489e-02 1.260309e-01 -8.478941e-02 2.936563e-01 2.658663e-01 2.378182e-01 -5.738546e-02 9.157881e-03 6.371516e-03
<VARIANCE> 39
 8.345955e+00 1.537775e+01 1.725649e+01 2.915505e+01 2.478012e+01 2.919228e+01 3.539788e+01 4.208914e+01 4.283987e+01 3.074400e+01 2.582988e+01 2.238247e+01 1.662006e-02 2.791180e+00 2.022578e+00 2.095775e+00 3.310609e+00 3.496503e+00 3.187661e+00 4.269891e+00 5.532887e+00 5.038893e+00 3.005482e+00 3.022792e+00 2.585271e+00 1.736429e-03 4.085675e-01 2.840656e-01 3.204588e-01 5.016869e-01 4.473920e-01 5.290956e-01 5.497528e-01 5.055473e-01 6.314721e-01 4.079474e-01 3.563586e-01 3.440594e-01 2.922362e-04
<GCONST> 9.545213e+01
<MIXTURE> 5 7.645357e-02
<MEAN> 39
 -2.265238e+00 -5.784572e+00 -8.510570e+00 -1.157918e+01 -8.429045e+00 -3.906064e+00 -4.523429e+00 -7.161538e+00 -9.444915e+00 -1.232484e+00 -3.049629e+00 -6.459674e+00 5.993923e-01 -1.161940e+00 1.296400e+00 2.733460e+00 2.971654e+00 2.136064e-02 -1.303373e+00 1.747586e-01 -2.759922e+00 -2.371867e+00 9.098005e-01 -5.477374e-01 -1.945272e-01 -6.084602e-02 -1.519372e-01 -1.403364e-01 7.452842e-02 1.907945e-01 3.221428e-01 6.019114e-03 -4.428874e-01 3.483255e-02 2.034277e-01 -1.798552e-01 -1.086982e-01 1.389827e-01 3.392478e-03
<VARIANCE> 39
 5.994480e+00 2.051517e+01 2.480587e+01 4.705194e+01 4.181734e+01 5.350950e+01 5.773826e+01 4.621180e+01 4.998557e+01 3.643671e+01 5.132526e+01 3.220240e+01 1.518830e-02 3.380429e-01 1.520470e+00 1.538584e+00 3.000502e+00 2.931505e+00 3.433147e+00 4.310342e+00 3.577211e+00 4.679755e+00 3.414148e+00 3.401238e+00 3.244840e+00 4.788862e-04 4.229559e-02 1.166309e-01 1.837112e-01 3.054497e-01 2.591422e-01 3.322221e-01 3.495021e-01 4.765509e-01 3.967315e-01 3.011116e-01 3.450487e-01 2.732572e-01 3.422441e-05
<GCONST> 8.611549e+01
<MIXTURE> 6 6.331377e-02
<MEAN> 39
 -7.072759e-01 -5.802264e+00 -1.054328e+01 -6.452243e+00 -3.861019e+00 -5.805079e+00 -1.015029e+01 -5.079991e+00 -5.120831e+00 -6.438288e+00 9.269121e-01 -1.373144e+00 5.753172e-01 -1.145146e+00 2.302189e+00 1.772493e+00 1.539981e+00 1.244305e+00 -7.331605e-01 6.432894e-01 -1.534630e+00 -3.239774e+00 -1.036235e+00 8.856096e-01 6.911194e-03 -6.280834e-02 -1.097490e-01 -3.914083e-01 2.809921e-01 1.121829e-01 -3.948551e-01 -1.322346e-01 -9.108758e-02 3.483798e-01 1.812121e-01 2.406867e-01 -3.203104e-01 -2.720909e-01 7.708524e-03
<VARIANCE> 39
 6.179624e+00 1.949344e+01 3.024697e+01 3.491032e+01 3.617669e+01 4.873812e+01 5.178440e+01 3.832277e+01 5.007253e+01 4.697964e+01 3.686042e+01 3.574575e+01 1.404772e-02 4.990588e-01 1.230818e+00 2.534097e+00 2.545678e+00 2.851264e+00 2.960951e+00 4.238983e+00 3.049520e+00 4.394599e+00 3.213481e+00 3.743026e+00 3.193704e+00 4.863615e-04 6.126221e-02 1.506892e-01 2.245465e-01 2.504127e-01 3.122099e-01 3.018059e-01 4.137145e-01 3.557414e-01 4.066662e-01 3.923305e-01 4.489297e-01 3.230094e-01 6.261309e-05
<GCONST> 8.746336e+01
<MIXTURE> 7 4.322554e-02
<MEAN> 39
 -1.693655e+01 -3.465409e+00 -6.665368e+00 -4.228131e+00 -2.431052e+00 -2.919726e+00 -6.069196e-01 -1.735145e+00 -3.524323e+00 1.329191e+00 -4.996538e-01 -1.491419e+00 -2.460009e-03 1.303467e+00 8.083792e-01 -1.356231e-01 7.963873e-01 5.301316e-01 -3.705375e-01 2.073981e-01 -9.121326e-01 -1.260770e+00 -2.932148e-01 2.819035e-01 -2.932012e-01 -8.180838e-03 7.950670e-01 -5.768867e-02 3.355658e-01 -1.894491e-01 -4.225693e-01 -3.435080e-01 -6.896243e-01 -3.189072e-01 -3.040730e-01 -3.985952e-01 -1.060557e-01 -2.496410e-01 5.380201e-02
<VARIANCE> 39
 1.010385e+01 1.194221e+01 1.786391e+01 2.511772e+01 2.152529e+01 2.418353e+01 2.389095e+01 2.017024e+01 2.917416e+01 2.293017e+01 1.780899e+01 1.806274e+01 1.933748e-02 4.718840e+00 2.654045e+00 3.467645e+00 3.572499e+00 2.783459e+00 4.032400e+00 3.989650e+00 3.734299e+00 4.427969e+00 3.341858e+00 2.940437e+00 2.484749e+00 5.546494e-03 5.897272e-01 4.918109e-01 6.035656e-01 7.586294e-01 8.052517e-01 9.641565e-01 7.073412e-01 7.096284e-01 1.026692e+00 6.306286e-01 7.782807e-01 4.808090e-01 5.607369e-04
<GCONST> 1.011299e+02
<MIXTURE> 8 3.419852e-02
<MEAN> 39
 -4.629245e+00 6.845642e-02 -4.573403e+00 -5.526381e+00 -1.154661e+01 -1.304428e+01 -1.076440e+01 -1.248653e+01 -1.296024e+01 -4.506195e+00 -1.191075e+01 -8.006852e+00 4.393056e-01 2.878245e+00 -5.606745e-01 -4.712480e-01 -4.333952e-01 -2.192919e+00 -2.119308e+00 -1.961111e+00 -1.779501e+00 -1.233211e+00 2.709448e-02 -1.722311e+00 -1.426746e+00 8.063877e-02 -1.128832e+00 -5.873799e-01 -2.209041e-01 -2.547160e-01 6.684798e-01 7.721278e-01 8.167343e-01 1.174009e+00 9.299690e-01 4.744842e-01 9.184415e-01 6.278493e-01 -4.774712e-03
<VARIANCE> 39
 8.169437e+00 1.973268e+01 1.567603e+01 2.472219e+01 3.826369e+01 3.576244e+01 4.019592e+01 4.381813e+01 3.268179e+01 4.181920e+01 2.614793e+01 2.756486e+01 1.471044e-02 2.125730e+00 2.591041e+00 1.795463e+00 2.926906e+00 4.004446e+00 4.444507e+00 5.218490e+00 5.653866e+00 4.261043e+00 4.257750e+00 4.030765e+00 3.088243e+00 2.367183e-03 2.328454e-01 3.583201e-01 3.988530e-01 5.313891e-01 6.628647e-01 6.764907e-01 6.321341e-01 8.170986e-01 6.250495e-01 6.920574e-01 4.914903e-01 4.788781e-01 4.526121e-04
<GCONST> 1.005161e+02
<MIXTURE> 9 5.654021e-02
<MEAN> 39
 -3.064314e+00 -4.845047e+00 -3.883506e+00 -2.810461e+00 -6.402077e+00 -6.035934e+00 -6.732504e+00 -6.358168e+00 -1.435452e+01 -2.412967e+00 4.288824e+00 -8.198146e+00 5.016816e-01 -1.004582e+00 1.633567e+00 1.812608e+00 2.415514e+00 4.746698e-01 -1.404662e+00 1.302708e+00 -1.164604e+00 -3.860861e+00 1.071960e-01 6.158450e-01 -1.002740e+00 -5.223782e-02 1.019500e-01 -5.416570e-01 -2.226194e-01 -5.447928e-01 -2.189560e-01 2.644021e-01 -4.491904e-01 4.153530e-01 1.249398e+00 5.292541e-02 -6.762722e-01 2.672099e-01 1.629004e-02
<VARIANCE> 39
 5.189359e+00 1.862843e+01 2.971267e+01 3.901817e+01 3.145395e+01 4.649249e+01 5.513460e+01 4.701266e+01 5.116503e+01 4.679377e+01 3.286384e+01 3.659360e+01 1.389032e-02 3.110595e-01 9.920979e-01 1.330956e+00 2.189795e+00 1.877024e+00 2.413792e+00 3.402411e+00 3.098109e+00 3.073744e+00 2.920171e+00 3.313239e+00 2.590906e+00 5.525961e-04 4.627148e-02 1.409461e-01 1.733091e-01 2.552972e-01 3.110835e-01 3.304593e-01 4.524627e-01 3.834439e-01 4.187694e-01 3.935537e-01 4.021919e-01 3.496583e-01 5.504394e-05
<GCONST> 8.390318e+01
<MIXTURE> 10 7.599600e-02
<MEAN> 39
 -4.553822e+00 -5.141366e+00 -5.095540e+00 -7.515094e+00 -9.449147e+00 -1.490698e+01 -1.215140e+01 -1.082246e+01 -1.255274e+01 1.370248e+00 -1.089057e+01 -9.595241e+00 5.507515e-01 -4.728544e-01 1.767221e+00 9.920384e-01 1.713618e+00 -4.523366e-01 -9.322249e-01 -2.471632e-01 -2.602791e+00 -8.420933e-01 1.160486e+00 -5.704172e-01 -9.605557e-01 -3.496481e-02 -8.555198e-02 -4.517736e-01 -4.721981e-02 -6.037341e-01 -9.925366e-02 3.882505e-01 4.631631e-01 7.830356e-01 3.111916e-01 -7.206454e-01 1.459860e-01 6.681789e-01 1.166119e-02
<VARIANCE> 39
 5.574265e+00 2.120496e+01 2.206437e+01 3.838454e+01 4.053638e+01 5.351006e+01 4.482131e+01 6.190453e+01 5.271805e+01 4.701779e+01 3.853050e+01 4.124152e+01 1.291779e-02 4.365856e-01 1.609457e+00 2.072545e+00 2.016299e+00 2.452145e+00 3.617370e+00 3.204338e+00 5.500177e+00 3.689475e+00 3.656721e+00 3.656241e+00 3.672826e+00 5.929695e-04 9.579942e-02 2.391485e-01 3.538434e-01 3.682720e-01 4.242530e-01 6.548516e-01 4.922425e-01 7.158178e-01 5.791988e-01 6.171274e-01 4.613647e-01 4.996184e-01 7.850406e-05
<GCONST> 9.345052e+01
<MIXTURE> 11 1.072751e-01
<MEAN> 39
 -2.157166e+00 -1.004480e+01 -4.281418e+00 -6.901008e+00 -1.044516e+01 -9.296823e+00 -1.091297e+01 -5.911446e-01 -5.665602e+00 -4.962254e+00 -4.035761e+00 -5.297130e+00 6.098535e-01 3.846804e-01 2.165515e+00 -1.359564e+00 1.933296e+00 2.003275e+00 -2.983380e-01 4.253810e-02 -3.341630e+00 -1.219504e+00 1.444817e+00 2.413921e-01 -1.558150e+00 -4.925239e-02 -4.171609e-01 3.680510e-01 5.523127e-01 -2.059107e-01 -3.497844e-01 1.269041e-01 5.745440e-01 -4.127895e-01 -7.174186e-01 3.603218e-01 1.009302e-01 -1.700788e-02 -4.397346e-04
<VARIANCE> 39
 5.339818e+00 2.380783e+01 3.163429e+01 3.762653e+01 3.196289e+01 3.464323e+01 3.790981e+01 5.372995e+01 5.992116e+01 3.956934e+01 5.478926e+01 3.328865e+01 1.452792e-02 5.039632e-01 1.579655e+00 2.839906e+00 3.059861e+00 3.785776e+00 3.683430e+00 4.836154e+00 4.169343e+00 4.699508e+00 3.833255e+00 3.987872e+00 3.129304e+00 4.671545e-04 5.874422e-02 1.619418e-01 2.378131e-01 3.072492e-01 3.579257e-01 4.057167e-01 4.123621e-01 5.892892e-01 5.220446e-01 4.589057e-01 3.762860e-01 3.845870e-01 5.029304e-05
<GCONST> 9.072557e+01
<MIXTURE> 12 9.828693e-02
<MEAN> 39
 -2.012405e-01 -9.708561e+00 -1.212285e+01 -1.214606e+01 -6.818017e+00 -1.118780e+00 -8.085715e+00 -4.200723e+00 -2.813887e+00 -2.940054e+00 -1.283929e-01 -5.322464e+00 6.682722e-01 -7.601980e-01 2.429579e+00 1.903857e+00 2.132251e+00 9.822284e-02 -1.302045e+00 1.094387e+00 -2.216088e+00 -3.524297e+00 5.109780e-01 1.069239e+00 -3.184626e-02 -7.517871e-02 -5.673947e-01 1.425687e-01 7.387474e-01 6.886071e-01 1.718237e-01 -4.811724e-01 -6.744526e-02 -7.878073e-02 -4.136195e-01 -3.723906e-02 -3.564985e-01 -3.280521e-03 -1.065829e-02
<VARIANCE> 39
 6.378309e+00 2.174714e+01 2.939090e+01 3.983090e+01 3.150294e+01 5.336536e+01 5.822958e+01 4.127037e+01 6.167540e+01 4.893713e+01 4.910283e+01 3.720350e+01 1.667634e-02 6.906157e-01 1.866874e+00 2.805874e+00 3.702907e+00 3.471554e+00 4.195999e+00 3.762481e+00 4.343775e+00 4.879614e+00 4.139427e+00 4.532388e+00 3.142976e+00 9.485952e-04 1.161431e-01 1.855773e-01 2.296986e-01 3.534737e-01 3.449826e-01 3.787706e-01 5.594927e-01 5.717928e-01 6.108161e-01 4.544985e-01 4.914910e-01 3.922602e-01 1.108132e-04
<GCONST> 9.552643e+01
<MIXTURE> 13 6.666660e-02
<MEAN> 39
 -5.368373e+00 -4.947667e+00 -1.586285e+00 -3.020514e+00 -4.640896e+00 -8.242576e+00 -8.027365e+00 -1.322647e+01 -1.512790e+01 1.932699e+00 -1.666841e+00 -6.544678e+00 4.845487e-01 -8.371092e-01 7.679828e-01 1.746987e+00 2.050348e+00 4.150980e-01 -1.000309e+00 -5.387335e-01 -1.816100e+00 -1.478155e+00 7.646221e-01 -1.069777e-01 -7.701796e-02 -3.243368e-02 3.805787e-01 -4.472771e-01 -8.895119e-01 -1.078689e+00 -2.493150e-01 5.706059e-01 2.153333e-03 1.139691e+00 1.171381e+00 -5.360582e-01 -1.983188e-01 1.450191e-01 2.030118e-02
<VARIANCE> 39
 6.715060e+00 2.198537e+01 3.019247e+01 5.181333e+01 3.897825e+01 7.619420e+01 6.476681e+01 5.560362e+01 6.166575e+01 4.610616e+01 5.351785e+01 3.997193e+01 1.361530e-02 1.991321e-01 7.721367e-01 8.763937e-01 1.712053e+00 1.311593e+00 2.115047e+00 2.051485e+00 2.276328e+00 2.769813e+00 1.715280e+00 2.229505e+00 1.768999e+00 3.825485e-04 6.732147e-02 2.389949e-01 2.752745e-01 4.640509e-01 3.267610e-01 4.887493e-01 6.361969e-01 6.692199e-01 6.546450e-01 4.338687e-01 5.798186e-01 4.342434e-01 1.226125e-04
<GCONST> 8.717354e+01
<MIXTURE> 14 4.306183e-02
<MEAN> 39
 -4.585261e+00 -4.526294e+00 -2.938165e+00 -7.779493e+00 -4.349800e+00 -4.425800e+00 -6.080945e+00 -9.690867e+00 -1.283409e+01 -2.374607e+00 -2.699142e+00 -3.917367e+00 4.933654e-01 -1.633823e+00 1.054426e+00 3.113701e+00 3.273725e+00 1.107103e+00 -1.350059e+00 -6.363109e-01 -2.372932e+00 -2.631675e+00 3.308371e-01 -5.458619e-01 -1.335992e-01 -6.712216e-02 2.258204e-01 -3.354079e-01 -7.451716e-01 -4.776133e-01 -3.967372e-02 3.307494e-01 -1.118441e-01 4.393624e-01 7.434551e-01 -4.948098e-02 1.260534e-02 -2.410173e-02 1.701625e-02
<VARIANCE> 39
 6.113058e+00 2.677453e+01 3.119195e+01 5.286957e+01 4.173936e+01 6.427432e+01 6.820192e+01 5.105147e+01 6.236649e+01 4.755199e+01 4.573314e+01 3.754234e+01 1.766714e-02 3.072628e-01 1.491180e+00 1.386115e+00 2.672493e+00 2.603091e+00 3.599437e+00 4.516612e+00 3.864203e+00 4.275176e+00 3.596366e+00 4.333418e+00 2.861675e+00 5.817605e-04 7.725914e-02 2.159816e-01 2.347960e-01 4.649606e-01 3.543027e-01 4.194702e-01 4.779009e-01 4.826662e-01 6.476977e-01 4.548859e-01 5.333307e-01 3.509842e-01 9.966071e-05
<GCONST> 9.327462e+01
<MIXTURE> 15 3.721365e-02
<MEAN> 39
 -3.332617e+00 -2.541662e+00 -2.293065e-01 -7.703168e-01 -6.880645e+00 -7.914097e+00 -4.559681e+00 -7.781249e+00 -1.469590e+01 1.008723e+00 -1.175391e-01 -8.219013e+00 4.007656e-01 1.709164e+00 -1.422056e+00 4.997476e-01 -1.672887e-01 -1.227085e+00 -6.277272e-01 -9.118083e-01 -7.662358e-01 -1.792518e+00 4.409179e-02 6.901982e-01 -1.010501e+00 7.160493e-02 -9.421582e-01 -3.947843e-01 -4.020571e-01 -7.067765e-01 1.919795e-01 5.447702e-01 4.525049e-03 6.115311e-01 1.203908e+00 -2.127704e-01 -1.723132e-01 5.809214e-01 -8.203966e-03
<VARIANCE> 39
 4.737500e+00 1.925537e+01 1.687717e+01 3.994529e+01 2.620173e+01 3.735274e+01 3.674206e+01 4.058598e+01 3.824046e+01 3.206012e+01 3.421971e+01 2.555688e+01 1.483375e-02 1.595788e+00 1.176289e+00 1.548802e+00 1.850149e+00 2.068868e+00 2.686940e+00 2.757397e+00 2.683635e+00 3.461726e+00 2.664293e+00 2.339902e+00 1.908220e+00 1.210951e-03 2.150858e-01 2.847463e-01 3.066895e-01 6.200131e-01 4.403428e-01 4.571576e-01 5.326995e-01 5.870537e-01 7.311072e-01 4.382925e-01 4.628134e-01 3.732638e-01 2.457301e-04
<GCONST> 9.054948e+01
<MIXTURE> 16 3.058867e-02
<MEAN> 39
 -1.605537e+01 -3.096960e+00 -4.599011e+00 -4.047796e+00 -1.571479e+00 -1.816272e+00 -8.202274e-01 -3.181845e+00 -5.794626e+00 -7.167739e-01 -2.615022e+00 -2.669317e+00 1.128532e-01 4.076356e+00 8.346241e-01 4.091161e-01 8.406120e-01 -1.735082e+00 -1.752621e+00 -1.588512e+00 -3.057515e+00 -2.955509e+00 -8.211449e-01 -1.260175e+00 -1.829769e+00 4.175204e-02 3.587680e-01 1.976942e-02 -1.592385e-01 -3.133216e-01 -6.144924e-01 -6.764679e-01 -5.665272e-01 -2.433514e-01 -1.120272e-01 -1.619493e-01 -5.641313e-02 -2.594370e-01 4.742350e-02
<VARIANCE> 39
 1.115259e+01 1.682362e+01 2.153790e+01 3.211220e+01 2.884502e+01 2.504488e+01 2.818057e+01 2.467857e+01 3.060801e+01 3.201120e+01 2.747753e+01 2.715829e+01 2.500245e-02 1.855299e+00 2.502399e+00 2.368672e+00 4.395865e+00 4.094282e+00 4.329830e+00 5.047589e+00 4.334414e+00 4.027481e+00 3.718791e+00 5.377105e+00 2.966318e+00 6.053771e-03 4.183514e-01 4.838375e-01 6.236439e-01 6.507306e-01 9.189777e-01 7.910146e-01 5.869841e-01 6.896913e-01 7.942124e-01 7.628456e-01 7.522042e-01 6.004566e-01 4.916597e-04
<GCONST> 1.039632e+02
<STATE> 3
<NUMMIXES> 16
<MIXTURE> 1 5.433010e-02
<MEAN> 39
 -4.857155e+00 -4.642151e+00 -1.941206e+00 -2.838527e+00 -6.303844e+00 -2.366895e+00 -4.217875e+00 -1.348265e+01 -1.650473e+01 -2.673754e+00 -1.039342e-02 -5.166332e+00 4.997882e-01 2.709411e-01 -1.928118e-01 -9.436045e-01 -1.505755e+00 -4.587596e-01 3.643480e-01 2.574419e-01 9.950840e-01 1.208116e+00 -2.159625e-01 -3.417689e-01 8.376610e-02 2.503080e-02 4.839736e-01 -3.543856e-01 -1.064842e+00 -1.401838e+00 -4.356955e-01 2.955056e-01 -1.719362e-01 1.158485e+00 1.569213e+00 2.392218e-03 2.752150e-02 1.123858e-01 2.409948e-02
<VARIANCE> 39
 6.379107e+00 2.035928e+01 3.067988e+01 4.879070e+01 3.857327e+01 5.483332e+01 6.799564e+01 5.216786e+01 6.102045e+01 6.042400e+01 5.455741e+01 3.450982e+01 1.145650e-02 2.139778e-01 5.056741e-01 7.212774e-01 1.812335e+00 1.342035e+00 1.676276e+00 2.028710e+00 1.497139e+00 2.139680e+00 1.662657e+00 1.810916e+00 1.386226e+00 3.703731e-04 6.903393e-02 2.044125e-01 2.445190e-01 3.864290e-01 3.760838e-01 5.837738e-01 7.184515e-01 5.488685e-01 7.995951e-01 6.624863e-01 7.381555e-01 4.789046e-01 1.126448e-04
<GCONST> 8.539061e+01
<MIXTURE> 2 6.643156e-02
<MEAN> 39
 -2.987279e+00 -3.971794e+00 -3.268148e+00 -6.863440e-01 -8.800159e+00 -6.234060e+00 -5.419302e+00 -7.954126e+00 -1.413048e+01 -1.731532e+00 3.285874e+00 -8.335487e+00 4.705876e-01 -4.155577e-01 1.453946e+00 2.781382e-01 3.958060e-01 4.621384e-01 -1.376263e-01 9.203321e-01 -3.474569e-01 -2.209516e-01 3.322695e-01 -1.111895e+00 5.268423e-01 -3.119289e-02 -4.575503e-01 -8.080440e-02 -5.424022e-02 -6.394256e-01 3.158854e-01 3.381179e-01 -1.032005e-01 5.375137e-01 1.017219e+00 -1.832637e-01 -5.076102e-01 5.247029e-01 -3.180574e-03
<VARIANCE> 39
 4.169808e+00 1.645997e+01 2.519167e+01 3.922978e+01 4.547371e+01 4.121267e+01 5.146738e+01 5.148918e+01 5.775899e+01 4.240705e+01 2.906702e+01 3.750648e+01 1.214442e-02 4.668038e-01 1.265154e+00 1.283571e+00 1.734155e+00 2.402388e+00 1.849020e+00 2.678967e+00 2.827066e+00 3.514546e+00 2.329753e+00 2.545160e+00 2.250211e+00 5.188846e-04 1.820553e-01 2.164245e-01 3.845071e-01 4.802112e-01 5.418565e-01 5.001907e-01 6.178867e-01 6.467142e-01 7.205968e-01 5.471743e-01 3.895400e-01 4.374232e-01 1.355910e-04
<GCONST> 8.992808e+01
<MIXTURE> 3 6.359119e-02
<MEAN> 39
 -3.355639e+00 -4.414788e+00 -1.033070e+00 6.197926e-01 -8.034314e+00 -8.534027e+00 -5.039166e+00 -8.457096e+00 -1.447010e+01 6.413810e-01 3.046885e+00 -1.047217e+01 4.989233e-01 -6.734464e-02 -2.004181e-01 6.693660e-02 -8.099760e-02 2.105153e-01 1.747609e-01 -3.305673e-01 3.245149e-04 4.023800e-02 -8.197959e-02 9.505296e-02 1.278532e-01 4.754667e-03 8.515125e-02 -3.331553e-01 -3.061659e-01 -6.574093e-01 -1.328906e-01 3.555254e-01 -4.155602e-01 4.660462e-01 9.560279e-01 -3.820840e-01 -2.257795e-01 4.899916e-01 1.107815e-02
<VARIANCE> 39
 5.706933e+00 1.600093e+01 2.373295e+01 3.170016e+01 2.230294e+01 3.333046e+01 3.302748e+01 4.265618e+01 4.362746e+01 3.969112e+01 2.905581e+01 3.185434e+01 1.275750e-02 1.048058e-01 3.938438e-01 4.128155e-01 5.448197e-01 5.490903e-01 8.159494e-01 5.816651e-01 7.948467e-01 1.024778e+00 7.740635e-01 8.169336e-01 7.959303e-01 1.504175e-04 5.611132e-02 9.845164e-02 2.297084e-01 1.894047e-01 2.052945e-01 1.943102e-01 2.880517e-01 2.493573e-01 3.173436e-01 2.586967e-01 2.481831e-01 2.223870e-01 4.630781e-05
<GCONST> 6.131846e+01
<MIXTURE> 4 6.419367e-02
<MEAN> 39
 -4.688794e+00 -3.834280e+00 -3.342019e+00 -4.186327e+00 -1.049749e+01 -1.400354e+01 -9.643959e+00 -1.359285e+01 -1.203022e+01 2.612182e+00 -9.976289e+00 -8.574615e+00 5.293198e-01 2.835226e-01 -1.769593e+00 -1.004928e+00 -1.875138e+00 2.397045e-01 9.241669e-01 -4.022291e-02 2.501241e+00 1.147376e+00 -1.270269e+00 8.800753e-01 4.552125e-01 4.602306e-02 -1.948681e-01 -6.162858e-01 -2.897665e-01 -1.021546e+00 1.593951e-01 7.400877e-01 3.219185e-01 1.228937e+00 5.575182e-01 -8.049293e-01 2.455732e-01 5.747354e-01 1.029653e-02
<VARIANCE> 39
 6.572066e+00 1.913558e+01 2.324575e+01 4.958515e+01 4.504243e+01 6.201532e+01 5.475192e+01 5.797045e+01 4.759626e+01 4.910699e+01 6.648933e+01 4.515396e+01 1.277989e-02 4.655967e-01 1.275051e+00 1.947847e+00 2.544264e+00 2.268966e+00 3.509007e+00 2.978750e+00 4.036304e+00 3.351670e+00 3.276989e+00 2.878417e+00 2.747071e+00 6.416718e-04 2.088933e-01 2.366218e-01 4.504893e-01 4.500200e-01 4.954536e-01 6.365043e-01 6.618558e-01 8.832780e-01 6.899743e-01 6.723569e-01 7.420001e-01 6.851786e-01 1.826815e-04
<GCONST> 9.737019e+01
<MIXTURE> 5 3.771830e-02
<MEAN> 39
 -3.908590e+00 -1.034337e+00 -3.142710e+00 -4.279770e+00 -1.024376e+01 -8.525035e+00 -7.644018e-01 -1.380569e+01 -1.265345e+01 7.309977e-01 -5.696735e+00 -5.954160e+00 5.141038e-01 1.408274e-01 -4.037147e-01 -2.804543e-01 -9.892303e-02 1.318291e-01 9.204851e-02 -8.315663e-01 6.783574e-01 4.537878e-01 -2.198047e-01 2.911623e-01 5.405291e-02 1.052989e-02 7.748649e-02 -5.158374e-01 -2.384562e-01 -5.351460e-01 5.262399e-02 6.665991e-02 -6.867158e-01 8.798975e-01 6.557670e-01 -2.874857e-01 2.811286e-01 1.508619e-01 1.065507e-02
<VARIANCE> 39
 8.947888e+00 1.732475e+01 2.293440e+01 4.003418e+01 3.087787e+01 5.120774e+01 6.161533e+01 5.328041e+01 4.525220e+01 4.561411e+01 3.762312e+01 3.918793e+01 1.638533e-02 2.199336e-01 7.403978e-01 6.625977e-01 1.061737e+00 1.271136e+00 1.389505e+00 1.719195e+00 1.927522e+00 1.675029e+00 1.196188e+00 1.502766e+00 1.135668e+00 2.348301e-04 6.549495e-02 1.507363e-01 2.512711e-01 2.759830e-01 3.115599e-01 3.551440e-01 4.465767e-01 4.656377e-01 4.412180e-01 4.134865e-01 3.671437e-01 3.960347e-01 4.348025e-05
<GCONST> 7.756440e+01
<MIXTURE> 6 6.358173e-02
<MEAN> 39
 -2.622552e+00 -3.288293e+00 -4.803308e+00 6.014414e-01 -7.737473e+00 -8.618896e+00 -5.312421e+00 -7.957678e+00 -1.235514e+01 -4.278043e+00 4.776491e+00 -7.912481e+00 4.930514e-01 -1.213869e-01 -6.192116e-02 1.865965e-01 6.738892e-02 -3.300250e-02 -1.352669e-02 1.167230e-01 -2.944917e-01 -3.334448e-01 2.250792e-01 1.971781e-01 -3.035228e-01 2.518370e-03 6.081814e-02 -7.749550e-01 3.896594e-03 -8.965082e-01 -4.442029e-01 3.427870e-01 -5.945081e-01 7.309950e-01 1.292082e+00 8.100010e-03 -6.561149e-01 5.221962e-01 1.914055e-02
<VARIANCE> 39
 5.782130e+00 1.798996e+01 2.155328e+01 3.002464e+01 3.171998e+01 3.665936e+01 4.589438e+01 5.273457e+01 4.912772e+01 4.579259e+01 3.501684e+01 4.068897e+01 1.208585e-02 1.484821e-01 6.479068e-01 4.311560e-01 7.741982e-01 6.683901e-01 1.009461e+00 1.293165e+00 1.092055e+00 2.063409e+00 1.020970e+00 1.218458e+00 1.108133e+00 3.421384e-04 7.968219e-02 1.865392e-01 3.548689e-01 4.429801e-01 4.089327e-01 4.549800e-01 6.220114e-01 7.037568e-01 7.771094e-01 5.867530e-01 4.071290e-01 4.552952e-01 8.567500e-05
<GCONST> 7.738483e+01
<MIXTURE> 7 7.228431e-02
<MEAN> 39
 -4.937467e+00 -8.180400e-01 -4.458884e+00 -1.193148e+00 -3.249785e+00 -7.696615e+00 -5.546899e+00 -9.416029e+00 -1.234105e+01 -3.680762e+00 1.274612e+00 -4.638540e+00 3.940679e-01 -2.058699e-01 3.072908e-01 5.442798e-01 1.480819e-01 -1.982818e-01 -1.483569e-01 2.172184e-02 -5.005091e-01 -4.783777e-01 -3.488129e-01 2.966331e-02 -9.714420e-02 -1.420807e-03 -3.698941e-01 -1.032835e+00 -3.328917e-01 -1.004931e+00 -5.024217e-01 6.986234e-01 -5.999663e-02 1.060090e+00 1.360548e+00 1.466532e-01 -4.494135e-01 2.227047e-01 1.028957e-02
<VARIANCE> 39
 1.266892e+01 1.920555e+01 3.000114e+01 3.789243e+01 4.116539e+01 4.480867e+01 5.941941e+01 5.995440e+01 5.402682e+01 6.559128e+01 5.328556e+01 5.087001e+01 2.171564e-02 6.385981e+00 5.591108e+00 3.955498e+00 6.415028e+00 4.893872e+00 3.991706e+00 5.205846e+00 4.229172e+00 5.680723e+00 4.418370e+00 4.443118e+00 2.709376e+00 1.154937e-02 4.857134e-01 4.999159e-01 9.643552e-01 7.956750e-01 8.342093e-01 8.372431e-01 1.159716e+00 1.024505e+00 1.150761e+00 1.117711e+00 9.299138e-01 9.192805e-01 5.181569e-04
<GCONST> 1.169395e+02
<MIXTURE> 8 6.530569e-02
<MEAN> 39
 -4.758726e+00 -3.055747e+00 -3.782258e+00 -9.102542e+00 -1.220524e+01 -1.180318e+01 -7.926332e+00 -1.384633e+01 -1.023541e+01 -2.706473e+00 -1.516989e+01 -3.709537e+00 5.249014e-01 -2.736719e-01 9.534227e-01 2.733386e-01 4.731898e-01 -3.060113e-01 3.378762e-01 5.774344e-01 -7.628576e-01 2.683019e-01 -5.313674e-01 -2.604352e-01 2.152070e-01 -1.588839e-02 -5.204849e-01 -3.145654e-01 -1.205284e-01 -2.300589e-01 6.298871e-01 4.421104e-01 1.088096e-01 1.082355e+00 2.307120e-01 -8.990157e-02 1.085411e+00 -1.430173e-02 -8.364103e-04
<VARIANCE> 39
 6.162888e+00 2.273540e+01 2.825192e+01 3.488898e+01 5.406425e+01 6.877458e+01 5.425615e+01 6.622305e+01 7.199853e+01 6.378680e+01 4.456197e+01 6.497878e+01 1.236259e-02 8.102927e-01 2.839542e+00 1.994630e+00 2.501696e+00 2.717794e+00 3.116106e+00 3.006376e+00 5.286365e+00 3.695635e+00 3.907513e+00 4.100999e+00 3.188872e+00 1.431272e-03 3.745103e-01 4.130955e-01 6.751665e-01 6.506079e-01 8.367892e-01 1.069000e+00 8.546844e-01 1.075229e+00 1.000137e+00 9.247251e-01 6.898032e-01 9.507353e-01 2.581617e-04
<GCONST> 1.063188e+02
<MIXTURE> 9 7.148935e-02
<MEAN> 39
 -5.336170e+00 -2.565239e+00 -7.784345e-01 -4.063428e+00 -4.054480e+00 -6.801271e+00 -6.225528e+00 -8.227211e+00 -1.141172e+01 9.536664e-01 -2.640750e+00 -6.468062e+00 3.658568e-01 -2.671260e-01 6.559298e-01 3.150585e-01 5.060496e-01 2.433582e-01 1.172240e-01 2.123247e-01 -3.426500e-01 1.272072e-01 1.031434e-01 -5.924890e-01 2.616107e-01 -1.425698e-02 -9.158856e-02 1.580645e-02 -1.238922e-01 -9.433833e-03 -3.877708e-02 1.797076e-01 1.465631e-01 1.922402e-01 3.015681e-01 -1.805698e-01 -1.491275e-02 1.509993e-01 -2.225642e-03
<VARIANCE> 39
 5.643920e+00 1.781127e+01 2.011086e+01 4.495280e+01 3.379696e+01 5.496841e+01 4.292958e+01 4.857749e+01 5.630917e+01 3.866079e+01 3.674809e+01 3.584565e+01 1.445768e-02 3.346096e-01 1.029737e+00 9.016677e-01 1.148626e+00 1.435351e+00 1.409522e+00 1.608206e+00 1.392726e+00 1.757438e+00 1.298061e+00 1.555730e+00 1.450064e+00 5.223125e-04 5.835319e-02 1.452481e-01 1.647003e-01 2.128203e-01 2.323585e-01 2.913224e-01 3.127302e-01 3.123119e-01 3.982343e-01 2.857566e-01 2.286458e-01 2.053332e-01 5.100083e-05
<GCONST> 7.520232e+01
<MIXTURE> 10 7.898347e-02
<MEAN> 39
 -4.926835e+00 -4.314766e+00 -3.519503e+00 -6.962914e+00 -1.082165e+01 -1.514429e+01 -1.247329e+01 -1.221519e+01 -1.267610e+01 2.298860e+00 -1.201517e+01 -1.142385e+01 5.580891e-01 -8.192673e-02 2.178252e-02 1.119557e-01 1.208413e-01 3.210353e-02 3.796669e-02 -8.039572e-02 -7.666969e-02 4.073051e-02 -2.844914e-02 1.000917e-01 -7.086965e-04 6.904752e-04 1.087382e-01 -3.821891e-01 -2.846433e-01 -5.548185e-01 4.918065e-02 4.479468e-01 3.089589e-01 7.638085e-01 2.811079e-01 -6.402333e-01 3.413133e-01 6.323627e-01 8.761445e-03
<VARIANCE> 39
 6.771594e+00 1.979682e+01 2.363425e+01 3.712096e+01 3.708540e+01 5.647735e+01 3.894200e+01 5.356814e+01 4.412301e+01 4.625729e+01 4.279655e+01 3.133041e+01 9.813565e-03 1.546690e-01 4.747988e-01 4.647880e-01 5.725995e-01 1.140482e+00 1.197742e+00 1.130674e+00 1.981097e+00 1.385507e+00 1.956679e+00 1.605217e+00 1.662425e+00 1.124230e-04 7.605353e-02 1.646712e-01 3.080983e-01 2.923877e-01 2.816480e-01 3.917637e-01 3.621875e-01 5.731331e-01 4.478336e-01 4.570306e-01 3.560234e-01 3.404284e-01 5.628238e-05
<GCONST> 7.486421e+01
<MIXTURE> 11 6.549049e-02
<MEAN> 39
 -4.160190e+00 -5.926484e+00 -7.461981e-01 -4.086955e+00 -4.964699e+00 -1.137205e+01 -1.333591e+01 -2.275087e+00 -1.773119e+01 7.482110e-01 1.496773e+00 -1.222682e+01 5.078558e-01 -6.037709e-02 -5.682542e-01 -1.007854e-01 -4.849323e-01 -4.675011e-01 3.945215e-01 7.974070e-02 -1.021766e-02 1.048524e+00 -1.697098e-01 -4.486181e-01 3.528416e-01 1.919668e-02 9.367415e-02 -5.780851e-01 -4.422307e-01 -7.735919e-01 -5.417058e-01 5.823636e-01 2.596939e-01 3.894688e-01 1.360877e+00 -4.440643e-01 -6.917637e-01 9.688846e-01 1.573305e-02
<VARIANCE> 39
 5.396385e+00 2.326540e+01 4.022091e+01 4.165803e+01 3.264831e+01 6.292187e+01 5.333234e+01 3.744470e+01 4.424960e+01 4.497911e+01 4.993791e+01 3.219034e+01 1.315812e-02 3.187655e-01 9.314629e-01 1.163110e+00 1.431034e+00 1.444634e+00 2.022137e+00 2.190569e+00 1.647218e+00 3.505464e+00 1.956709e+00 2.194734e+00 2.388293e+00 5.729531e-04 1.159005e-01 2.253876e-01 3.945129e-01 4.850922e-01 4.226514e-01 5.773516e-01 6.054241e-01 4.945657e-01 7.276151e-01 5.161922e-01 6.113628e-01 4.581706e-01 1.121314e-04
<GCONST> 8.831406e+01
<MIXTURE> 12 7.404672e-02
<MEAN> 39
 -4.495736e+00 -4.261026e+00 -3.916831e+00 -5.247165e+00 -1.501615e+00 -5.888803e+00 -9.356697e+00 -1.091996e+01 -1.356609e+01 -5.665682e+00 -2.000574e-01 -1.176833e+00 5.111244e-01 -3.196737e-02 8.884657e-03 7.227777e-02 -6.183560e-02 -1.185746e-01 2.836908e-01 2.576794e-01 -5.925684e-02 -1.473776e-01 1.474762e-02 -1.142817e-01 -4.907285e-02 2.325010e-03 3.361050e-01 -3.346987e-01 -6.579902e-01 -6.908823e-01 -6.337482e-01 1.701801e-01 2.059116e-01 7.374274e-01 9.594920e-01 3.264499e-01 -2.510616e-01 -3.077381e-01 1.522392e-02
<VARIANCE> 39
 6.107208e+00 2.248006e+01 3.978712e+01 5.247221e+01 3.942201e+01 7.719115e+01 6.616971e+01 6.208671e+01 6.832801e+01 6.127496e+01 5.266085e+01 4.128971e+01 1.361330e-02 1.457166e-01 4.710895e-01 5.679315e-01 9.609541e-01 9.596145e-01 1.327431e+00 1.368191e+00 1.362048e+00 1.583734e+00 1.677815e+00 2.065361e+00 1.584208e+00 2.037880e-04 4.920648e-02 2.050332e-01 2.242372e-01 3.453605e-01 2.797127e-01 4.433959e-01 4.512194e-01 4.821014e-01 5.022733e-01 5.137241e-01 5.349806e-01 3.201253e-01 6.538965e-05
<GCONST> 8.003471e+01
<MIXTURE> 13 6.767683e-02
<MEAN> 39
 -3.165807e+00 -4.976319e-01 -4.943542e+00 -2.987015e+00 -1.184567e+01 -6.719352e+00 -5.835989e+00 -1.479371e+01 -1.087899e+01 -8.422816e-01 -6.132799e+00 -5.085710e+00 4.710558e-01 -3.392837e-01 6.051618e-01 5.399240e-01 1.132205e-01 2.806534e-01 2.864562e-01 -5.770367e-02 4.008711e-02 1.931461e-02 -4.158826e-01 -1.412623e-01 2.781266e-01 -1.354572e-02 -6.244646e-01 -3.325743e-01 1.716964e-01 -3.762520e-01 6.186222e-01 8.079147e-02 -8.025949e-02 1.082350e+00 3.744839e-01 -2.426539e-01 2.280003e-01 9.925613e-02 -7.381135e-03
<VARIANCE> 39
 4.831048e+00 1.522203e+01 2.237459e+01 3.543689e+01 3.321260e+01 5.330292e+01 6.292704e+01 4.694399e+01 4.657228e+01 4.574387e+01 3.294804e+01 3.300361e+01 1.410941e-02 5.422751e-01 2.047951e+00 1.110039e+00 1.195204e+00 1.935337e+00 1.663289e+00 2.046384e+00 3.091796e+00 2.003959e+00 2.448893e+00 1.966605e+00 1.739620e+00 1.090885e-03 1.558986e-01 2.662247e-01 2.967281e-01 4.810465e-01 5.083151e-01 5.229146e-01 6.934147e-01 5.848353e-01 5.923060e-01 5.702367e-01 3.385314e-01 3.895459e-01 1.361031e-04
<GCONST> 8.854700e+01
<MIXTURE> 14 5.754422e-02
<MEAN> 39
 -4.757311e+00 -1.918685e+00 -3.969500e+00 -2.774932e+00 -8.491272e+00 -7.148543e+00 -6.398181e+00 -1.380913e+01 -9.538749e+00 -2.008846e+00 -4.843956e+00 -4.453864e+00 4.684081e-01 -8.433024e-02 3.666823e-01 1.580119e-01 1.936921e-01 7.467432e-02 6.895374e-02 1.206111e-01 -1.188981e-02 -8.282638e-02 -1.688390e-01 -6.372306e-02 -3.994714e-02 -5.464178e-03 -1.644904e-02 -1.997183e-02 -4.331246e-02 -1.197411e-01 7.716646e-02 8.081167e-04 -2.325661e-02 2.388068e-01 2.726561e-02 -1.814503e-02 1.970961e-02 -7.072520e-02 9.775710e-05
<VARIANCE> 39
 8.438216e+00 1.171606e+01 1.660697e+01 3.147871e+01 5.468648e+01 7.231605e+01 7.068713e+01 5.036178e+01 3.972303e+01 4.532325e+01 5.612694e+01 4.005834e+01 1.312482e-02 1.792869e-01 5.547425e-01 6.348977e-01 8.505366e-01 9.303778e-01 7.939369e-01 1.396861e+00 1.384485e+00 1.131937e+00 1.368301e+00 1.369405e+00 1.271542e+00 1.449391e-04 3.707439e-02 6.637841e-02 7.848600e-02 1.069672e-01 1.632377e-01 1.452457e-01 1.766152e-01 2.347404e-01 1.681819e-01 2.058040e-01 2.098791e-01 1.640812e-01 2.098083e-05
<GCONST> 6.423976e+01
<MIXTURE> 15 6.249195e-02
<MEAN> 39
 -4.547912e+00 -3.890752e+00 -1.426845e+00 -3.215174e+00 -7.067901e+00 -5.571129e+00 -8.613348e+00 -8.975522e+00 -1.310823e+01 -1.098608e+00 7.666251e-01 -8.039639e+00 4.944733e-01 -2.624151e-02 8.733098e-02 7.513957e-02 -1.810804e-02 -2.809206e-03 -2.287694e-02 1.187806e-01 1.642713e-01 2.247689e-02 -1.060754e-01 -1.005420e-01 -7.258765e-02 -1.215816e-03 1.287291e-01 -1.021376e-01 -2.763409e-01 -2.556342e-01 -1.039105e-01 6.386009e-02 6.747992e-02 1.794492e-01 3.525759e-01 -2.958083e-02 -1.317918e-01 1.183706e-01 5.309551e-03
<VARIANCE> 39
 6.361319e+00 1.810226e+01 3.308560e+01 4.496317e+01 3.542892e+01 5.862680e+01 5.290086e+01 4.607651e+01 6.094852e+01 5.321308e+01 4.408757e+01 4.315195e+01 1.275250e-02 6.932722e-02 2.247347e-01 1.959476e-01 3.583579e-01 3.754084e-01 5.756878e-01 5.565543e-01 6.729705e-01 6.684245e-01 6.762406e-01 7.052919e-01 7.328492e-01 4.630043e-05 2.309821e-02 6.230557e-02 7.412263e-02 1.315724e-01 1.036534e-01 1.370323e-01 1.487896e-01 1.739893e-01 2.254592e-01 1.627408e-01 1.422965e-01 1.497444e-01 2.815588e-05
<GCONST> 5.295905e+01
<MIXTURE> 16 3.482351e-02
<MEAN> 39
 -4.661578e+00 -3.270176e+00 -3.712066e+00 -7.741928e+00 -1.010563e+01 -7.674637e+00 -4.393799e+00 -1.676327e+01 -9.440395e+00 -1.673133e+00 -1.273458e+01 1.879158e-01 5.378746e-01 -4.325319e-02 3.691207e-01 7.594977e-02 3.704180e-02 -4.067971e-01 1.294821e-01 3.543257e-01 5.168364e-02 4.419036e-02 -3.113891e-01 -2.404146e-01 1.537443e-01 -3.155950e-03 1.112223e-01 -1.580290e-01 -3.140466e-01 -3.198185e-01 7.654482e-02 -6.200128e-02 -2.683601e-01 7.491844e-01 1.302728e-01 2.167237e-04 5.097573e-01 -3.874746e-01 6.226200e-03
<VARIANCE> 39
 7.457411e+00 2.554962e+01 2.552004e+01 4.564399e+01 3.896256e+01 9.977773e+01 5.877003e+01 8.264659e+01 7.142597e+01 4.089466e+01 5.818513e+01 4.190742e+01 1.351969e-02 1.143050e-01 3.562952e-01 4.415084e-01 8.138596e-01 1.208735e+00 1.166397e+00 1.494812e+00 2.248208e+00 1.610637e+00 1.716465e+00 1.824838e+00 1.948884e+00 9.713580e-05 4.844729e-02 1.054984e-01 1.662587e-01 2.247350e-01 2.666815e-01 3.351470e-01 3.198078e-01 6.286610e-01 4.702499e-01 3.473109e-01 3.679897e-01 3.183785e-01 5.117330e-05
<GCONST> 7.617471e+01
<STATE> 4
<NUMMIXES> 16
<MIXTURE> 1 8.337718e-02
<MEAN> 39
 -2.195701e+00 -4.929716e+00 -9.422957e+00 -1.397234e+01 -1.011235e+01 -2.122323e+00 -3.643736e+00 -5.785334e+00 -7.826987e+00 -3.393177e+00 -1.819313e+00 -3.940960e+00 6.536899e-01 1.210189e+00 -1.075346e+00 -2.711085e+00 -3.912165e+00 -8.405205e-01 1.848946e+00 -1.144248e-01 2.554676e+00 3.077152e+00 -2.623786e-01 3.924110e-01 5.914010e-01 6.775617e-02 -4.159625e-02 -1.935173e-01 1.268569e-01 3.491364e-01 4.982310e-01 2.412966e-01 -3.792623e-01 -1.934651e-01 -8.332480e-02 3.078921e-03 2.931419e-02 -8.078676e-02 -1.775803e-03
<VARIANCE> 39
 6.117662e+00 1.796222e+01 2.562380e+01 3.958826e+01 3.599312e+01 3.460335e+01 4.351698e+01 4.140755e+01 3.378193e+01 3.239082e+01 3.925811e+01 2.912159e+01 1.093118e-02 3.347877e-01 1.715343e+00 1.743469e+00 3.256022e+00 3.394383e+00 4.329508e+00 3.710801e+00 3.879817e+00 5.062400e+00 3.957054e+00 3.969522e+00 3.128427e+00 6.828404e-04 6.709134e-02 1.425309e-01 1.678346e-01 2.996504e-01 3.030550e-01 3.892889e-01 3.913104e-01 3.817126e-01 5.523648e-01 3.778397e-01 3.737508e-01 2.810022e-01 5.234330e-05
<GCONST> 8.685303e+01
<MIXTURE> 2 6.387797e-02
<MEAN> 39
 -4.301320e+00 5.695549e-01 -2.265335e+00 -1.470437e+00 -8.226849e+00 -5.223731e+00 -3.141345e+00 -1.006862e+01 -1.126441e+01 1.897694e-01 -2.763094e+00 -5.939634e+00 3.837009e-01 -2.147170e+00 7.883993e-01 5.933701e-01 -9.964942e-01 1.600281e+00 7.183739e-01 -3.504833e-02 1.439777e+00 1.621071e+00 -7.786898e-01 -8.158795e-01 1.053969e+00 -4.154880e-02 -8.822457e-01 -7.545546e-01 -2.422100e-01 -7.318284e-01 3.593141e-01 1.496929e-01 -3.204786e-01 8.393241e-01 7.896291e-01 -1.594516e-01 3.021313e-01 2.474345e-01 1.014531e-02
<VARIANCE> 39
 5.520730e+00 1.483985e+01 1.762730e+01 3.150189e+01 3.481524e+01 3.132414e+01 3.291700e+01 4.166751e+01 5.356652e+01 3.785732e+01 3.373518e+01 2.840011e+01 1.394971e-02 2.280576e+00 2.008487e+00 2.629229e+00 3.241183e+00 3.280614e+00 3.870418e+00 3.423734e+00 3.997055e+00 5.138415e+00 3.642229e+00 3.183630e+00 2.573082e+00 1.666711e-03 4.172880e-01 5.026257e-01 3.732114e-01 5.446489e-01 7.000756e-01 4.728335e-01 4.893209e-01 6.438184e-01 8.199218e-01 5.763997e-01 5.175334e-01 4.020379e-01 3.061148e-04
<GCONST> 9.845904e+01
<MIXTURE> 3 7.185405e-02
<MEAN> 39
 -2.692912e+00 -9.847632e+00 -6.059391e+00 -6.339065e+00 -8.801970e+00 -7.509547e+00 -1.172033e+01 -3.603984e+00 -9.104296e-01 -2.130606e+00 -1.614878e+00 -5.688307e+00 6.539091e-01 1.459280e-01 -2.658885e+00 -2.320392e-01 -1.980157e+00 -1.792158e+00 4.712456e-01 -1.087149e+00 3.465763e+00 3.755117e+00 -8.950447e-01 -1.845378e+00 1.238142e+00 6.027303e-02 -1.847891e-01 2.021987e-01 5.350094e-01 8.749146e-02 -2.790253e-01 -1.189089e-01 5.035540e-01 3.547091e-01 -7.611346e-01 -1.434013e-01 9.370671e-03 8.503539e-02 -4.736083e-03
<VARIANCE> 39
 5.616267e+00 1.607574e+01 2.620062e+01 2.504598e+01 2.352643e+01 3.167270e+01 2.981611e+01 3.316816e+01 3.072528e+01 2.825490e+01 3.033649e+01 2.249616e+01 1.108647e-02 4.062954e-01 1.251598e+00 2.106816e+00 2.710677e+00 3.524164e+00 3.111896e+00 4.924264e+00 3.521691e+00 3.945694e+00 4.711682e+00 3.622859e+00 4.123934e+00 5.492549e-04 7.670866e-02 1.088428e-01 1.632588e-01 2.059920e-01 2.820680e-01 2.863623e-01 4.016215e-01 4.565656e-01 4.669319e-01 4.036605e-01 3.560953e-01 2.658673e-01 3.450267e-05
<GCONST> 8.271000e+01
<MIXTURE> 4 2.717215e-02
<MEAN> 39
 -9.252405e+00 -3.884777e+00 -3.590463e+00 -1.024804e+01 -6.495497e+00 -3.609578e+00 -5.629552e+00 -4.086896e+00 -5.722152e+00 -4.073456e+00 -4.285919e+00 -2.692308e+00 3.363153e-01 -1.793845e+00 1.507346e-01 -5.863075e-01 -1.140177e+00 8.570778e-01 6.272205e-01 5.758952e-01 1.642575e+00 1.618164e+00 2.070322e-01 3.883311e-01 6.861845e-01 -2.196687e-02 -2.163734e-01 5.732786e-02 -1.917664e-01 2.394242e-01 2.049310e-01 -3.347589e-01 7.018411e-02 -1.045192e-01 -1.914316e-01 4.709713e-01 9.495401e-02 -5.693514e-03 1.244589e-02
<VARIANCE> 39
 2.711453e+01 2.526589e+01 4.545566e+01 4.291668e+01 5.248182e+01 5.035639e+01 6.802496e+01 5.353232e+01 3.649971e+01 3.227528e+01 3.881163e+01 2.872099e+01 3.391368e-02 3.585006e+00 4.375086e+00 3.357669e+00 7.318244e+00 6.066452e+00 7.102304e+00 4.968775e+00 6.941245e+00 5.961350e+00 4.624112e+00 4.739314e+00 2.929026e+00 4.219770e-03 8.830059e-01 6.792076e-01 6.880144e-01 1.108314e+00 8.953243e-01 1.211475e+00 1.118226e+00 1.267490e+00 8.563638e-01 7.940155e-01 9.325524e-01 6.838514e-01 7.117188e-04
<GCONST> 1.178681e+02
<MIXTURE> 5 6.202498e-02
<MEAN> 39
 -3.682702e+00 -5.973586e+00 -3.215255e+00 -4.543922e+00 -1.071898e+01 -1.257799e+01 -8.392484e+00 -5.086022e+00 -8.704848e+00 -5.120957e+00 -4.632457e+00 -5.407609e+00 5.816243e-01 -7.675374e-01 -2.186077e+00 1.919553e+00 -2.283587e+00 -2.319193e+00 6.980649e-01 5.572339e-01 2.394662e+00 6.761170e-01 -5.402507e-01 3.711680e-01 1.540072e+00 4.287813e-02 -3.286856e-01 3.051514e-02 6.607227e-01 -8.329614e-01 -5.411187e-01 5.591534e-01 3.977492e-01 -2.005907e-02 -3.684273e-01 3.559932e-01 1.979881e-02 1.338878e-01 3.743494e-03
<VARIANCE> 39
 6.006367e+00 1.819612e+01 2.268019e+01 3.525388e+01 3.595694e+01 3.396631e+01 3.444729e+01 3.987065e+01 3.576099e+01 3.650224e+01 4.831848e+01 3.583821e+01 1.431498e-02 5.109327e-01 1.432979e+00 2.691569e+00 3.192106e+00 3.621313e+00 3.846570e+00 4.391556e+00 4.860539e+00 3.674451e+00 3.958192e+00 3.901018e+00 3.271955e+00 5.632327e-04 8.986896e-02 2.322209e-01 2.899530e-01 3.027400e-01 4.863341e-01 3.854048e-01 4.795106e-01 5.664672e-01 4.597803e-01 3.809479e-01 3.909393e-01 3.822822e-01 5.845658e-05
<GCONST> 9.037842e+01
<MIXTURE> 6 5.891968e-02
<MEAN> 39
 -4.636491e+00 -4.234751e+00 -2.333034e+00 -3.864825e+00 -6.075950e+00 -3.290247e+00 -4.233149e+00 -1.183083e+01 -1.634029e+01 -1.960033e+00 -1.075718e-01 -6.224790e+00 5.202660e-01 9.934104e-01 -8.671007e-01 -2.514910e+00 -3.911393e+00 -1.278694e+00 1.572267e+00 2.796223e-01 2.131481e+00 3.221453e+00 -6.096178e-01 -8.519663e-02 7.864639e-01 6.337074e-02 3.274610e-01 -4.103935e-01 -7.420150e-01 -9.553405e-01 -1.072409e-01 5.162750e-01 -3.181306e-01 7.202836e-01 1.118814e+00 -6.887934e-02 7.150379e-03 1.544152e-01 1.665670e-02
<VARIANCE> 39
 5.899013e+00 1.985248e+01 2.799319e+01 4.678795e+01 3.537569e+01 4.754329e+01 6.536417e+01 5.716097e+01 4.859867e+01 4.850798e+01 5.372622e+01 3.719256e+01 1.079891e-02 2.962314e-01 1.042706e+00 1.185962e+00 2.284629e+00 2.307043e+00 3.463130e+00 3.424633e+00 3.168598e+00 3.144604e+00 2.832249e+00 3.208734e+00 2.802378e+00 5.387174e-04 5.519336e-02 1.649445e-01 1.752072e-01 3.532373e-01 3.219971e-01 3.175239e-01 3.953676e-01 4.277137e-01 5.860075e-01 3.950875e-01 6.039885e-01 4.255464e-01 7.302449e-05
<GCONST> 8.736414e+01
<MIXTURE> 7 5.011798e-02
<MEAN> 39
 -8.081955e+00 6.699460e-02 4.630862e-01 2.034832e+00 -1.789005e-01 -6.521227e+00 -5.614367e+00 -8.453348e+00 -9.366227e+00 -1.118168e+00 -4.117370e+00 -4.162337e+00 2.197921e-01 -1.196075e+00 -3.184658e-02 1.500092e-01 8.168768e-01 8.730667e-01 9.240885e-01 8.578286e-01 7.171436e-01 8.991305e-01 -2.282538e-01 -2.933854e-01 4.949553e-01 -4.862336e-02 -1.285308e-01 -4.273191e-01 -5.235488e-01 -5.177340e-01 -2.372440e-01 2.012020e-01 2.444528e-01 3.998034e-01 3.794114e-01 1.587680e-02 9.616158e-02 1.173829e-01 -3.458787e-03
<VARIANCE> 39
 5.601257e+00 1.213155e+01 1.686788e+01 3.555543e+01 2.908051e+01 4.243960e+01 3.624949e+01 3.531994e+01 3.480535e+01 3.901008e+01 3.918399e+01 3.423246e+01 1.336322e-02 3.671381e-01 1.096956e+00 1.404304e+00 1.891538e+00 1.604482e+00 1.532810e+00 1.915796e+00 1.914965e+00 2.073167e+00 1.709388e+00 1.600663e+00 1.866912e+00 5.002851e-04 7.913440e-02 1.751030e-01 2.152925e-01 3.201399e-01 2.679705e-01 3.249900e-01 3.348400e-01 2.518932e-01 3.089530e-01 3.539314e-01 3.173031e-01 2.974381e-01 9.934699e-05
<GCONST> 7.803409e+01
<MIXTURE> 8 2.778263e-02
<MEAN> 39
 -3.309893e+00 -4.714474e+00 -5.347479e+00 -5.983618e+00 -6.798366e+00 -5.101224e+00 -6.350898e+00 -7.573370e+00 -8.592135e+00 -3.345165e+00 2.499324e-01 -4.995596e+00 5.483376e-01 1.648660e+00 -3.156441e+00 -1.913410e+00 -3.841379e+00 -1.879891e+00 1.708010e+00 -9.939300e-01 1.790782e+00 2.517047e+00 -4.134295e-01 -2.729623e-01 7.932037e-02 1.183380e-01 -6.096554e-01 -3.941199e-01 -1.641199e-01 -3.182561e-01 1.678857e-01 5.485148e-01 1.182495e-01 6.814463e-01 7.862329e-01 2.109085e-01 -3.451608e-01 1.119427e-01 -1.134566e-02
<VARIANCE> 39
 6.682965e+00 2.035497e+01 2.534389e+01 4.433166e+01 2.686230e+01 5.169266e+01 3.621753e+01 4.993752e+01 5.379770e+01 4.777925e+01 4.778066e+01 2.615355e+01 1.666045e-02 1.719674e+00 2.181285e+00 4.027301e+00 5.296630e+00 4.027998e+00 6.156104e+00 5.588104e+00 5.054066e+00 5.102324e+00 4.991819e+00 4.764526e+00 4.809372e+00 1.594864e-03 4.183426e-01 3.569658e-01 4.990642e-01 5.931158e-01 5.918797e-01 7.705176e-01 7.005517e-01 7.033355e-01 9.186309e-01 8.283960e-01 6.492593e-01 5.067208e-01 4.016384e-04
<GCONST> 1.062837e+02
<MIXTURE> 9 7.597017e-02
<MEAN> 39
 -2.025348e+00 -1.368626e+01 -6.707701e+00 -9.689597e+00 -1.015667e+01 -4.596941e+00 -1.413550e+01 1.073694e+00 2.707169e+00 -2.346380e+00 -4.586030e+00 -6.417715e+00 7.219276e-01 -1.070220e-01 -1.962112e+00 3.301968e-01 -1.306701e+00 -1.269446e+00 9.158529e-02 -4.876462e-01 3.494958e+00 2.355839e+00 -1.085807e+00 -1.829524e+00 7.471688e-01 4.313089e-02 -2.877438e-01 7.416720e-01 5.900335e-01 5.598140e-01 6.823066e-02 -4.569235e-01 7.724455e-01 -4.031825e-01 -1.463379e+00 -4.020035e-02 4.676492e-01 3.751655e-02 -1.567192e-02
<VARIANCE> 39
 6.005412e+00 1.871965e+01 2.968839e+01 3.403155e+01 3.347263e+01 5.020510e+01 3.859108e+01 3.834909e+01 3.756161e+01 3.382026e+01 4.227891e+01 2.924110e+01 1.285670e-02 4.768002e-01 1.299000e+00 1.824203e+00 2.351140e+00 3.032010e+00 2.640120e+00 3.001309e+00 3.051008e+00 3.669680e+00 2.969063e+00 2.341156e+00 2.964504e+00 5.158678e-04 6.309129e-02 1.420128e-01 2.067542e-01 3.040964e-01 3.085591e-01 3.690936e-01 4.639887e-01 4.424909e-01 4.635141e-01 4.855199e-01 5.153511e-01 4.276997e-01 4.557565e-05
<GCONST> 8.574743e+01
<MIXTURE> 10 7.562114e-02
<MEAN> 39
 -3.029565e+00 -4.788690e+00 -3.432273e+00 -1.387641e+00 -6.825442e+00 -7.622725e+00 -6.521267e+00 -8.331732e+00 -1.115873e+01 -1.501972e+00 3.927346e+00 -7.942245e+00 5.373218e-01 2.052824e-01 -2.070945e+00 -6.365329e-01 -1.603924e+00 -8.692641e-01 4.514200e-01 -1.873616e+00 1.854406e+00 3.796366e+00 -2.744410e-01 -1.282754e+00 7.814208e-01 5.002366e-02 -5.850561e-02 -5.317031e-01 1.907093e-01 -5.103882e-01 -6.219224e-01 6.909797e-02 -2.078546e-01 1.032713e+00 8.341215e-01 -2.502970e-01 -6.598971e-01 3.475076e-01 1.064761e-02
<VARIANCE> 39
 5.803749e+00 1.626223e+01 2.637341e+01 3.324265e+01 2.624309e+01 3.231159e+01 3.563240e+01 3.585857e+01 4.804343e+01 3.893789e+01 3.088142e+01 3.146955e+01 1.429889e-02 3.851530e-01 1.006605e+00 1.532113e+00 2.054834e+00 2.284535e+00 2.505171e+00 3.223139e+00 2.544606e+00 3.347147e+00 3.214772e+00 2.720698e+00 2.430467e+00 4.742502e-04 6.500413e-02 1.489757e-01 2.504801e-01 2.778535e-01 3.398612e-01 2.846731e-01 4.009670e-01 2.937679e-01 4.917700e-01 3.904441e-01 3.621207e-01 3.757603e-01 7.058162e-05
<GCONST> 8.274097e+01
<MIXTURE> 11 8.528873e-02
<MEAN> 39
 -5.168093e+00 -1.388643e+01 -9.994121e-01 -1.262710e+01 -1.475807e+01 -1.133564e+01 -7.220299e+00 4.190074e+00 -6.833014e+00 -6.608865e+00 -6.667706e+00 -2.168887e+00 7.188087e-01 -8.960302e-01 -1.672002e+00 1.381544e+00 -2.884669e+00 -1.828542e+00 1.257364e+00 1.866313e+00 2.331196e+00 -4.555783e-01 -5.364676e-01 3.010168e-01 1.635477e+00 4.504166e-02 -1.261312e-01 8.868011e-01 1.269736e-01 3.476923e-01 2.451315e-01 3.582397e-02 1.841996e-01 -1.101575e+00 -7.184714e-01 6.880797e-01 1.638383e-01 -5.552610e-01 -1.197361e-02
<VARIANCE> 39
 5.247327e+00 1.791314e+01 3.588787e+01 3.786770e+01 3.931724e+01 3.645458e+01 4.307153e+01 3.376048e+01 4.395737e+01 3.230348e+01 3.665355e+01 2.281134e+01 1.158664e-02 4.600700e-01 1.439425e+00 2.229807e+00 2.670460e+00 3.882156e+00 3.415530e+00 3.021410e+00 4.159179e+00 3.043201e+00 4.079144e+00 3.360112e+00 2.700805e+00 4.932439e-04 6.907921e-02 1.461208e-01 2.393894e-01 3.665203e-01 3.945887e-01 4.387723e-01 5.077041e-01 5.023218e-01 5.550667e-01 4.621052e-01 6.491022e-01 3.459613e-01 4.789090e-05
<GCONST> 8.816165e+01
<MIXTURE> 12 1.043070e-01
<MEAN> 39
 -7.459585e-02 -9.043726e+00 -1.388973e+01 -1.813569e+01 -8.188002e+00 3.934972e+00 -6.260345e+00 -4.752843e+00 -3.962719e+00 -4.493411e+00 9.003973e-01 -2.588213e+00 7.650567e-01 6.789228e-01 -1.891372e+00 -2.041144e+00 -2.356172e+00 6.301781e-01 2.196676e+00 -1.103074e+00 1.393744e+00 2.846565e+00 -1.472938e-02 -9.506228e-03 5.488777e-02 5.831148e-02 -3.911913e-01 1.261097e-01 8.623003e-01 1.259196e+00 4.212020e-01 -6.862010e-01 -2.012605e-01 -4.810072e-01 -5.752829e-01 2.587483e-01 -3.166721e-01 -3.699293e-01 -1.655270e-02
<VARIANCE> 39
 5.795776e+00 2.277522e+01 2.737503e+01 4.617383e+01 4.387536e+01 5.810116e+01 5.760711e+01 4.362212e+01 4.436566e+01 4.139875e+01 4.497738e+01 3.382047e+01 9.609685e-03 5.099930e-01 1.546004e+00 1.846660e+00 3.941822e+00 3.021222e+00 3.495280e+00 3.421094e+00 4.308739e+00 4.752878e+00 4.252295e+00 3.588269e+00 3.219759e+00 7.478090e-04 5.384071e-02 1.478180e-01 1.836150e-01 2.696172e-01 3.388256e-01 4.780685e-01 4.270740e-01 5.182475e-01 4.719240e-01 3.779857e-01 4.402634e-01 4.208424e-01 6.434779e-05
<GCONST> 9.039414e+01
<MIXTURE> 13 5.040602e-02
<MEAN> 39
 -1.106195e+01 1.905165e+00 -8.282359e-01 -1.183458e+00 -1.978243e-01 -4.017966e+00 -2.128726e+00 -7.159202e+00 -9.901954e+00 -1.916378e+00 -3.638050e+00 -2.813514e+00 1.820205e-01 -2.665697e+00 -1.026769e+00 -7.867652e-01 -8.307703e-01 4.028613e-01 1.168457e+00 1.008973e+00 1.984265e+00 2.273038e+00 1.855591e-01 -2.236282e-01 7.691264e-01 -7.703155e-02 1.708713e-01 -9.999989e-01 -7.009789e-01 -5.954230e-01 -5.929098e-01 -5.609355e-02 -3.337337e-01 3.813569e-01 5.860372e-01 1.660134e-01 3.300046e-01 -3.272088e-02 2.359964e-02
<VARIANCE> 39
 8.861241e+00 1.221844e+01 1.640049e+01 2.696850e+01 2.752957e+01 2.437580e+01 3.224377e+01 3.876730e+01 4.395041e+01 3.151369e+01 3.294159e+01 2.118235e+01 1.721407e-02 1.950227e+00 2.001197e+00 2.707608e+00 2.761499e+00 3.013003e+00 3.256154e+00 3.695329e+00 3.283663e+00 3.831999e+00 3.712090e+00 3.654846e+00 3.026598e+00 2.441051e-03 2.807046e-01 4.739275e-01 3.868297e-01 5.225174e-01 5.319502e-01 5.533959e-01 6.188945e-01 6.845309e-01 9.903374e-01 5.414568e-01 6.008837e-01 3.454924e-01 4.198066e-04
<GCONST> 9.734030e+01
<MIXTURE> 14 7.316822e-02
<MEAN> 39
 -3.405430e+00 -4.029248e+00 -6.610278e+00 -7.290010e+00 -4.994920e+00 -4.281982e+00 -7.494732e+00 -9.059568e+00 -1.074765e+01 -7.008680e+00 -1.730233e+00 -2.329925e+00 5.432436e-01 5.898172e-01 -6.766973e-01 -1.442094e+00 -1.489736e+00 -8.190355e-01 1.640589e-01 -1.050247e-01 1.266827e+00 1.943705e+00 1.114549e+00 -5.839454e-02 -3.081668e-01 3.341623e-02 2.133304e-01 -3.484217e-01 -3.669748e-01 -3.667310e-01 -2.351860e-01 -4.916390e-02 -2.075344e-01 4.797117e-01 7.004315e-01 4.331375e-01 -4.872521e-02 -1.819667e-01 1.128095e-02
<VARIANCE> 39
 7.205461e+00 2.223263e+01 3.576478e+01 4.817592e+01 5.115228e+01 6.919617e+01 5.973285e+01 5.505413e+01 5.615431e+01 4.583424e+01 5.844735e+01 4.305908e+01 1.409821e-02 3.887932e-01 1.402780e+00 1.583278e+00 2.166445e+00 2.587754e+00 2.939059e+00 3.326816e+00 2.701164e+00 3.386639e+00 2.696271e+00 2.842676e+00 2.206304e+00 4.906435e-04 5.511406e-02 2.121425e-01 2.273025e-01 3.425548e-01 3.398089e-01 4.115263e-01 4.746051e-01 4.176879e-01 6.154369e-01 4.200270e-01 5.997194e-01 3.314610e-01 6.638911e-05
<GCONST> 9.000082e+01
<MIXTURE> 15 4.679180e-02
<MEAN> 39
 -6.584754e+00 1.975951e+00 -2.500026e+00 -5.442272e+00 -8.399874e+00 -1.057959e+01 -9.469294e+00 -1.352299e+01 -1.275236e+01 -6.192946e+00 -1.028801e+01 -5.313774e+00 4.271775e-01 -2.626603e+00 3.069842e-01 5.206996e-01 4.557394e-01 2.275005e+00 1.495895e+00 1.259182e+00 1.697289e+00 1.028495e+00 -3.459062e-01 1.421050e+00 6.401875e-01 -6.984559e-02 -6.499390e-01 -9.603041e-01 -5.804964e-01 -3.164391e-01 2.816574e-01 4.361794e-01 4.722377e-01 1.088857e+00 8.394904e-01 5.973388e-01 6.677421e-01 2.544330e-01 -1.190015e-03
<VARIANCE> 39
 8.891874e+00 1.400772e+01 1.726403e+01 3.133052e+01 3.943525e+01 3.532079e+01 3.597592e+01 4.301821e+01 3.634696e+01 4.234131e+01 4.004908e+01 4.537342e+01 1.587158e-02 1.518166e+00 3.608770e+00 3.216438e+00 4.485492e+00 3.790519e+00 3.977834e+00 3.934765e+00 5.689837e+00 4.303097e+00 4.981779e+00 4.911157e+00 3.798577e+00 1.800357e-03 3.240339e-01 4.493893e-01 4.311261e-01 5.927042e-01 7.818180e-01 5.794354e-01 6.264100e-01 8.848400e-01 6.868724e-01 7.088826e-01 6.027828e-01 6.709477e-01 3.612172e-04
<GCONST> 1.037186e+02
<MIXTURE> 16 4.330387e-02
<MEAN> 39
 -4.100125e+00 -6.716413e+00 -4.036295e+00 -7.061626e+00 -7.334844e+00 -1.208254e+01 -1.186837e+01 -6.612146e+00 -1.053447e+01 8.801353e-01 -5.679019e+00 -1.017234e+01 5.980267e-01 1.549049e-01 -2.303578e+00 -1.052702e+00 -2.067341e+00 -4.998599e-01 7.546220e-01 3.665717e-01 3.245559e+00 2.508283e+00 -2.149660e+00 -8.953323e-01 1.909288e+00 4.770422e-02 -1.271356e-01 -3.871131e-01 1.565557e-01 -4.382871e-01 -3.737237e-01 1.295188e-01 4.896985e-01 6.341601e-01 -3.907487e-02 -4.209888e-01 -2.095851e-01 6.600251e-01 7.742186e-03
<VARIANCE> 39
 5.263490e+00 2.198268e+01 3.494841e+01 4.538646e+01 3.611520e+01 4.115128e+01 3.644837e+01 4.109415e+01 3.744539e+01 3.468572e+01 4.762721e+01 2.594962e+01 1.153165e-02 4.199345e-01 1.291248e+00 1.595558e+00 2.800663e+00 3.166249e+00 4.154765e+00 3.457552e+00 3.975274e+00 4.386087e+00 3.193472e+00 5.017675e+00 3.326999e+00 5.328621e-04 5.387049e-02 1.416894e-01 1.848614e-01 2.398862e-01 3.712489e-01 3.564720e-01 3.223124e-01 3.735845e-01 3.471144e-01 3.488677e-01 3.516823e-01 2.710185e-01 3.819972e-05
<GCONST> 8.547433e+01
<TRANSP> 5
 0.000000e+00 1.000000e+00 0.000000e+00 0.000000e+00 0.000000e+00
 0.000000e+00 6.349075e-01 3.650925e-01 0.000000e+00 0.000000e+00
 0.000000e+00 0.000000e+00 6.336345e-01 3.663655e-01 0.000000e+00
 0.000000e+00 0.000000e+00 0.000000e+00 6.399903e-01 3.600096e-01
 0.000000e+00 0.000000e+00 0.000000e+00 0.000000e+00 0.000000e+00
<ENDHMM>
