~o
<STREAMINFO> 1 39
<VECSIZE> 39<NULLD><MFCC_E_D_A><DIAGC>
~h "n"
<BEGINHMM>
<NUMSTATES> 5
<STATE> 2
<NUMMIXES> 16
<MIXTURE> 1 6.599366e-02
<MEAN> 39
 -3.143034e+00 -3.929639e+00 -1.885369e+00 -2.742214e+00 -1.114128e+01 -8.406573e+00 -2.086252e+00 -8.024565e+00 -1.318106e+01 1.639909e+00 -2.901566e+00 -7.236736e+00 4.886191e-01 2.249359e-01 1.996142e+00 -1.035644e+00 1.409171e+00 8.998609e-01 -2.475818e-01 2.101119e+00 -3.388321e+00 -2.400507e+00 2.419201e+00 -4.604883e-01 -1.170729e+00 -3.743649e-02 -2.891851e-01 -4.593993e-01 3.750631e-01 -6.599345e-01 -2.268700e-01 2.439313e-01 -6.061000e-01 1.036880e+00 8.088662e-01 -7.552636e-01 6.980099e-02 5.216668e-01 1.084853e-02
<VARIANCE> 39
 5.606456e+00 1.951798e+01 2.459764e+01 3.545650e+01 3.092210e+01 3.486751e+01 3.776831e+01 4.579391e+01 5.285896e+01 3.767456e+01 4.021862e+01 3.142163e+01 1.243475e-02 3.378854e-01 1.552767e+00 1.392860e+00 1.942699e+00 2.538390e+00 2.760438e+00 3.597563e+00 3.992416e+00 3.620409e+00 2.500646e+00 3.120039e+00 1.906889e+00 4.089061e-04 1.136690e-01 2.825016e-01 2.753332e-01 3.504896e-01 4.452162e-01 4.804246e-01 5.550162e-01 5.214341e-01 6.403711e-01 4.420054e-01 4.834194e-01 2.973264e-01 9.699703e-05
<GCONST> 8.807797e+01
<MIXTURE> 2 4.806872e-02
<MEAN> 39
 -3.564284e+00 -5.814071e+00 -3.393368e+00 -6.870126e+00 -9.118530e+00 -8.034313e+00 -9.672199e+00 2.056257e-01 -6.798368e+00 -2.695726e+00 -4.169783e+00 -7.262399e+00 5.236455e-01 -1.044912e+00 3.373151e+00 1.625873e-01 1.565139e+00 1.098749e+00 -5.705172e-01 1.816755e+00 -2.584771e+00 -1.748285e+00 5.107877e-01 -2.089812e-01 -1.576147e-01 -8.252668e-02 -9.056050e-01 -1.223597e-01 2.016890e-02 -2.439076e-01 2.540458e-01 4.365797e-01 3.610860e-01 -3.409228e-03 4.915165e-01 -1.377972e-01 5.844313e-02 5.621181e-01 -2.871926e-04
<VARIANCE> 39
 6.491082e+00 2.039344e+01 3.741359e+01 3.607547e+01 4.289444e+01 3.530096e+01 4.055719e+01 4.043463e+01 6.513869e+01 5.106155e+01 5.398301e+01 3.486290e+01 2.001480e-02 1.572096e+00 2.275350e+00 3.257293e+00 3.184597e+00 4.545697e+00 4.469451e+00 4.787387e+00 6.660628e+00 5.962881e+00 3.753417e+00 3.907821e+00 3.326984e+00 1.402528e-03 4.566119e-01 4.540352e-01 3.953407e-01 4.221335e-01 6.838415e-01 4.644610e-01 5.585612e-01 5.766686e-01 8.401792e-01 6.325319e-01 6.672126e-01 4.699914e-01 1.935912e-04
<GCONST> 1.034398e+02
<MIXTURE> 3 3.674752e-02
<MEAN> 39
 -5.534893e+00 -6.080682e+00 4.180062e+00 -9.582584e+00 -1.424998e+01 -3.869452e+00 -8.123985e+00 -1.838641e-01 -1.075578e+01 -6.173905e+00 2.108314e+00 -5.583007e+00 5.475264e-01 8.549917e-01 1.271632e+00 -2.237383e+00 2.738217e+00 2.024673e+00 -1.411329e+00 9.303743e-01 -2.209729e+00 -6.486043e-01 8.903173e-01 -1.186131e+00 -2.829842e-01 -4.054456e-02 -8.872803e-02 -5.931962e-02 -1.597859e-02 -4.289218e-03 -2.800812e-01 -1.216200e-01 3.601221e-01 -3.552226e-01 6.757060e-02 4.907742e-01 -4.269701e-01 8.787479e-02 5.179912e-03
<VARIANCE> 39
 5.303185e+00 1.984027e+01 2.978445e+01 4.378959e+01 4.122686e+01 3.210072e+01 3.336214e+01 4.471917e+01 6.489191e+01 3.293835e+01 3.752872e+01 3.797517e+01 1.415065e-02 4.933188e-01 1.541044e+00 2.764079e+00 2.756252e+00 3.492616e+00 5.027802e+00 4.075494e+00 5.649899e+00 3.090035e+00 4.057137e+00 3.531156e+00 2.836804e+00 2.803965e-04 5.057945e-02 1.371299e-01 2.234495e-01 3.071109e-01 3.471090e-01 4.056464e-01 3.217744e-01 4.921641e-01 3.307161e-01 3.343271e-01 3.853034e-01 3.178098e-01 5.230238e-05
<GCONST> 8.747215e+01
<MIXTURE> 4 4.712026e-02
<MEAN> 39
 -4.023368e+00 -1.851274e+00 -2.270505e+00 -7.163240e+00 -1.307696e+01 -8.252070e+00 -2.971632e+00 -9.219023e+00 -1.235946e+01 -3.015027e+00 -5.135743e+00 -3.732104e+00 5.216551e-01 8.397148e-01 1.166307e+00 -2.276824e+00 2.750493e+00 1.345946e+00 -1.378094e+00 6.606719e-01 -1.823932e+00 7.637144e-04 1.332646e-01 -1.057618e+00 1.684822e-01 -2.749678e-02 -3.734247e-01 -2.297668e-01 6.640403e-01 -8.200554e-01 -3.057258e-01 3.711295e-01 -1.865957e-01 2.996465e-01 1.511956e-01 1.369160e-01 1.334002e-02 -4.992183e-02 6.857312e-03
<VARIANCE> 39
 5.993690e+00 1.976981e+01 2.343171e+01 5.909203e+01 3.812662e+01 3.588312e+01 4.664026e+01 6.260337e+01 4.973132e+01 4.854108e+01 5.032099e+01 3.153945e+01 1.469961e-02 3.851937e-01 1.343931e+00 1.945302e+00 2.800009e+00 2.695700e+00 3.467768e+00 3.245610e+00 3.885006e+00 2.659497e+00 3.377413e+00 3.461213e+00 2.289629e+00 2.275213e-04 8.033416e-02 2.284759e-01 2.295675e-01 3.474465e-01 4.051454e-01 4.876367e-01 4.313191e-01 5.437145e-01 3.530692e-01 3.705466e-01 4.339003e-01 2.638128e-01 5.751280e-05
<GCONST> 8.794437e+01
<MIXTURE> 5 9.625589e-02
<MEAN> 39
 -3.343838e+00 -6.876676e+00 -3.481521e+00 -5.065427e+00 -1.058772e+01 -3.870512e+00 -8.657087e+00 -6.608594e+00 -5.720104e+00 -1.010552e+00 -2.945001e+00 -7.673965e+00 5.445564e-01 -3.276720e-01 1.101281e+00 1.389201e+00 1.031787e+00 -3.954038e-01 -1.772462e-01 8.940323e-01 -1.859847e+00 -1.745589e+00 7.084303e-01 6.978885e-03 -2.426995e-01 -3.845615e-02 2.203483e-02 -1.497719e-01 -3.115379e-01 -3.691753e-01 8.976340e-02 -5.148696e-02 -5.722528e-02 5.599899e-01 3.637147e-01 -2.551048e-01 -7.411845e-02 3.008937e-01 1.010211e-02
<VARIANCE> 39
 7.450920e+00 2.646034e+01 3.525237e+01 4.025522e+01 4.367217e+01 3.789393e+01 4.234054e+01 5.354250e+01 6.194241e+01 3.781787e+01 4.337516e+01 3.343557e+01 1.793143e-02 5.238386e-01 1.269853e+00 1.752591e+00 2.718793e+00 2.218517e+00 3.300821e+00 3.133221e+00 3.754074e+00 3.865245e+00 2.372218e+00 2.784023e+00 2.207932e+00 3.717527e-04 6.942827e-02 1.597108e-01 2.370669e-01 2.571700e-01 3.431488e-01 3.473764e-01 3.192870e-01 3.751612e-01 5.046461e-01 2.932341e-01 3.596986e-01 3.135178e-01 5.449989e-05
<GCONST> 8.665937e+01
<MIXTURE> 6 7.586148e-02
<MEAN> 39
 -4.163700e+00 -4.790386e+00 -4.801404e+00 -7.234408e+00 -6.779776e+00 -1.142333e+01 -6.617460e+00 4.727243e-01 -7.074422e+00 -2.036104e+00 -5.905926e+00 -5.226057e+00 5.441154e-01 -9.114923e-03 1.436392e+00 7.500542e-01 1.349661e+00 -3.044014e-01 4.032273e-01 1.503392e+00 -3.412642e+00 -1.549832e+00 1.489078e+00 -7.098360e-01 -3.456385e-01 -4.372633e-02 -1.072809e-01 -9.325428e-02 2.854892e-01 -4.347330e-02 -4.675262e-01 3.376273e-01 1.743968e-01 -3.837600e-01 1.105353e-01 -5.771336e-02 -6.487868e-04 2.406115e-01 1.519032e-03
<VARIANCE> 39
 6.559392e+00 1.859924e+01 3.287716e+01 3.674970e+01 3.621588e+01 3.044241e+01 3.894359e+01 3.835046e+01 4.783045e+01 4.814334e+01 4.088121e+01 3.227290e+01 1.675493e-02 4.355633e-01 1.264278e+00 2.028155e+00 2.342090e+00 2.912960e+00 3.160997e+00 3.326525e+00 4.926843e+00 4.644307e+00 3.226621e+00 3.048275e+00 1.995172e+00 3.588298e-04 6.384327e-02 1.305972e-01 2.238436e-01 2.067256e-01 2.249107e-01 2.791252e-01 2.739061e-01 3.430896e-01 2.906812e-01 2.618686e-01 2.339605e-01 2.266685e-01 4.295620e-05
<GCONST> 8.272733e+01
<MIXTURE> 7 4.973287e-02
<MEAN> 39
 -1.094254e+01 4.838897e-01 -2.279274e+00 -2.420038e+00 -4.481004e+00 -4.245032e+00 -7.768140e-01 -6.095961e+00 -9.153284e+00 -4.165143e-01 -3.245695e+00 -3.854158e+00 2.012906e-01 2.461419e+00 2.828321e-02 4.532246e-01 1.151136e-01 -1.507578e+00 -6.882282e-01 5.354945e-02 -1.617175e+00 -1.562668e+00 5.119287e-01 -5.358660e-01 -7.690690e-01 4.628286e-02 1.299105e-01 -5.351844e-01 1.130035e-01 -4.474397e-01 -5.207118e-01 -2.799062e-01 -5.427126e-01 3.183509e-01 3.754121e-01 -1.124851e-01 -3.670906e-02 -1.199861e-02 3.128252e-02
<VARIANCE> 39
 2.514044e+01 2.355296e+01 3.108519e+01 2.907950e+01 3.097261e+01 2.451087e+01 3.271734e+01 3.816208e+01 3.565200e+01 2.787366e+01 2.709422e+01 2.011024e+01 2.896805e-02 4.122829e+00 2.999797e+00 3.694057e+00 3.547452e+00 3.453202e+00 3.952407e+00 5.319268e+00 5.248644e+00 4.395993e+00 3.344742e+00 2.822467e+00 2.460077e+00 4.193982e-03 5.239281e-01 6.473006e-01 6.874105e-01 6.732694e-01 7.054712e-01 5.467395e-01 8.731103e-01 8.566873e-01 8.916069e-01 5.758347e-01 5.325015e-01 3.688983e-01 6.030820e-04
<GCONST> 1.056705e+02
<MIXTURE> 8 7.988850e-02
<MEAN> 39
 -5.305922e+00 -4.035720e+00 -2.849050e+00 -9.774322e+00 -1.369601e+01 -1.233312e+01 -2.716329e+00 -1.232564e+01 -7.306337e+00 -3.317210e+00 -1.468196e+01 2.845874e+00 5.347161e-01 -2.866819e-02 1.927263e+00 7.648417e-01 9.823236e-01 -9.864338e-01 3.047865e-01 8.269213e-01 -3.813871e+00 8.864228e-02 8.116237e-01 -1.530494e+00 8.351095e-01 -3.699677e-02 -1.340075e-01 -3.602973e-01 -2.431074e-01 -3.505432e-01 3.712036e-01 2.648468e-01 -3.700414e-01 1.006127e+00 -1.468316e-01 -2.928901e-01 7.569962e-01 -5.338101e-01 8.773915e-03
<VARIANCE> 39
 5.216906e+00 2.516634e+01 2.238509e+01 3.841732e+01 3.573050e+01 5.067873e+01 5.038137e+01 5.073444e+01 5.241399e+01 5.482196e+01 3.649913e+01 3.609077e+01 1.391309e-02 4.706330e-01 1.639590e+00 2.531151e+00 2.138530e+00 2.732875e+00 4.346485e+00 3.347059e+00 4.277102e+00 4.452889e+00 3.701439e+00 3.102766e+00 2.892034e+00 4.037208e-04 9.895154e-02 2.695412e-01 2.852873e-01 3.017485e-01 4.334292e-01 5.803149e-01 4.508363e-01 5.801050e-01 5.063860e-01 4.964714e-01 4.309067e-01 4.049072e-01 6.920052e-05
<GCONST> 9.177518e+01
<MIXTURE> 9 7.998576e-02
<MEAN> 39
 -3.353927e+00 -1.067202e+01 -3.843299e+00 -9.433757e+00 -8.743711e+00 -6.082940e+00 -1.332336e+01 5.462357e+00 8.083796e-02 -6.088753e+00 -3.148902e+00 -6.878565e+00 6.361902e-01 -1.350168e-02 2.105389e+00 5.867409e-01 1.771102e+00 1.765976e-01 -5.344010e-01 1.830418e+00 -3.634431e+00 -2.650272e+00 1.990312e+00 -2.534977e-01 -6.594231e-01 -6.052333e-02 -1.357643e-01 3.594723e-01 1.928405e-01 3.752105e-01 -3.549391e-01 -2.824438e-03 9.910251e-01 -1.060067e+00 -7.350999e-01 5.300867e-01 -1.676631e-01 2.065631e-01 -6.852773e-03
<VARIANCE> 39
 5.766359e+00 1.878283e+01 2.747882e+01 3.386697e+01 3.759369e+01 3.721013e+01 3.518237e+01 4.434890e+01 4.106226e+01 3.820116e+01 3.611689e+01 3.621322e+01 1.298605e-02 4.633088e-01 1.257775e+00 1.728550e+00 2.024572e+00 2.712438e+00 3.285519e+00 3.174972e+00 3.977377e+00 3.841455e+00 2.518795e+00 2.744457e+00 2.254172e+00 4.039939e-04 6.624044e-02 1.695921e-01 2.657754e-01 2.882412e-01 3.680899e-01 3.775953e-01 3.727620e-01 6.036683e-01 4.470654e-01 3.672551e-01 3.536362e-01 3.345526e-01 5.271146e-05
<GCONST> 8.538349e+01
<MIXTURE> 10 6.275513e-02
<MEAN> 39
 -5.447575e+00 -9.023970e+00 -4.949903e+00 -1.427906e+01 -1.089564e+01 -1.482495e+01 -5.234329e+00 1.822911e+00 -1.112103e+01 -7.257854e+00 -9.103624e+00 6.780421e-01 6.520777e-01 4.923906e-01 2.423181e+00 5.797632e-01 1.730050e+00 -7.827702e-01 -2.983100e-01 2.504418e-01 -3.692542e+00 6.121221e-03 1.119141e+00 -1.424094e+00 6.284984e-01 -5.461362e-02 -1.555318e-01 2.631066e-01 1.124075e-01 1.233876e-01 -1.757982e-01 5.547476e-01 1.966554e-01 -1.048018e+00 1.512958e-01 2.537694e-01 -5.830946e-02 -1.851621e-01 -3.283457e-03
<VARIANCE> 39
 5.709818e+00 1.910719e+01 2.814078e+01 3.114879e+01 3.542102e+01 2.689179e+01 3.777389e+01 3.982568e+01 4.460859e+01 3.709988e+01 3.202700e+01 2.747195e+01 1.114666e-02 6.218040e-01 1.536093e+00 2.302294e+00 2.216566e+00 3.531279e+00 4.659064e+00 3.521991e+00 4.697364e+00 3.839938e+00 3.779078e+00 3.357808e+00 3.468028e+00 3.733504e-04 8.838049e-02 1.724259e-01 2.869636e-01 2.493015e-01 3.406536e-01 3.533405e-01 3.741949e-01 4.712521e-01 4.342505e-01 4.329164e-01 4.091428e-01 3.893382e-01 5.967190e-05
<GCONST> 8.753377e+01
<MIXTURE> 11 9.001990e-02
<MEAN> 39
 -4.538682e+00 -3.794286e+00 -6.764423e-01 -3.261829e+00 -1.054445e+01 -7.951838e+00 -1.020136e+00 -1.097044e+01 -1.027867e+01 3.493266e+00 -7.111001e+00 -6.019420e+00 4.721525e-01 -2.705058e-01 1.917805e+00 7.628952e-01 1.460064e+00 -7.183637e-01 1.805898e-02 2.620372e+00 -3.691624e+00 -2.456946e+00 1.589168e+00 -7.048668e-01 1.302281e-01 -4.398948e-02 1.337645e-02 -4.819660e-01 -3.481697e-01 -5.618871e-01 1.870084e-01 1.609307e-01 -8.190320e-01 1.250895e+00 8.541670e-01 -7.392299e-01 2.898808e-01 1.655891e-01 1.393200e-02
<VARIANCE> 39
 6.795442e+00 1.992063e+01 2.325522e+01 3.902314e+01 3.608652e+01 4.003590e+01 3.527696e+01 4.539345e+01 4.255241e+01 4.067197e+01 3.273274e+01 3.005647e+01 1.431907e-02 3.494270e-01 1.399853e+00 1.482104e+00 2.620059e+00 2.132646e+00 3.481745e+00 2.957833e+00 4.442857e+00 3.411213e+00 2.800252e+00 2.524623e+00 2.205855e+00 4.885651e-04 1.017767e-01 2.564544e-01 2.414896e-01 3.639067e-01 4.023548e-01 4.818589e-01 4.058717e-01 5.726933e-01 5.165304e-01 4.462282e-01 3.294336e-01 3.039309e-01 8.548475e-05
<GCONST> 8.741065e+01
<MIXTURE> 12 7.691459e-02
<MEAN> 39
 -2.821792e+00 -8.255294e+00 -6.901338e+00 -4.992315e+00 -7.688168e+00 -7.249495e+00 -6.189277e+00 -5.968024e+00 -2.980134e+00 1.881865e+00 -6.707707e+00 -6.588168e+00 5.636097e-01 -8.641295e-01 2.267294e+00 2.359327e+00 1.836393e+00 -6.133388e-01 -1.181849e+00 1.674593e+00 -2.777384e+00 -2.517066e+00 1.336607e+00 -5.268121e-01 -2.006715e-01 -6.991347e-02 -1.353709e-01 7.620529e-02 1.049533e-02 -4.017129e-01 6.336611e-02 3.618510e-01 -6.227768e-02 3.027726e-01 -2.960098e-02 -5.245803e-01 2.651311e-01 3.056896e-01 3.566629e-03
<VARIANCE> 39
 7.740281e+00 2.546882e+01 3.850223e+01 4.192305e+01 3.658994e+01 4.820258e+01 4.644497e+01 4.985532e+01 5.165794e+01 3.593015e+01 3.832040e+01 2.980595e+01 1.763912e-02 5.163943e-01 1.565595e+00 2.250133e+00 3.787505e+00 3.305722e+00 5.387313e+00 4.582010e+00 5.117465e+00 5.096795e+00 3.735555e+00 3.751111e+00 3.478186e+00 4.375323e-04 1.107643e-01 1.958513e-01 3.032610e-01 3.296094e-01 3.877746e-01 3.615533e-01 4.043480e-01 4.349345e-01 4.739924e-01 3.447323e-01 3.979590e-01 3.086629e-01 7.753542e-05
<GCONST> 9.263506e+01
<MIXTURE> 13 4.846404e-02
<MEAN> 39
 -4.158989e+00 -4.034503e+00 -2.844297e+00 -1.117047e+01 -1.641087e+01 -1.006654e+01 -4.148553e+00 -7.261271e+00 -1.463353e+01 -3.533843e+00 -7.878867e+00 6.490001e-01 5.701191e-01 7.629721e-01 2.367586e+00 -1.132499e+00 2.095215e+00 1.093190e-01 6.685004e-01 1.197322e-01 -3.989391e+00 -7.759340e-02 4.982029e-01 -6.135781e-01 1.014675e-02 -4.467057e-02 -3.946894e-01 -2.292120e-01 8.676764e-02 -3.668816e-01 3.224202e-01 9.080470e-02 -1.130551e-01 2.555356e-01 4.406071e-01 -1.193097e-02 -4.727902e-02 -3.089136e-01 4.719181e-03
<VARIANCE> 39
 5.511004e+00 1.722246e+01 1.827247e+01 3.439593e+01 3.232785e+01 3.019770e+01 3.192001e+01 5.508821e+01 4.199095e+01 3.901537e+01 2.492454e+01 2.439368e+01 1.245872e-02 5.866842e-01 1.862230e+00 2.083037e+00 2.587582e+00 3.568990e+00 4.630005e+00 4.211626e+00 5.128668e+00 5.677011e+00 4.291259e+00 3.045446e+00 3.091866e+00 5.047671e-04 1.532319e-01 2.423714e-01 2.194030e-01 3.269411e-01 4.702081e-01 4.136294e-01 3.869982e-01 7.043934e-01 4.752021e-01 4.370390e-01 3.168724e-01 2.793007e-01 7.953456e-05
<GCONST> 8.964942e+01
<MIXTURE> 14 2.958725e-02
<MEAN> 39
 -7.165842e+00 3.326530e+00 -9.941129e-01 -5.037758e+00 -9.337662e+00 -8.079290e+00 -3.552708e+00 -1.190040e+01 -1.105488e+01 -3.050694e+00 -7.912254e+00 -4.382108e+00 3.753266e-01 3.797255e+00 -4.018103e-01 7.415292e-01 -1.062357e+00 -2.923448e+00 -1.682577e+00 -1.077489e+00 -2.436429e+00 -1.732027e+00 -3.375721e-01 -1.744241e+00 -3.879670e-01 9.146731e-02 -8.674760e-01 -8.783645e-01 -4.436421e-01 -3.395175e-01 2.512732e-01 2.807969e-01 -1.733979e-02 1.053689e+00 7.950817e-01 2.003050e-01 4.786577e-01 3.562669e-01 6.592550e-03
<VARIANCE> 39
 1.443590e+01 1.475609e+01 2.179651e+01 3.257733e+01 3.107241e+01 2.843797e+01 3.970073e+01 3.967697e+01 3.791768e+01 4.697317e+01 2.773602e+01 3.304316e+01 1.680835e-02 2.733006e+00 2.996498e+00 2.199854e+00 4.078231e+00 3.047601e+00 3.766065e+00 4.173366e+00 4.924571e+00 4.379396e+00 4.589016e+00 3.990705e+00 3.700507e+00 3.596680e-03 4.383217e-01 4.812065e-01 4.693683e-01 5.521439e-01 4.998703e-01 5.766109e-01 8.182942e-01 8.233486e-01 6.106912e-01 7.025439e-01 5.212698e-01 5.144436e-01 6.009752e-04
<GCONST> 1.036705e+02
<MIXTURE> 15 5.526583e-02
<MEAN> 39
 -4.328403e+00 -1.086181e+01 2.370342e+00 -1.042901e+01 -1.539871e+01 -5.507404e+00 -1.023575e+01 3.588336e+00 -6.085752e+00 -6.303332e+00 -4.785020e+00 -1.474996e+00 6.192927e-01 3.785947e-01 2.470596e+00 -8.246992e-01 2.109856e+00 8.436915e-01 -7.282910e-01 1.569002e+00 -3.614879e+00 -1.749974e+00 1.546221e+00 -5.876505e-01 -5.547400e-01 -5.545381e-02 -5.913451e-02 2.285853e-01 -3.351517e-01 1.275772e-01 1.948961e-01 -1.979237e-01 4.170027e-01 -4.888138e-01 -2.449970e-01 4.224407e-01 -4.613229e-02 -2.092015e-01 9.029273e-04
<VARIANCE> 39
 5.610301e+00 2.364450e+01 2.252020e+01 3.802613e+01 3.330003e+01 2.898621e+01 3.837013e+01 4.512635e+01 6.107686e+01 3.080257e+01 3.451501e+01 2.579214e+01 1.265143e-02 4.463604e-01 1.991623e+00 1.934615e+00 2.267372e+00 3.523299e+00 3.556738e+00 4.670116e+00 5.351424e+00 4.975382e+00 4.482813e+00 3.664095e+00 2.589808e+00 4.948358e-04 4.917546e-02 1.493952e-01 1.840996e-01 2.315074e-01 3.104559e-01 2.993664e-01 3.499169e-01 5.430459e-01 3.799110e-01 3.613310e-01 2.748128e-01 2.298159e-01 3.314033e-05
<GCONST> 8.529121e+01
<MIXTURE> 16 5.732539e-02
<MEAN> 39
 -7.884378e+00 -2.883645e+00 -3.366739e+00 -8.102513e+00 -1.032807e+01 -9.668191e+00 -5.547304e+00 -5.387816e+00 -6.654045e+00 -5.134069e+00 -6.664599e+00 -3.406935e+00 4.676262e-01 -4.398293e-01 1.914483e+00 5.532966e-01 1.266394e+00 6.656209e-02 1.104811e-01 7.619959e-01 -2.025244e+00 -8.837053e-01 4.685611e-02 -6.776729e-01 2.122779e-02 -5.972217e-02 1.522992e-01 -6.186225e-01 -5.697144e-02 -3.022401e-01 -1.047016e-02 3.232584e-01 -1.010251e-01 3.896934e-01 6.307060e-02 2.629090e-01 1.804248e-01 1.373748e-02 1.152338e-02
<VARIANCE> 39
 1.492313e+01 2.922496e+01 5.399845e+01 5.626343e+01 6.607944e+01 5.505527e+01 4.630370e+01 5.492313e+01 6.964536e+01 5.694481e+01 5.874950e+01 4.307900e+01 2.766220e-02 1.877662e+00 3.116745e+00 4.838781e+00 4.770166e+00 5.357710e+00 4.717917e+00 5.816983e+00 5.698551e+00 5.433891e+00 5.133099e+00 4.863739e+00 3.465798e+00 2.046271e-03 4.656277e-01 5.056722e-01 8.837918e-01 9.187282e-01 1.129370e+00 9.209726e-01 8.606628e-01 9.339168e-01 9.689515e-01 7.990248e-01 9.997603e-01 7.608198e-01 3.896450e-04
<GCONST> 1.157334e+02
<STATE> 3
<NUMMIXES> 16
<MIXTURE> 1 6.186882e-02
<MEAN> 39
 -3.462047e+00 -8.241879e+00 -2.837931e+00 -3.577884e+00 -9.978591e+00 -5.679810e+00 -8.283217e+00 -7.484141e+00 -6.162108e+00 7.662012e-01 -3.735286e+00 -6.939313e+00 5.471774e-01 1.458329e-01 -3.015271e-01 3.050885e-02 1.298765e-01 -1.585913e-01 -2.758349e-01 -8.519647e-02 3.085139e-01 1.175282e-01 1.044010e-01 -3.249218e-01 2.114254e-01 3.470303e-04 8.727638e-02 -4.077760e-01 -4.308984e-01 -7.913423e-01 -5.057323e-02 2.538759e-01 -2.513404e-01 1.071920e+00 7.110708e-01 -5.229577e-01 3.129483e-02 2.611327e-01 1.892173e-02
<VARIANCE> 39
 9.085371e+00 2.527535e+01 3.782311e+01 4.408386e+01 3.675315e+01 3.548143e+01 4.472964e+01 6.038555e+01 4.727687e+01 3.838272e+01 4.063896e+01 2.951628e+01 1.529395e-02 6.704054e-01 1.079401e+00 2.865367e+00 2.579658e+00 2.595160e+00 2.632791e+00 2.308771e+00 3.363053e+00 3.127632e+00 2.228915e+00 2.044449e+00 1.872230e+00 4.751822e-04 1.256678e-01 2.699091e-01 5.019006e-01 4.563429e-01 6.141093e-01 5.104079e-01 7.330647e-01 7.013087e-01 6.182697e-01 5.667626e-01 5.654269e-01 4.624152e-01 8.462920e-05
<GCONST> 9.285027e+01
<MIXTURE> 2 4.708712e-02
<MEAN> 39
 -2.946124e+00 -2.771493e+00 -1.777848e+00 -1.359195e+00 -1.313299e+01 -5.590970e+00 -2.366545e+00 -9.318630e+00 -1.252627e+01 1.748249e+00 -2.696926e+00 -8.453678e+00 4.510272e-01 -1.319110e+00 1.659216e+00 2.773168e-02 -6.422859e-01 1.864508e+00 -2.386920e-01 3.664704e-02 3.555044e-01 4.803853e-01 -6.732938e-01 -5.739347e-01 9.273022e-01 -3.236110e-02 -1.120219e+00 -1.925011e-01 -1.389987e-01 -7.613751e-01 9.173486e-01 -5.371522e-02 -5.004690e-01 1.130271e+00 1.049099e+00 -5.474697e-01 4.812690e-02 6.468672e-01 4.848936e-03
<VARIANCE> 39
 5.995289e+00 1.526349e+01 2.108874e+01 3.101924e+01 3.010853e+01 3.052457e+01 3.373915e+01 3.959764e+01 4.570013e+01 3.251522e+01 3.344025e+01 2.693888e+01 1.147149e-02 1.498533e+00 1.889037e+00 2.122892e+00 2.227163e+00 2.168301e+00 2.503420e+00 2.905542e+00 3.533627e+00 3.065677e+00 2.750155e+00 2.054516e+00 1.852575e+00 4.914794e-04 3.255317e-01 4.302441e-01 5.626858e-01 5.215206e-01 4.357674e-01 6.357147e-01 5.223736e-01 6.976379e-01 5.962816e-01 5.096586e-01 5.061895e-01 3.557074e-01 2.374275e-04
<GCONST> 9.206605e+01
<MIXTURE> 3 4.584784e-02
<MEAN> 39
 -4.248858e+00 -2.702315e+00 -4.870310e-01 -2.879448e+00 -8.313549e+00 -9.623842e+00 -1.273567e+00 -8.632556e+00 -1.475865e+01 5.855678e+00 -5.224169e+00 -7.934690e+00 4.504327e-01 2.282937e-02 5.508859e-01 -4.787616e-02 2.418168e-01 6.988776e-03 1.547681e-01 1.932618e-01 -2.942538e-01 -2.194761e-01 -3.304119e-01 4.820531e-02 2.890910e-01 -9.266384e-03 -9.739078e-02 -1.634311e-01 -4.445727e-02 -2.827033e-01 6.062318e-02 2.441185e-01 -5.200493e-01 6.318709e-01 6.974302e-01 -8.219725e-01 1.918585e-01 3.283910e-01 3.595752e-03
<VARIANCE> 39
 4.458250e+00 1.383829e+01 1.922631e+01 3.423652e+01 4.289728e+01 4.784198e+01 3.683960e+01 4.456869e+01 5.466315e+01 3.577250e+01 3.235132e+01 2.730928e+01 1.347922e-02 1.372693e-01 5.614588e-01 5.477912e-01 5.647708e-01 8.733613e-01 8.295270e-01 1.246098e+00 1.173617e+00 1.272221e+00 1.436502e+00 1.293985e+00 9.610908e-01 9.637657e-05 4.803724e-02 1.621795e-01 2.087077e-01 2.594835e-01 3.172898e-01 3.190509e-01 2.839623e-01 3.474172e-01 3.467088e-01 2.644380e-01 3.081447e-01 2.220197e-01 4.746242e-05
<GCONST> 6.786594e+01
<MIXTURE> 4 6.222117e-02
<MEAN> 39
 -3.275947e+00 -4.086580e-02 -4.078365e+00 -6.697368e+00 -1.659320e+01 -3.491978e+00 -4.561676e+00 -1.817078e+01 -6.892227e+00 -3.293393e+00 -8.314869e+00 -1.864426e+00 5.052572e-01 -2.272776e-01 6.938984e-01 2.778113e-01 3.645209e-02 7.743700e-01 -7.294848e-02 -4.294992e-01 3.621513e-01 -3.024382e-01 -1.285224e-01 -1.966959e-02 -1.462557e-01 -1.463419e-02 -6.496026e-01 -3.476463e-01 1.081421e-01 -2.514568e-01 8.648608e-01 -5.506269e-01 -5.467029e-02 1.542022e+00 -9.530444e-02 -1.784282e-01 3.529764e-01 -4.977458e-02 -2.669264e-03
<VARIANCE> 39
 6.791538e+00 1.816528e+01 2.001696e+01 3.975648e+01 3.005716e+01 2.992957e+01 5.967184e+01 4.685917e+01 5.258879e+01 4.721000e+01 3.280040e+01 3.759710e+01 1.197414e-02 5.643457e-01 1.954691e+00 1.042582e+00 1.767287e+00 2.764474e+00 2.611036e+00 2.524880e+00 5.214138e+00 2.728734e+00 2.129108e+00 1.967184e+00 1.666818e+00 8.972001e-04 2.410130e-01 3.457503e-01 3.609453e-01 5.272983e-01 4.840777e-01 4.719460e-01 8.106847e-01 8.902368e-01 6.809564e-01 5.702805e-01 3.980631e-01 4.520294e-01 1.432414e-04
<GCONST> 9.215496e+01
<MIXTURE> 5 7.151462e-02
<MEAN> 39
 -4.394595e+00 -4.933026e+00 -1.549267e+00 -5.985180e+00 -1.319171e+01 -5.137940e+00 -7.703609e+00 -8.579781e+00 -6.135875e+00 -3.692682e+00 -5.501962e+00 -4.791057e+00 5.302445e-01 -5.993395e-03 2.406977e-01 2.027148e-01 1.855927e-01 -9.698275e-02 -5.122266e-02 1.667892e-01 -3.072531e-01 -9.829195e-02 2.205808e-01 -1.725706e-01 6.157674e-02 -6.071038e-03 -4.967687e-02 -1.742683e-01 -1.895927e-01 -3.710547e-01 1.418332e-01 -9.795476e-02 -1.146708e-02 5.913386e-01 2.503323e-02 2.756501e-02 6.716770e-02 5.043652e-02 7.926731e-03
<VARIANCE> 39
 8.791508e+00 3.353746e+01 3.470989e+01 5.407978e+01 4.673219e+01 5.054073e+01 5.525288e+01 9.949612e+01 7.006741e+01 5.854851e+01 4.544481e+01 3.368499e+01 1.879582e-02 1.629414e-01 4.795579e-01 6.937284e-01 6.937627e-01 8.851039e-01 9.044068e-01 1.058688e+00 1.248881e+00 1.203319e+00 9.921201e-01 1.046955e+00 7.541606e-01 1.305479e-04 9.768016e-02 2.017084e-01 3.858736e-01 3.461554e-01 5.098475e-01 4.307838e-01 4.520992e-01 5.714033e-01 4.324785e-01 3.748731e-01 3.684958e-01 3.061451e-01 6.533978e-05
<GCONST> 7.828574e+01
<MIXTURE> 6 7.041501e-02
<MEAN> 39
 -3.145442e+00 -2.322739e+00 -1.824886e+00 -3.901993e+00 -1.257536e+01 -6.201159e+00 1.551813e+00 -1.342974e+01 -1.389891e+01 3.035812e+00 -4.705848e+00 -4.992812e+00 4.749954e-01 -4.607842e-02 8.714724e-01 6.461293e-02 2.667049e-01 -1.566880e-01 3.630027e-01 6.860989e-01 -9.319414e-01 -7.252448e-01 -2.516249e-03 -7.419422e-02 9.529816e-02 -1.668978e-02 -2.525099e-01 -6.377528e-01 -5.315468e-02 -5.501368e-01 4.348590e-01 -1.377698e-01 -1.297822e+00 1.791776e+00 1.301472e+00 -8.996767e-01 1.086020e-01 1.704362e-01 1.156048e-02
<VARIANCE> 39
 5.689400e+00 1.739985e+01 2.303955e+01 3.800230e+01 3.135700e+01 3.530920e+01 3.864768e+01 3.915959e+01 4.636476e+01 4.040324e+01 3.537298e+01 2.990687e+01 1.120135e-02 2.077090e-01 8.529475e-01 6.440898e-01 8.723930e-01 1.020796e+00 1.195714e+00 1.636947e+00 2.559367e+00 1.715245e+00 1.671263e+00 1.278062e+00 1.079951e+00 2.592681e-04 1.533494e-01 3.735711e-01 4.695667e-01 5.502570e-01 4.665822e-01 6.021386e-01 5.951403e-01 7.933576e-01 7.567991e-01 6.725255e-01 5.794985e-01 4.156990e-01 1.687445e-04
<GCONST> 8.281026e+01
<MIXTURE> 7 5.235432e-02
<MEAN> 39
 -7.344740e+00 2.370534e-02 -3.521336e+00 -5.545917e+00 -7.169577e+00 -9.231182e+00 -6.490194e+00 -4.983627e+00 -6.482649e+00 -3.670200e+00 -6.037266e+00 -3.858225e+00 3.677589e-01 -2.134503e+00 1.807588e+00 3.939101e-01 8.956070e-01 1.359828e+00 5.626840e-01 1.126020e+00 -1.092598e+00 -4.248706e-01 -3.478849e-02 2.989009e-01 4.767527e-01 -6.906346e-02 -5.060934e-01 -1.027325e+00 -1.456636e-01 -5.898796e-01 -5.466459e-02 5.837274e-01 5.064468e-02 6.981743e-01 4.571856e-01 1.611970e-01 3.249205e-01 1.838310e-01 2.012559e-02
<VARIANCE> 39
 1.920960e+01 2.950735e+01 3.447411e+01 3.600473e+01 4.046397e+01 3.850216e+01 4.869335e+01 5.475127e+01 4.846066e+01 4.187246e+01 3.869062e+01 3.081838e+01 3.672808e-02 4.034289e+00 3.654827e+00 4.378561e+00 4.201612e+00 4.869906e+00 4.455999e+00 4.812392e+00 5.337461e+00 5.601765e+00 4.255108e+00 4.025552e+00 2.993199e+00 2.932801e-03 9.073685e-01 6.821223e-01 7.568783e-01 6.487776e-01 8.559228e-01 6.741275e-01 8.323544e-01 9.119719e-01 7.979296e-01 7.626916e-01 7.344404e-01 5.756348e-01 3.364503e-04
<GCONST> 1.121590e+02
<MIXTURE> 8 6.007742e-02
<MEAN> 39
 -6.037037e+00 -3.356386e+00 -1.694638e+00 -1.064151e+01 -1.428355e+01 -1.372584e+01 -2.666224e+00 -1.447877e+01 -7.491957e+00 -2.228630e+00 -1.652735e+01 3.422088e+00 5.210252e-01 -9.911515e-02 -1.860303e-01 -9.329086e-02 7.385620e-02 -1.438201e-02 3.354807e-01 -3.932110e-01 3.813593e-01 4.149765e-02 -2.097499e-01 4.253424e-01 -1.978767e-01 7.879358e-04 -1.382253e-01 -7.857645e-01 -3.743465e-01 -5.524336e-01 4.845270e-01 4.238004e-01 -5.240979e-01 1.768144e+00 -1.067504e-01 -3.346656e-01 1.107498e+00 -6.834806e-01 1.562382e-02
<VARIANCE> 39
 5.856078e+00 2.582507e+01 2.503267e+01 3.657292e+01 3.307533e+01 5.393127e+01 5.179311e+01 6.463280e+01 6.712323e+01 6.646910e+01 3.708294e+01 4.708271e+01 1.299698e-02 4.988045e-01 1.843126e+00 1.673695e+00 1.903805e+00 2.015206e+00 2.342056e+00 2.729154e+00 5.023252e+00 3.289410e+00 2.483904e+00 3.508138e+00 2.484338e+00 6.128316e-04 1.961350e-01 4.820939e-01 6.566851e-01 6.955084e-01 5.627937e-01 1.060963e+00 8.548077e-01 1.148768e+00 1.209881e+00 9.522582e-01 6.398309e-01 6.403224e-01 1.831411e-04
<GCONST> 9.972405e+01
<MIXTURE> 9 1.069300e-01
<MEAN> 39
 -5.421728e+00 3.075831e-01 -1.549590e+00 -3.839485e+00 -9.287735e+00 -7.866199e+00 -2.454325e+00 -8.626482e+00 -9.806434e+00 -1.817945e+00 -7.116415e+00 -2.981805e+00 3.386967e-01 -3.479270e-01 8.163796e-01 2.751367e-01 4.932662e-01 4.739538e-01 2.529645e-01 3.188907e-02 1.047649e-01 -2.127565e-02 -5.003432e-01 -9.223044e-02 1.461021e-01 -2.236624e-02 -2.332561e-01 -2.219839e-01 -3.956443e-02 -4.166552e-02 2.288643e-01 1.787734e-01 -9.282359e-02 3.557043e-01 2.678149e-01 -5.890404e-02 1.274964e-01 -1.141699e-02 -2.192191e-03
<VARIANCE> 39
 6.870476e+00 1.656437e+01 2.196291e+01 2.973004e+01 3.181217e+01 3.243399e+01 4.504916e+01 4.068556e+01 3.687979e+01 4.456838e+01 3.964814e+01 3.174048e+01 1.675675e-02 4.140278e-01 1.030882e+00 1.082490e+00 1.303826e+00 1.507455e+00 1.513743e+00 1.725396e+00 1.848161e+00 1.670874e+00 1.834035e+00 1.598057e+00 1.408386e+00 4.677101e-04 1.229273e-01 2.077875e-01 2.220440e-01 2.321411e-01 2.557736e-01 2.705476e-01 3.307740e-01 3.629748e-01 3.219700e-01 3.112840e-01 2.983448e-01 2.479902e-01 8.694741e-05
<GCONST> 7.786290e+01
<MIXTURE> 10 6.595005e-02
<MEAN> 39
 -4.870871e+00 -2.931607e-01 -2.833024e+00 -9.708288e+00 -1.315158e+01 -1.055418e+01 -1.282121e+00 -1.598630e+01 -1.064976e+01 -1.112144e+00 -1.328263e+01 8.134196e-01 5.281637e-01 8.829030e-02 3.766790e-01 -1.080925e-01 1.906457e-01 3.701675e-02 2.046059e-01 -1.855308e-01 -4.890405e-01 8.010646e-02 8.033381e-02 -5.527726e-02 -1.537476e-01 -4.959000e-03 -9.750618e-02 -3.319667e-01 1.484537e-02 -6.166584e-02 1.736782e-01 -3.372009e-02 -4.879696e-01 1.060386e+00 9.133080e-02 -3.587191e-01 5.310137e-01 -2.764393e-01 3.302284e-03
<VARIANCE> 39
 5.662777e+00 1.822585e+01 1.952517e+01 3.891258e+01 3.695314e+01 4.371578e+01 4.934711e+01 5.616423e+01 5.624716e+01 5.378138e+01 3.580209e+01 4.253625e+01 1.137230e-02 1.277602e-01 5.538677e-01 4.410040e-01 6.061539e-01 8.891228e-01 9.392948e-01 1.363609e+00 1.813380e+00 1.100662e+00 1.331621e+00 1.391945e+00 1.121276e+00 9.400405e-05 6.440860e-02 1.578256e-01 2.206163e-01 2.649420e-01 3.034189e-01 3.335770e-01 3.590125e-01 5.161635e-01 4.260844e-01 3.808664e-01 3.317902e-01 3.411054e-01 4.528476e-05
<GCONST> 7.203632e+01
<MIXTURE> 11 7.181752e-02
<MEAN> 39
 -4.362768e+00 -1.945545e+00 -3.012350e+00 -4.353372e+00 -1.069481e+01 -1.244023e+01 -3.992408e+00 -9.698858e+00 -1.127168e+01 4.993363e-01 -8.572080e+00 -5.716396e+00 5.064749e-01 -7.348327e-02 1.066986e+00 -1.137504e-01 8.223339e-01 3.261541e-01 -4.064802e-01 3.739365e-01 -1.280497e+00 -6.485807e-01 5.270543e-01 -1.634550e-01 -2.421484e-01 -2.078773e-02 -3.029347e-01 -9.119508e-01 3.519931e-01 -1.119219e+00 -2.035490e-01 8.895030e-01 -5.475171e-01 1.213593e+00 6.398832e-01 -7.106439e-01 5.429618e-01 2.984950e-01 1.641863e-02
<VARIANCE> 39
 6.332776e+00 2.652226e+01 3.523367e+01 6.144150e+01 5.264257e+01 4.094249e+01 4.955746e+01 7.009302e+01 6.759635e+01 6.525462e+01 5.766311e+01 3.909330e+01 1.472395e-02 3.559341e-01 1.062947e+00 1.723661e+00 1.739100e+00 1.798363e+00 2.136724e+00 2.058248e+00 2.970193e+00 2.212676e+00 2.212379e+00 1.847849e+00 1.571239e+00 2.799069e-04 2.130091e-01 4.614139e-01 9.035935e-01 6.775514e-01 9.675986e-01 6.888175e-01 8.558173e-01 1.097127e+00 8.620056e-01 1.084601e+00 8.598173e-01 6.703851e-01 1.847739e-04
<GCONST> 9.746558e+01
<MIXTURE> 12 6.779437e-02
<MEAN> 39
 -4.156601e+00 -3.193515e+00 -5.031718e-01 -3.451540e+00 -9.213771e+00 -9.825502e+00 -2.580711e+00 -5.975279e+00 -1.423326e+01 1.095752e+00 -2.674511e+00 -9.092326e+00 4.674787e-01 -2.284400e-01 -5.385168e-01 3.252860e-01 -3.299748e-01 -8.470105e-02 3.802983e-01 -6.029692e-01 3.254784e-01 6.330382e-01 -4.053944e-01 -6.044607e-02 2.927294e-01 8.620106e-03 -9.190939e-02 -9.658060e-01 -7.987683e-02 -7.254276e-01 -3.618969e-01 5.289280e-01 -9.516355e-01 9.996885e-01 1.628217e+00 -6.080172e-01 -8.456964e-02 6.309196e-01 2.173356e-02
<VARIANCE> 39
 6.051315e+00 2.280353e+01 3.101057e+01 3.686826e+01 3.642138e+01 4.261351e+01 4.830416e+01 5.803152e+01 5.760733e+01 4.776608e+01 4.801865e+01 3.407007e+01 1.207479e-02 3.181769e-01 1.122365e+00 1.191557e+00 1.447006e+00 1.381041e+00 1.759532e+00 1.758821e+00 1.846476e+00 3.074579e+00 2.060633e+00 1.765690e+00 1.716794e+00 4.291188e-04 1.710635e-01 4.620395e-01 7.200990e-01 6.985665e-01 6.601077e-01 9.110254e-01 9.080896e-01 1.113852e+00 9.055378e-01 9.031024e-01 7.793335e-01 5.310615e-01 1.992476e-04
<GCONST> 9.329118e+01
<MIXTURE> 13 4.825166e-02
<MEAN> 39
 -4.324466e+00 -8.102536e-01 -2.203433e+00 -2.360207e+00 -9.856318e+00 -7.734730e+00 -1.628725e+00 -1.134219e+01 -1.265704e+01 2.400794e+00 -4.087169e+00 -8.125647e+00 4.123265e-01 -1.157791e+00 2.304541e+00 4.357055e-01 8.692331e-01 1.024496e+00 5.494323e-01 1.065905e+00 -1.735340e+00 -1.012230e+00 -1.025858e-01 -2.067052e-01 6.189804e-01 -6.712049e-02 -7.043386e-01 -1.081663e+00 -2.225638e-01 -8.684632e-01 3.327234e-01 3.800947e-01 -7.306627e-01 1.641505e+00 1.381975e+00 -8.259736e-01 1.432801e-01 6.535563e-01 1.296770e-02
<VARIANCE> 39
 5.150590e+00 1.661557e+01 2.480192e+01 3.288937e+01 4.181493e+01 3.660992e+01 5.141099e+01 6.980301e+01 4.704921e+01 4.281081e+01 4.500902e+01 3.378793e+01 1.696628e-02 1.106283e+00 1.673968e+00 3.105294e+00 2.881565e+00 3.056694e+00 4.002229e+00 4.778453e+00 5.736358e+00 5.608050e+00 3.419421e+00 2.877546e+00 3.070815e+00 7.517221e-04 3.832741e-01 4.651574e-01 6.048457e-01 6.806991e-01 9.102657e-01 8.186928e-01 1.016255e+00 1.380002e+00 9.071619e-01 7.690523e-01 8.223053e-01 6.401694e-01 3.387350e-04
<GCONST> 1.042108e+02
<MIXTURE> 14 5.961598e-02
<MEAN> 39
 -4.250844e+00 5.089084e-02 -4.369968e+00 -1.004037e+01 -1.590603e+01 -1.135423e+01 -4.519409e+00 -1.377921e+01 -1.178829e+01 -4.149898e+00 -1.436634e+01 1.038340e+00 4.967935e-01 -1.029984e+00 1.739633e+00 2.306981e-01 1.372880e+00 1.359089e+00 6.989093e-01 -7.148005e-01 -6.509324e-01 1.893303e-01 -6.651219e-01 8.998137e-01 -1.071686e+00 -4.966003e-02 -1.103401e+00 -6.764173e-01 -1.178446e-01 -7.753532e-02 1.009075e+00 4.714617e-01 2.490602e-02 1.442855e+00 4.628266e-01 -3.799931e-02 1.048526e+00 -3.936576e-01 -2.980249e-03
<VARIANCE> 39
 4.833014e+00 1.883012e+01 1.942667e+01 2.884475e+01 3.258512e+01 4.108726e+01 4.572022e+01 5.366851e+01 6.384742e+01 5.587646e+01 4.058233e+01 4.009666e+01 1.326136e-02 1.111591e+00 2.245046e+00 2.154292e+00 1.978794e+00 3.399639e+00 2.881542e+00 3.234525e+00 6.376211e+00 3.978692e+00 3.617245e+00 3.169847e+00 2.699017e+00 6.762041e-04 2.242795e-01 5.477218e-01 5.849621e-01 5.194921e-01 5.626854e-01 7.629711e-01 7.482914e-01 1.072762e+00 9.773881e-01 8.675869e-01 6.507001e-01 6.482566e-01 2.569325e-04
<GCONST> 1.003121e+02
<MIXTURE> 15 5.735791e-02
<MEAN> 39
 -4.655103e+00 -2.755501e+00 -6.923360e-01 -4.465903e+00 -1.179605e+01 -6.698730e+00 -1.605018e+00 -1.045630e+01 -9.926120e+00 8.647454e-01 -7.156097e+00 -4.352328e+00 4.320782e-01 -8.410344e-03 3.565770e-01 3.413279e-02 4.537461e-02 5.649675e-02 4.194460e-02 1.347608e-01 -7.314130e-02 -2.796263e-02 -1.285938e-01 -1.203026e-01 -2.016889e-02 -6.521802e-03 2.789415e-04 1.081928e-02 -1.217004e-01 -1.914463e-02 1.167184e-01 -5.277863e-02 -1.470266e-01 2.874463e-01 9.028862e-02 -1.463418e-01 7.448510e-02 -1.241982e-02 1.183642e-03
<VARIANCE> 39
 6.613703e+00 1.996170e+01 2.289072e+01 3.872114e+01 3.512997e+01 3.787458e+01 3.930559e+01 5.531395e+01 4.910169e+01 4.542913e+01 3.824810e+01 2.841445e+01 1.438484e-02 1.139475e-01 3.542366e-01 3.325422e-01 3.738545e-01 4.560961e-01 5.033049e-01 5.174291e-01 6.345242e-01 5.350640e-01 5.407220e-01 5.590233e-01 4.763761e-01 7.651754e-05 2.283767e-02 8.517528e-02 1.006060e-01 1.053827e-01 1.056684e-01 1.482390e-01 1.384531e-01 1.881981e-01 1.545601e-01 1.334648e-01 1.391127e-01 1.097700e-01 2.415199e-05
<GCONST> 5.147605e+01
<MIXTURE> 16 5.088062e-02
<MEAN> 39
 -4.427388e+00 -1.318867e+00 -9.244335e-01 -4.989334e+00 -1.253355e+01 -8.052757e+00 -3.827571e+00 -1.080057e+01 -1.132473e+01 -8.319881e-01 -7.152886e+00 -4.739640e+00 4.639032e-01 1.424566e+00 -2.252323e+00 8.572713e-02 -1.280922e+00 -1.445357e+00 -3.870879e-01 -1.170875e+00 5.348438e-01 4.899894e-01 -2.842140e-02 -3.224476e-01 -8.730235e-02 7.996734e-02 -9.859577e-01 -6.075355e-01 -3.306717e-01 -4.481764e-01 7.315522e-01 4.488553e-01 -1.963948e-01 1.350427e+00 9.834558e-01 -2.048414e-01 4.012536e-01 2.380818e-01 -4.224385e-04
<VARIANCE> 39
 9.184438e+00 1.980334e+01 2.505096e+01 4.050921e+01 3.841490e+01 3.706444e+01 4.179113e+01 6.855679e+01 5.309709e+01 5.192314e+01 5.247742e+01 3.726999e+01 1.585112e-02 2.119708e+00 2.637586e+00 2.900744e+00 3.363574e+00 3.454427e+00 3.446951e+00 5.220824e+00 6.662827e+00 5.085229e+00 3.778434e+00 3.717640e+00 3.029015e+00 1.921816e-03 5.666097e-01 4.632594e-01 6.332300e-01 7.741327e-01 8.559421e-01 7.410306e-01 1.038425e+00 1.258507e+00 9.528649e-01 9.455224e-01 8.850145e-01 5.436189e-01 4.436657e-04
<GCONST> 1.087338e+02
<STATE> 4
<NUMMIXES> 16
<MIXTURE> 1 4.825172e-02
<MEAN> 39
 -1.042295e+01 2.651103e+00 -1.914563e+00 -7.109668e+00 -4.217194e+00 -7.239894e+00 -5.185869e+00 -6.022848e+00 -7.191426e+00 -3.169294e+00 -5.129173e+00 -3.808771e+00 3.722247e-01 -5.443458e+00 5.719380e-01 -6.081342e-01 -1.251325e+00 2.802638e+00 5.672621e-01 4.321527e-01 2.161024e+00 1.843161e+00 -4.015731e-01 8.590068e-01 1.180113e+00 5.865150e-03 -9.200063e-01 -6.283678e-01 -3.301844e-01 -2.208333e-01 -1.460922e-01 1.635932e-01 1.880292e-01 5.219103e-01 3.689517e-01 3.547443e-01 2.441826e-01 2.030204e-01 2.859791e-02
<VARIANCE> 39
 1.413965e+01 1.907226e+01 2.510483e+01 2.823077e+01 2.651393e+01 2.812694e+01 2.362881e+01 3.190965e+01 2.846662e+01 2.787373e+01 1.730431e+01 1.917509e+01 1.418880e-02 1.898326e+00 5.307430e+00 5.101072e+00 4.625998e+00 4.037146e+00 5.067656e+00 5.593926e+00 6.516951e+00 4.824225e+00 4.462121e+00 4.342266e+00 3.892427e+00 1.149781e-03 2.766808e-01 5.561301e-01 4.053994e-01 4.609044e-01 4.452561e-01 4.609501e-01 4.295419e-01 6.768614e-01 5.170313e-01 5.039578e-01 3.471559e-01 3.426645e-01 1.375191e-04
<GCONST> 9.778394e+01
<MIXTURE> 2 4.841415e-02
<MEAN> 39
 -2.113322e+00 -1.118538e+01 -7.923306e+00 -2.882287e+00 -1.039798e+01 -8.491992e+00 -5.118442e+00 -6.428234e+00 -1.144566e+00 1.522738e+00 -8.103032e+00 -4.934161e+00 6.205665e-01 6.981394e-01 -1.401581e+00 -1.706947e+00 -8.749057e-01 1.939023e-01 1.031129e+00 -1.218104e+00 1.708700e+00 2.205303e+00 -9.444814e-01 1.592799e-01 5.807761e-01 3.681302e-02 -3.656226e-02 3.043769e-01 1.799605e-02 -5.442204e-01 2.088675e-01 3.824906e-01 -2.233499e-01 3.580034e-01 -1.586961e-01 -4.677798e-01 4.977102e-01 5.333051e-02 1.386547e-03
<VARIANCE> 39
 6.477489e+00 2.017386e+01 3.098027e+01 3.491852e+01 4.124003e+01 4.272195e+01 3.745289e+01 4.994996e+01 4.923457e+01 3.862748e+01 3.604680e+01 2.871471e+01 1.650567e-02 5.566882e-01 2.251123e+00 2.154253e+00 2.916548e+00 2.879981e+00 4.010112e+00 4.095535e+00 4.998587e+00 4.421529e+00 3.973254e+00 3.421922e+00 2.869696e+00 9.220769e-04 1.016221e-01 2.269641e-01 3.255593e-01 3.754270e-01 5.046974e-01 4.656658e-01 4.627318e-01 5.604713e-01 6.311356e-01 4.231887e-01 4.187823e-01 4.034875e-01 1.014833e-04
<GCONST> 9.366119e+01
<MIXTURE> 3 5.693353e-02
<MEAN> 39
 -8.644426e+00 8.743303e-01 4.742037e-01 4.627818e-01 -5.053271e+00 -6.334308e+00 -5.962739e-01 -6.477348e+00 -7.726205e+00 -2.384082e+00 -8.224844e+00 -1.934619e+00 1.884100e-01 -1.270855e+00 -1.837611e-01 -1.529582e-01 6.708338e-01 1.110875e+00 1.045581e+00 4.354661e-01 1.020709e+00 9.005529e-01 -3.708808e-01 4.040270e-01 3.598408e-01 -5.101101e-02 -1.405633e-01 -4.645715e-01 -4.253145e-01 -4.528691e-01 -7.717180e-02 6.840269e-02 -8.008598e-02 3.215872e-01 2.425135e-01 1.592716e-01 3.062834e-01 -2.169760e-02 1.268020e-03
<VARIANCE> 39
 7.069586e+00 1.196159e+01 1.475525e+01 2.628584e+01 2.928140e+01 3.182556e+01 3.275858e+01 3.735231e+01 4.153080e+01 4.433419e+01 3.072010e+01 3.379729e+01 1.797870e-02 6.940324e-01 1.207577e+00 1.163605e+00 1.712496e+00 1.696518e+00 1.792857e+00 2.388540e+00 2.203168e+00 1.894310e+00 2.336824e+00 1.974158e+00 1.669254e+00 6.204958e-04 1.061312e-01 1.883622e-01 2.097857e-01 3.330191e-01 3.098110e-01 3.867820e-01 3.595181e-01 4.047554e-01 3.332373e-01 4.109234e-01 3.264988e-01 3.277043e-01 1.232532e-04
<GCONST> 8.120067e+01
<MIXTURE> 4 9.707271e-02
<MEAN> 39
 -4.004385e+00 -1.268715e+01 -3.229811e+00 -1.103819e+01 -9.872866e+00 -4.912021e+00 -1.353976e+01 2.720140e+00 1.085692e+00 -3.007649e+00 -5.568470e+00 -5.598494e+00 6.948798e-01 3.148683e-01 -2.372565e+00 -1.367584e+00 -1.946737e+00 1.359731e-01 1.154307e+00 -1.591213e+00 3.137447e+00 2.547842e+00 -1.087611e+00 -8.455390e-02 2.078790e-01 6.344875e-02 6.802268e-02 5.459697e-01 -1.520547e-01 4.632753e-01 3.766703e-03 -5.955566e-02 9.761917e-01 -8.572158e-01 -8.186123e-01 3.007493e-01 5.340770e-02 -3.887158e-02 -9.949947e-03
<VARIANCE> 39
 5.418912e+00 1.954602e+01 2.987013e+01 2.909824e+01 3.606996e+01 3.677707e+01 3.645694e+01 4.301109e+01 3.806232e+01 3.368053e+01 2.960154e+01 3.015121e+01 1.018843e-02 5.034647e-01 1.642421e+00 2.487185e+00 2.475124e+00 3.414196e+00 3.883229e+00 4.520161e+00 4.826168e+00 4.355202e+00 3.645165e+00 2.881697e+00 2.288009e+00 6.855326e-04 8.725728e-02 2.229661e-01 3.185845e-01 3.846449e-01 4.912144e-01 5.275424e-01 4.969941e-01 7.756531e-01 6.030388e-01 5.076557e-01 4.867863e-01 4.187539e-01 7.705695e-05
<GCONST> 9.109146e+01
<MIXTURE> 5 7.496983e-02
<MEAN> 39
 -5.825798e+00 -4.542653e+00 1.001273e-01 -7.258705e+00 -1.068488e+01 -7.687653e+00 -6.274323e+00 -4.688934e+00 -7.426994e+00 -4.557961e+00 -5.359640e+00 -3.343681e+00 5.281687e-01 -4.603953e-01 -2.193919e+00 5.058519e-01 -1.949764e+00 -5.096306e-01 4.455169e-01 -1.668952e+00 3.398202e+00 1.639393e+00 -9.979151e-01 7.765234e-01 5.626504e-01 4.802553e-02 8.837663e-02 -4.023496e-01 -1.205265e-01 -2.767088e-01 -3.210717e-01 1.556443e-01 -2.669229e-02 4.476773e-01 9.785092e-02 1.951963e-01 6.892148e-02 -3.298173e-02 1.087750e-02
<VARIANCE> 39
 6.291790e+00 2.348751e+01 2.537922e+01 3.574828e+01 3.588792e+01 3.280406e+01 3.783282e+01 4.465246e+01 4.878400e+01 2.927871e+01 3.566683e+01 3.094385e+01 1.499038e-02 8.456098e-01 2.396094e+00 3.478914e+00 3.143290e+00 4.526142e+00 4.605264e+00 5.219949e+00 7.020497e+00 6.114651e+00 5.094023e+00 4.327228e+00 3.446225e+00 8.946929e-04 1.080500e-01 2.065533e-01 3.288522e-01 2.711760e-01 5.497254e-01 4.408540e-01 4.558824e-01 4.743632e-01 5.482478e-01 3.695532e-01 4.295183e-01 3.328073e-01 7.798615e-05
<GCONST> 9.474628e+01
<MIXTURE> 6 3.359378e-02
<MEAN> 39
 -1.730982e+01 -3.248726e+00 -5.210902e+00 -4.563375e+00 -4.578637e+00 -3.111628e+00 -1.553697e+00 -1.128818e+00 -1.776075e+00 3.235388e-01 -1.098217e+00 -6.107334e-01 2.848887e-02 -7.295243e-01 -1.318774e-01 -1.966206e-01 -1.174174e-01 6.129159e-01 9.789436e-01 7.638420e-01 6.230989e-01 3.328886e-01 9.678826e-02 4.394347e-01 2.543846e-01 -5.625048e-03 8.894251e-01 -2.642418e-01 7.474063e-04 -6.136183e-01 -4.397963e-01 -3.851282e-01 -3.874991e-01 -2.217762e-01 -4.749960e-01 -3.158720e-01 -5.069716e-01 -2.112644e-01 4.209729e-02
<VARIANCE> 39
 1.856307e+01 2.108897e+01 2.228755e+01 2.893223e+01 2.914734e+01 3.295541e+01 3.064392e+01 3.655459e+01 2.996017e+01 2.828288e+01 2.328472e+01 2.096649e+01 3.604374e-02 5.716362e+00 3.750494e+00 3.189362e+00 5.080673e+00 4.582329e+00 5.074282e+00 4.462579e+00 5.223086e+00 4.642157e+00 4.167369e+00 4.457857e+00 2.916993e+00 6.899522e-03 5.905718e-01 7.785178e-01 5.837609e-01 8.916411e-01 7.389089e-01 8.357199e-01 8.379007e-01 1.015322e+00 7.125170e-01 7.530141e-01 7.214117e-01 5.208110e-01 8.645694e-04
<GCONST> 1.095833e+02
<MIXTURE> 7 7.576408e-02
<MEAN> 39
 -4.824699e+00 3.299880e+00 -1.914003e+00 -3.035367e+00 -8.752158e+00 -5.414852e+00 -3.817245e-01 -1.067105e+01 -1.316281e+01 -1.005186e+00 -4.201704e+00 -4.673038e+00 3.541585e-01 -1.970171e+00 -1.241380e-01 2.887587e-01 -4.854486e-01 1.875990e+00 7.866067e-01 -8.100222e-01 1.782875e+00 1.266800e+00 -1.266615e+00 -1.595297e-02 8.723499e-01 -4.854706e-02 -7.836377e-01 -1.257148e+00 -2.025621e-01 -5.782707e-01 1.301344e-01 -4.641838e-02 -4.698923e-01 1.069454e+00 1.089007e+00 1.431128e-02 2.144503e-01 2.428149e-01 1.318030e-02
<VARIANCE> 39
 6.309474e+00 1.032934e+01 1.641138e+01 2.956755e+01 2.811033e+01 2.411395e+01 3.728041e+01 4.235803e+01 3.631471e+01 3.382815e+01 3.143146e+01 2.845198e+01 1.504795e-02 1.488302e+00 2.754659e+00 2.307629e+00 3.000298e+00 2.965085e+00 3.069273e+00 4.060318e+00 4.764949e+00 4.690180e+00 2.997294e+00 2.799859e+00 2.443767e+00 1.637055e-03 2.669688e-01 4.062955e-01 4.600094e-01 5.968415e-01 5.541840e-01 4.968319e-01 7.155205e-01 8.317874e-01 6.049660e-01 6.044939e-01 5.286286e-01 4.718929e-01 3.903463e-04
<GCONST> 9.673817e+01
<MIXTURE> 8 5.404408e-02
<MEAN> 39
 -6.845626e+00 -8.359020e+00 5.080805e+00 -1.001816e+01 -1.468074e+01 -6.905830e+00 -8.756530e+00 2.398849e+00 -7.189003e+00 -7.076585e+00 -5.783497e-01 -2.670161e+00 6.041167e-01 -5.723814e-01 -1.683715e+00 1.636830e+00 -1.964628e+00 -2.154083e+00 6.158177e-01 -1.260899e+00 3.152527e+00 8.253592e-01 -1.189805e+00 1.707428e+00 7.119750e-01 4.323680e-02 2.109627e-01 2.863191e-01 -3.051233e-01 4.130958e-01 -2.295333e-01 6.909284e-02 4.739610e-01 -6.733618e-01 -2.824954e-01 6.656354e-01 -1.848036e-01 -3.276770e-01 -1.566977e-03
<VARIANCE> 39
 6.214324e+00 1.880894e+01 2.558327e+01 2.836197e+01 3.809764e+01 2.733100e+01 3.147235e+01 4.108271e+01 4.154179e+01 2.648096e+01 2.685406e+01 2.619122e+01 1.163940e-02 5.490927e-01 1.781203e+00 2.388682e+00 2.645559e+00 3.024494e+00 3.153448e+00 4.183361e+00 4.988005e+00 4.165225e+00 3.846061e+00 3.061739e+00 2.276268e+00 5.671803e-04 9.786879e-02 1.901045e-01 3.061213e-01 3.795208e-01 5.166503e-01 4.975765e-01 3.737212e-01 6.133759e-01 5.368866e-01 4.237445e-01 4.747270e-01 3.543825e-01 6.371865e-05
<GCONST> 8.870681e+01
<MIXTURE> 9 8.120812e-02
<MEAN> 39
 -4.121499e+00 -4.888786e+00 -5.609831e-01 -2.729114e+00 -1.037594e+01 -8.084489e+00 -3.375618e+00 -9.509481e+00 -1.040400e+01 2.632679e+00 -5.264532e+00 -7.000377e+00 4.955554e-01 -1.041758e-01 -1.847487e+00 -7.868464e-01 -1.641326e+00 4.629108e-01 6.208065e-01 -2.403565e+00 2.659623e+00 2.971912e+00 -1.375897e+00 2.441485e-02 3.230314e-01 4.529712e-02 7.639058e-02 -6.500560e-01 -4.861857e-01 -7.573223e-01 7.667804e-02 3.566268e-01 -7.049487e-01 1.222810e+00 1.043839e+00 -5.890629e-01 1.140494e-01 1.786155e-01 1.845404e-02
<VARIANCE> 39
 6.275483e+00 2.181157e+01 2.453042e+01 3.665443e+01 3.530482e+01 4.056669e+01 4.388392e+01 4.681464e+01 4.921933e+01 3.734405e+01 4.255405e+01 3.379019e+01 1.195416e-02 5.356006e-01 1.913167e+00 2.264916e+00 2.790250e+00 2.626466e+00 3.487121e+00 3.584783e+00 4.496948e+00 3.610588e+00 3.291735e+00 2.864915e+00 2.716561e+00 6.733622e-04 1.035633e-01 2.558998e-01 3.189835e-01 4.012743e-01 4.210142e-01 5.503113e-01 6.110500e-01 6.572154e-01 6.506019e-01 5.072814e-01 4.688874e-01 3.920292e-01 1.089470e-04
<GCONST> 9.275206e+01
<MIXTURE> 10 8.350109e-02
<MEAN> 39
 -3.958115e+00 -1.348468e+00 -3.050635e+00 -6.569478e+00 -1.337490e+01 -8.804061e+00 -3.678537e+00 -1.284252e+01 -1.152046e+01 -4.560137e-01 -8.723707e+00 -2.965741e+00 5.271268e-01 -8.857818e-01 -1.028157e+00 1.242519e+00 -1.713469e+00 2.630851e-01 2.511115e-01 -8.994129e-01 2.609040e+00 1.542107e-01 -1.146390e+00 1.304764e+00 6.341554e-02 1.684151e-02 -2.754736e-01 -7.295259e-01 4.326507e-01 -8.816172e-01 -1.780990e-01 1.879669e-01 -3.495152e-01 1.288988e+00 3.292882e-01 -3.872778e-01 4.238825e-01 5.386934e-02 1.420130e-02
<VARIANCE> 39
 6.135860e+00 1.986844e+01 2.287193e+01 5.715242e+01 3.772046e+01 4.327588e+01 4.966692e+01 5.870492e+01 5.021542e+01 4.998770e+01 4.844765e+01 4.175773e+01 1.169147e-02 5.977138e-01 1.669479e+00 2.265087e+00 3.021925e+00 3.176913e+00 3.323536e+00 3.356502e+00 4.975793e+00 3.282566e+00 3.597724e+00 2.811590e+00 2.831113e+00 4.216497e-04 1.052680e-01 3.135717e-01 4.618444e-01 5.005632e-01 6.463657e-01 6.608142e-01 6.862553e-01 1.046760e+00 5.855441e-01 6.618182e-01 5.724787e-01 4.639229e-01 9.120538e-05
<GCONST> 9.625598e+01
<MIXTURE> 11 6.163376e-02
<MEAN> 39
 -7.096634e+00 3.760170e+00 -2.488232e+00 -6.741657e+00 -1.049959e+01 -1.070956e+01 -7.753347e+00 -1.329142e+01 -1.167641e+01 -7.299238e+00 -1.023223e+01 -2.403800e+00 3.834762e-01 -2.883794e+00 -1.956593e-01 -2.384403e-01 1.027092e+00 2.721693e+00 1.720955e+00 3.616213e-01 1.906888e+00 8.628326e-01 1.507729e-01 1.947003e+00 -8.742661e-01 -6.372504e-02 -8.489401e-01 -9.958335e-01 -5.814820e-01 -3.279982e-01 1.781296e-01 4.698283e-01 6.673751e-01 1.194728e+00 7.366281e-01 6.102787e-01 5.980507e-01 3.057251e-01 7.558606e-03
<VARIANCE> 39
 8.638748e+00 1.221622e+01 1.714842e+01 2.425900e+01 2.730105e+01 2.590347e+01 3.053663e+01 3.571066e+01 3.809378e+01 3.476648e+01 2.941730e+01 3.559695e+01 2.056328e-02 1.930829e+00 3.031318e+00 2.822058e+00 3.042994e+00 3.142024e+00 3.527196e+00 3.940578e+00 5.253540e+00 5.178755e+00 4.340551e+00 3.754293e+00 3.595279e+00 2.096438e-03 2.948233e-01 4.361253e-01 5.223354e-01 4.972031e-01 5.255530e-01 5.695408e-01 4.953400e-01 7.570365e-01 6.256292e-01 5.404636e-01 5.250353e-01 5.563205e-01 3.994515e-04
<GCONST> 9.935441e+01
<MIXTURE> 12 4.553843e-02
<MEAN> 39
 -4.357186e+00 -7.893125e-01 -2.740409e+00 -5.330534e+00 -1.095150e+01 -8.265197e+00 -5.081260e+00 -7.629359e+00 -9.125049e+00 -1.529791e+00 -9.085561e+00 -3.987978e+00 4.450762e-01 -2.695128e+00 6.175854e-01 -4.773435e-02 -4.236726e-01 2.261991e+00 2.734673e-01 -5.212152e-01 1.348638e+00 1.626192e+00 -1.128045e+00 1.053814e+00 4.701799e-01 -2.480858e-02 -1.260687e+00 -3.165334e-01 -5.008439e-02 -3.550875e-01 4.044781e-01 2.860460e-01 9.087750e-02 5.840622e-01 4.314949e-01 9.903071e-03 5.858824e-01 2.202004e-01 1.043922e-02
<VARIANCE> 39
 7.228035e+00 2.048144e+01 3.009092e+01 3.533123e+01 4.141108e+01 3.661863e+01 4.107005e+01 5.179897e+01 4.088784e+01 4.592703e+01 3.680868e+01 3.696920e+01 1.223444e-02 2.195546e+00 4.694361e+00 4.095508e+00 3.474582e+00 4.903829e+00 5.469981e+00 4.839230e+00 4.954743e+00 4.497887e+00 4.883800e+00 3.737314e+00 3.817673e+00 7.772901e-04 3.885936e-01 4.611638e-01 5.493535e-01 4.426990e-01 5.704335e-01 5.447926e-01 6.142612e-01 7.458292e-01 4.501963e-01 5.960832e-01 5.157026e-01 5.056130e-01 2.568588e-04
<GCONST> 1.030140e+02
<MIXTURE> 13 5.818134e-02
<MEAN> 39
 -7.505382e+00 -7.531312e+00 -4.593466e+00 -9.390360e+00 -1.000298e+01 -7.961039e+00 -8.929931e+00 -1.704415e+00 -3.404683e+00 -5.918474e+00 -6.271691e+00 -2.727650e+00 5.192959e-01 -3.737226e-01 -1.042128e+00 -8.533499e-01 -7.863661e-01 5.437325e-01 4.548959e-01 -3.021854e-01 1.896357e+00 1.187034e+00 -1.591099e-01 4.343168e-01 1.282019e-01 1.640236e-02 -4.027475e-02 2.848315e-01 -5.600261e-02 1.476385e-01 1.600468e-01 2.658695e-01 6.595481e-01 -4.128431e-01 -3.885886e-01 5.595903e-01 8.513441e-02 -1.833894e-02 -6.366617e-03
<VARIANCE> 39
 1.717835e+01 3.422731e+01 4.584092e+01 4.589621e+01 5.631345e+01 5.606692e+01 4.756674e+01 6.007621e+01 5.846902e+01 4.901741e+01 4.053174e+01 3.864433e+01 2.992314e-02 3.343057e+00 5.371547e+00 4.098813e+00 4.664283e+00 5.508030e+00 4.161520e+00 6.428552e+00 6.804479e+00 5.668213e+00 5.360360e+00 4.658216e+00 3.786660e+00 4.298787e-03 6.101234e-01 7.429453e-01 7.219825e-01 8.515552e-01 9.494256e-01 9.638543e-01 1.017987e+00 1.166446e+00 1.022456e+00 9.474077e-01 8.177737e-01 6.574881e-01 4.015328e-04
<GCONST> 1.174452e+02
<MIXTURE> 14 6.300763e-02
<MEAN> 39
 -1.166347e+01 2.198185e+00 -1.205520e+00 -2.441351e+00 -2.858738e+00 -4.729351e+00 -2.739773e+00 -7.575930e+00 -1.026138e+01 -3.849179e+00 -6.055475e+00 -4.057745e+00 1.867191e-01 -2.887233e+00 -1.654319e+00 -1.307357e+00 -6.091188e-01 1.210468e+00 1.225487e+00 3.916109e-01 2.132956e+00 1.713765e+00 2.959961e-01 1.331818e+00 6.924995e-01 -5.229759e-02 -9.881566e-02 -8.804668e-01 -5.723271e-01 -6.406007e-01 -6.318604e-01 -2.180969e-01 -2.837968e-02 4.803315e-01 6.997121e-01 3.930194e-01 3.030188e-01 3.029542e-01 3.088558e-02
<VARIANCE> 39
 1.071520e+01 1.404279e+01 2.092567e+01 2.185655e+01 2.289598e+01 2.175904e+01 3.441018e+01 3.804487e+01 3.040697e+01 3.482008e+01 2.943128e+01 2.454024e+01 2.180891e-02 1.832794e+00 2.286686e+00 2.815889e+00 3.575642e+00 3.909833e+00 3.293029e+00 4.003382e+00 5.123595e+00 4.017881e+00 4.732722e+00 3.971472e+00 3.431382e+00 3.150376e-03 3.151490e-01 5.680249e-01 5.871691e-01 6.403649e-01 6.033817e-01 6.080520e-01 7.164452e-01 9.148996e-01 7.186583e-01 6.655358e-01 5.500979e-01 5.228844e-01 4.414409e-04
<GCONST> 1.012096e+02
<MIXTURE> 15 5.904439e-02
<MEAN> 39
 -7.426744e+00 -9.754998e+00 -1.279473e+00 -1.852593e+01 -1.236463e+01 -1.211521e+01 -5.289525e+00 6.039559e-01 -1.291491e+01 -4.962104e+00 -7.941978e+00 -6.743510e-01 6.782770e-01 -5.212141e-01 -2.113873e+00 1.152675e-01 -2.157568e+00 2.771575e-01 5.339502e-01 4.394554e-01 3.063215e+00 -2.997694e-01 -2.660110e-01 5.240914e-01 -2.083984e-01 4.609633e-02 1.767731e-01 3.185401e-01 -2.221469e-01 5.170062e-01 -1.369555e-01 3.232419e-01 1.242278e-01 -9.856211e-01 2.809658e-01 2.175851e-01 -3.991441e-01 2.382260e-02 -4.676729e-03
<VARIANCE> 39
 6.124815e+00 2.750201e+01 2.356067e+01 2.670633e+01 3.468600e+01 2.918265e+01 3.134279e+01 5.553877e+01 2.960104e+01 3.469854e+01 2.690430e+01 2.658607e+01 1.199400e-02 8.279495e-01 1.988945e+00 3.121010e+00 3.140211e+00 3.695544e+00 4.289989e+00 3.363808e+00 6.644033e+00 3.995676e+00 4.344182e+00 3.602959e+00 2.916676e+00 6.130808e-04 1.076745e-01 2.503112e-01 3.250651e-01 4.468057e-01 4.232505e-01 6.210999e-01 5.394756e-01 8.733070e-01 5.455764e-01 4.834448e-01 4.957125e-01 3.765624e-01 7.967278e-05
<GCONST> 9.309430e+01
<MIXTURE> 16 5.882984e-02
<MEAN> 39
 -2.936796e+00 -9.626277e+00 -4.057146e+00 -8.915445e+00 -1.026939e+01 -5.549897e+00 -1.069983e+01 -1.902702e+00 -4.299243e+00 -2.245284e+00 -5.186316e+00 -5.348338e+00 6.101454e-01 1.357556e-01 -8.150446e-01 -3.029588e-01 -8.083695e-01 -3.075620e-04 2.038317e-01 -6.808127e-01 1.660873e+00 7.712798e-01 -4.357631e-01 1.781416e-01 1.247192e-01 2.176461e-02 -6.274159e-02 -3.770462e-03 -4.720210e-02 -1.525607e-01 -7.211395e-02 -1.976779e-02 1.776456e-01 1.888348e-01 2.284730e-03 -4.269334e-02 6.010459e-02 6.886537e-02 5.447867e-03
<VARIANCE> 39
 7.043371e+00 2.816648e+01 3.644418e+01 3.920932e+01 4.183593e+01 4.873129e+01 4.548738e+01 6.831197e+01 6.835313e+01 4.197785e+01 4.800147e+01 3.855870e+01 1.497261e-02 4.141135e-01 1.413393e+00 1.749618e+00 1.943086e+00 2.643366e+00 2.103407e+00 2.541765e+00 4.138083e+00 3.669346e+00 2.627456e+00 2.504745e+00 2.203457e+00 4.878574e-04 5.569086e-02 1.304430e-01 1.944353e-01 1.924137e-01 3.037385e-01 2.625858e-01 3.388962e-01 4.157264e-01 4.310479e-01 3.046143e-01 3.140538e-01 2.745645e-01 4.723653e-05
<GCONST> 8.514252e+01
<TRANSP> 5
 0.000000e+00 1.000000e+00 0.000000e+00 0.000000e+00 0.000000e+00
 0.000000e+00 5.242741e-01 4.757259e-01 0.000000e+00 0.000000e+00
 0.000000e+00 0.000000e+00 5.472439e-01 4.527560e-01 0.000000e+00
 0.000000e+00 0.000000e+00 0.000000e+00 5.485427e-01 4.514572e-01
 0.000000e+00 0.000000e+00 0.000000e+00 0.000000e+00 0.000000e+00
<ENDHMM>
