~o
<STREAMINFO> 1 39
<VECSIZE> 39<NULLD><MFCC_E_D_A><DIAGC>
~h "ng"
<BEGINHMM>
<NUMSTATES> 5
<STATE> 2
<NUMMIXES> 16
<MIXTURE> 1 4.754373e-02
<MEAN> 39
 -3.240640e+00 -6.256767e+00 1.362656e+00 -4.338868e+00 -1.479444e+01 -6.942847e+00 -7.178130e+00 5.716893e+00 -1.393625e+01 -1.149375e+01 9.895753e+00 -6.002971e+00 5.494874e-01 5.557665e-01 1.659752e+00 -2.352048e+00 1.570210e+00 1.953640e+00 -1.034459e+00 1.155492e+00 -2.027263e+00 -8.666924e-01 1.170565e+00 -4.753451e-01 -6.386166e-01 -3.740870e-02 -6.758924e-02 -2.904091e-01 3.403594e-02 -1.923327e-01 -3.697963e-02 1.125489e-01 -4.653583e-02 -3.318522e-01 5.895507e-01 6.183980e-01 -7.493681e-01 4.580399e-02 5.951218e-03
<VARIANCE> 39
 4.831232e+00 2.058885e+01 3.018833e+01 2.072614e+01 2.697443e+01 3.086099e+01 3.870552e+01 4.160678e+01 5.191507e+01 3.524339e+01 4.007866e+01 3.089174e+01 1.486282e-02 2.302586e-01 8.293948e-01 1.342604e+00 1.692232e+00 2.575158e+00 3.098219e+00 4.147087e+00 6.556463e+00 4.461392e+00 4.332917e+00 3.883309e+00 2.636808e+00 2.408013e-04 6.647789e-02 1.792621e-01 2.202051e-01 2.161257e-01 3.348496e-01 3.631710e-01 5.976284e-01 6.144222e-01 4.125282e-01 5.023211e-01 4.930093e-01 3.200994e-01 5.931132e-05
<GCONST> 8.501321e+01
<MIXTURE> 2 7.312147e-02
<MEAN> 39
 -6.324025e+00 -5.373155e+00 6.651103e+00 -1.115925e+01 -1.920087e+01 5.124452e-01 -3.202900e+00 -3.959144e+00 -1.561487e+01 1.269195e+00 4.743202e+00 -1.045379e+01 5.457844e-01 9.926274e-01 1.438752e+00 -3.263541e+00 2.572681e+00 2.998092e+00 -1.855846e+00 5.084511e-01 -1.617154e+00 8.956998e-02 4.138180e-01 -8.169285e-01 -2.606000e-01 -4.467263e-02 7.565027e-02 -1.360293e-01 -4.586013e-01 5.225644e-01 2.974971e-01 -7.988157e-01 2.147144e-02 2.413224e-01 5.786273e-01 -4.168224e-01 -5.186841e-01 6.071691e-01 1.609180e-03
<VARIANCE> 39
 6.563228e+00 1.781469e+01 2.277331e+01 3.477388e+01 3.543371e+01 3.905219e+01 4.396006e+01 2.970065e+01 4.093200e+01 3.454281e+01 4.748093e+01 3.258215e+01 1.370264e-02 4.812312e-01 1.081082e+00 1.627144e+00 2.086212e+00 2.528359e+00 3.581413e+00 2.555230e+00 4.849831e+00 2.776440e+00 2.967931e+00 2.046000e+00 2.074486e+00 2.905300e-04 7.256851e-02 1.707639e-01 2.224102e-01 2.838869e-01 4.025106e-01 3.671960e-01 4.597579e-01 4.642511e-01 4.459358e-01 4.334425e-01 3.614534e-01 3.405401e-01 4.255529e-05
<GCONST> 8.411568e+01
<MIXTURE> 3 4.992725e-02
<MEAN> 39
 -5.867741e+00 -1.051100e+01 6.714813e+00 -7.844332e+00 -2.478097e+01 -1.674556e+00 -5.395016e+00 3.528530e+00 -1.114751e+01 -6.043222e+00 4.946275e+00 -4.443476e+00 6.570055e-01 -5.727544e-02 1.389659e+00 1.066313e-01 -1.221832e-01 3.628855e-01 2.900484e-01 1.039389e+00 -9.592402e-01 -1.866440e+00 6.562400e-01 1.182876e+00 -1.063054e+00 -3.035560e-02 1.592121e-01 2.613639e-01 -5.849037e-01 1.244090e-01 8.700133e-01 -4.401416e-01 -1.019500e-01 -2.321803e-01 2.111567e-01 1.656856e-01 -2.747140e-01 -1.375856e-02 -5.594069e-03
<VARIANCE> 39
 4.602131e+00 1.862175e+01 2.658370e+01 2.135439e+01 3.213893e+01 2.547971e+01 2.933975e+01 2.496484e+01 2.805089e+01 2.904268e+01 3.708730e+01 3.260667e+01 1.442750e-02 2.208291e-01 5.619711e-01 1.280187e+00 7.449188e-01 2.128777e+00 1.529948e+00 1.148887e+00 1.560063e+00 1.701273e+00 1.452058e+00 2.210530e+00 1.101002e+00 1.500574e-04 2.730909e-02 4.869754e-02 1.769652e-01 1.354561e-01 2.032965e-01 1.472850e-01 1.876052e-01 2.262935e-01 2.864130e-01 3.003014e-01 3.103552e-01 2.201114e-01 1.615296e-05
<GCONST> 6.476369e+01
<MIXTURE> 4 4.191496e-02
<MEAN> 39
 -8.738626e+00 -5.017955e+00 8.870851e+00 -1.439786e+01 -2.484489e+01 3.438197e+00 -6.876175e-01 -6.768811e+00 -1.010671e+01 -1.736340e+00 3.087264e+00 -6.334493e+00 5.939161e-01 3.410371e-01 1.111442e+00 -5.590079e-01 -1.000487e-01 1.148201e+00 1.235659e+00 1.435654e-01 -2.241050e+00 -8.144780e-01 1.818018e+00 -5.735984e-01 -1.305490e+00 -3.428638e-02 3.328841e-01 -6.356359e-02 -9.282383e-01 8.662640e-01 1.056588e+00 -1.139776e+00 -3.095121e-01 2.714841e-01 2.172279e-01 -1.884686e-01 -3.422141e-01 1.737809e-01 -6.529624e-03
<VARIANCE> 39
 6.450017e+00 1.646993e+01 2.854707e+01 4.798829e+01 2.872884e+01 3.179569e+01 3.372145e+01 4.788857e+01 4.463652e+01 3.841631e+01 3.462383e+01 2.527308e+01 1.782598e-02 3.253702e-01 6.770397e-01 1.284136e+00 1.076101e+00 1.701409e+00 2.054744e+00 1.756684e+00 2.651133e+00 1.934467e+00 1.491475e+00 1.754766e+00 1.333364e+00 1.822371e-04 8.853966e-02 1.324437e-01 2.181825e-01 2.273652e-01 3.961759e-01 4.287880e-01 2.772222e-01 5.335021e-01 3.606356e-01 3.467148e-01 2.090599e-01 2.025029e-01 4.094692e-05
<GCONST> 7.638590e+01
<MIXTURE> 5 6.080104e-02
<MEAN> 39
 -7.557776e+00 -9.837955e+00 1.010451e+01 -1.454128e+01 -2.197665e+01 -3.489412e+00 -2.201048e+00 3.231597e+00 -1.766121e+01 -3.563451e-01 5.305781e+00 -8.332765e+00 6.629382e-01 5.335278e-01 2.430765e+00 -1.522340e+00 1.044270e+00 1.561014e+00 3.493141e-01 9.229971e-01 -2.619950e+00 -1.966547e+00 1.353535e+00 3.999218e-01 -1.362393e+00 -5.865256e-02 3.519633e-01 1.352746e-01 -1.424960e+00 9.354973e-01 1.107568e+00 -6.759679e-01 -3.604604e-01 -2.885126e-01 1.177631e+00 -4.038878e-01 -7.892793e-01 4.528142e-01 -8.078171e-03
<VARIANCE> 39
 7.720203e+00 2.626612e+01 2.325858e+01 2.609054e+01 3.131627e+01 3.981157e+01 3.094031e+01 4.023208e+01 3.572145e+01 4.904914e+01 4.926094e+01 2.566321e+01 1.544168e-02 6.177618e-01 1.159850e+00 2.621830e+00 2.205617e+00 2.725070e+00 3.712723e+00 2.045235e+00 3.412465e+00 2.850617e+00 3.351679e+00 3.545964e+00 2.207535e+00 4.405909e-04 1.375046e-01 3.133561e-01 2.502668e-01 2.415081e-01 4.271306e-01 4.678715e-01 4.470656e-01 5.726508e-01 4.638347e-01 5.876545e-01 5.149052e-01 3.029923e-01 9.650077e-05
<GCONST> 8.903173e+01
<MIXTURE> 6 6.994421e-02
<MEAN> 39
 -5.256190e+00 -3.853367e+00 1.540551e+00 -8.064545e+00 -1.788955e+01 -4.115256e+00 1.767130e+00 -3.259584e+00 -1.550577e+01 -1.779273e+00 4.855505e+00 -6.296659e+00 5.143864e-01 2.038149e-01 1.414261e+00 -8.805705e-01 1.475128e-01 1.308113e+00 7.140479e-01 3.442037e-01 -1.904511e+00 -1.061240e+00 1.469222e+00 -8.514903e-02 -1.165254e+00 -3.385844e-02 6.904608e-03 -2.525354e-01 -3.507482e-01 3.871669e-01 4.501722e-01 -5.168203e-01 -5.082083e-01 3.595511e-01 9.591278e-01 -2.994423e-01 -6.361614e-01 4.007860e-01 2.466626e-03
<VARIANCE> 39
 7.849563e+00 1.599428e+01 3.685356e+01 3.636525e+01 3.587180e+01 3.938443e+01 4.521500e+01 4.354393e+01 3.551457e+01 3.686203e+01 3.465368e+01 3.524549e+01 1.817264e-02 2.771763e-01 8.844289e-01 1.385040e+00 1.414909e+00 2.860989e+00 2.621002e+00 2.808562e+00 3.578341e+00 2.299995e+00 2.641291e+00 2.122649e+00 1.539527e+00 2.673932e-04 6.893210e-02 1.539558e-01 2.882986e-01 3.044535e-01 4.753226e-01 3.171743e-01 3.093671e-01 3.435939e-01 3.699307e-01 3.426995e-01 4.284163e-01 3.360000e-01 5.956223e-05
<GCONST> 8.233229e+01
<MIXTURE> 7 9.298107e-02
<MEAN> 39
 -5.911741e+00 -2.584300e+00 -6.098809e-01 -1.613309e+01 -1.570830e+01 -2.646944e+00 -4.836970e+00 -1.382901e+01 -1.122277e+01 2.298300e+00 -1.047450e+01 -4.093845e+00 5.768687e-01 1.487780e+00 3.676969e-01 -2.984038e+00 3.373956e+00 1.218080e+00 -1.832184e+00 9.242024e-02 -8.360560e-01 -6.193217e-02 -6.742926e-01 -4.945207e-02 6.852603e-02 -2.817771e-02 -1.257107e-01 -1.503644e-01 9.921841e-02 6.231010e-02 -2.119465e-01 -4.128488e-01 1.261085e-01 5.646394e-01 -5.543579e-02 -3.475403e-01 3.277628e-01 5.606971e-02 5.041004e-03
<VARIANCE> 39
 5.831651e+00 1.984567e+01 2.368792e+01 5.308542e+01 3.542703e+01 5.047205e+01 5.476175e+01 5.910717e+01 4.915015e+01 6.392477e+01 6.130372e+01 4.103063e+01 1.570650e-02 5.069575e-01 1.302092e+00 1.945201e+00 3.235771e+00 3.942510e+00 4.392683e+00 4.607936e+00 4.146926e+00 3.310442e+00 3.898374e+00 3.176267e+00 2.705782e+00 2.409664e-04 6.646769e-02 1.757274e-01 2.038168e-01 2.837555e-01 3.066224e-01 3.860234e-01 4.997614e-01 6.305610e-01 4.959432e-01 5.345249e-01 4.276647e-01 3.398691e-01 3.376088e-05
<GCONST> 9.032845e+01
<MIXTURE> 8 6.121252e-02
<MEAN> 39
 -1.018128e+01 -5.735116e+00 4.179737e+00 -2.880877e+01 -1.651953e+01 -1.147619e+00 -4.203875e+00 -1.040536e+01 -1.024837e+01 4.614452e-01 -1.216836e+01 -3.447452e+00 6.745607e-01 1.669656e-01 9.042708e-01 -1.881750e-03 -3.128498e-01 1.192087e-01 1.177493e+00 -5.750036e-01 -1.774720e+00 3.702990e-01 3.522585e-01 -1.058958e+00 1.765170e-01 -2.075227e-02 2.707202e-01 4.623368e-03 -3.815776e-01 7.471226e-01 7.748868e-02 -4.098550e-01 -4.610780e-02 -4.223530e-02 -6.688567e-02 7.535148e-03 6.772009e-02 1.006339e-01 -4.699239e-03
<VARIANCE> 39
 5.246393e+00 2.168108e+01 1.642505e+01 4.037149e+01 3.702930e+01 4.758209e+01 7.008997e+01 5.013822e+01 4.625148e+01 3.539750e+01 2.320254e+01 1.844151e+01 1.540934e-02 3.553033e-01 9.009860e-01 1.053349e+00 1.547381e+00 1.131995e+00 2.494570e+00 1.983218e+00 1.815844e+00 1.944883e+00 1.420000e+00 1.730299e+00 1.291485e+00 1.310595e-04 5.339438e-02 1.343485e-01 1.778888e-01 3.523507e-01 1.914749e-01 3.933188e-01 3.697575e-01 4.047683e-01 2.910941e-01 2.966606e-01 2.228638e-01 1.924723e-01 1.941206e-05
<GCONST> 7.374214e+01
<MIXTURE> 9 3.816347e-02
<MEAN> 39
 -5.786887e+00 -7.177181e+00 9.519921e-01 -6.841927e+00 -1.636275e+01 -1.138553e+01 -1.927403e+00 3.295663e+00 -1.401807e+01 -5.758151e+00 3.069926e+00 -7.245659e+00 5.798111e-01 1.935669e-01 2.695076e+00 -1.180313e+00 1.135922e+00 1.048974e+00 -7.779642e-01 1.752420e+00 -1.953599e+00 -2.028953e+00 7.964382e-01 -4.028696e-01 -1.642571e-01 -6.050137e-02 -3.666596e-01 1.137485e-02 -5.227339e-01 -3.350327e-02 8.341334e-01 5.976177e-01 -3.381935e-01 -6.056239e-01 1.088300e+00 3.446148e-01 -7.828891e-01 3.716597e-01 -1.078009e-02
<VARIANCE> 39
 1.346915e+01 1.442894e+01 4.170192e+01 3.153509e+01 4.637965e+01 3.939675e+01 4.076997e+01 6.544225e+01 8.190151e+01 5.002643e+01 5.625978e+01 5.363201e+01 1.652168e-02 2.910295e+00 3.825134e+00 3.559765e+00 3.175417e+00 4.918744e+00 5.061714e+00 6.432221e+00 5.232687e+00 7.715781e+00 5.157021e+00 4.581009e+00 3.753021e+00 2.281450e-03 4.174407e-01 2.959060e-01 4.740413e-01 4.459970e-01 6.640777e-01 5.329122e-01 8.265417e-01 6.180730e-01 1.066694e+00 7.776557e-01 4.915877e-01 6.670413e-01 1.999752e-04
<GCONST> 1.085915e+02
<MIXTURE> 10 6.898041e-02
<MEAN> 39
 -6.209713e+00 -5.273382e+00 5.957267e-01 -8.446706e+00 -1.247776e+01 -1.083405e+01 -8.672410e-01 3.605664e+00 -1.947091e+01 -9.945024e-01 3.656133e+00 -7.886467e+00 5.338875e-01 6.149110e-01 1.697719e+00 -2.012123e+00 1.790302e+00 1.211884e+00 -9.800718e-03 1.030419e+00 -3.558728e+00 -2.394235e-01 2.066222e+00 -1.227022e+00 -6.373235e-01 -4.693238e-02 1.190058e-01 -3.244054e-01 -1.455377e-01 2.019048e-01 -1.463208e-01 2.601750e-01 -2.991619e-01 -5.937991e-01 1.262541e+00 -4.614938e-02 -7.431787e-01 3.433493e-01 3.529738e-03
<VARIANCE> 39
 7.381544e+00 1.933763e+01 2.141812e+01 2.621392e+01 4.103672e+01 3.244158e+01 4.396460e+01 5.599959e+01 5.056471e+01 4.603802e+01 6.385757e+01 2.992484e+01 2.132390e-02 5.720075e-01 1.178026e+00 1.988559e+00 2.106819e+00 2.583363e+00 3.897018e+00 3.707065e+00 4.900968e+00 3.339487e+00 4.147066e+00 3.375789e+00 2.391947e+00 3.439178e-04 8.540338e-02 1.886219e-01 2.279766e-01 3.366963e-01 3.806527e-01 3.847264e-01 4.514679e-01 5.768207e-01 4.939984e-01 5.108098e-01 4.621734e-01 3.868503e-01 5.692511e-05
<GCONST> 8.958588e+01
<MIXTURE> 11 1.191635e-01
<MEAN> 39
 -3.059306e+00 -6.867741e+00 -9.075490e+00 -1.147947e+01 -7.500105e+00 -4.126281e+00 -5.480194e+00 -4.064843e+00 -1.094632e+01 2.047174e-01 -2.432542e+00 -7.662267e+00 6.117128e-01 -3.195733e-01 1.596056e+00 1.488856e+00 1.859559e+00 -2.055082e+00 -1.462524e+00 2.169581e+00 -1.676261e+00 -1.717510e+00 1.178579e+00 -8.407849e-01 -1.338137e-01 -5.372240e-02 2.857215e-02 -7.452966e-02 -8.255273e-02 -1.764044e-01 1.935398e-02 4.500705e-01 -1.057102e-01 -8.773208e-03 3.804658e-01 -4.405159e-01 2.812840e-02 3.054897e-01 5.048341e-03
<VARIANCE> 39
 7.187911e+00 1.493984e+01 2.921953e+01 4.754152e+01 4.475034e+01 5.366567e+01 5.299099e+01 4.656039e+01 4.592883e+01 5.057954e+01 9.109467e+01 4.364354e+01 1.348575e-02 4.475528e-01 1.248645e+00 1.606716e+00 2.496012e+00 2.748334e+00 4.854193e+00 3.512025e+00 5.459300e+00 3.741694e+00 3.458617e+00 3.888367e+00 3.858052e+00 3.856567e-04 6.828190e-02 1.415709e-01 2.549210e-01 2.884283e-01 4.587558e-01 3.869994e-01 5.626955e-01 5.537744e-01 4.475102e-01 4.871763e-01 5.952840e-01 5.342221e-01 6.288190e-05
<GCONST> 9.218977e+01
<MIXTURE> 12 5.733031e-02
<MEAN> 39
 -7.333755e+00 -1.027333e+01 2.899689e+00 -1.163237e+01 -2.072740e+01 -7.428764e+00 9.212357e-01 5.894073e-01 -9.545234e+00 -4.663291e+00 1.735089e+00 -3.671601e+00 7.060704e-01 -3.462516e-01 1.598919e+00 1.435454e+00 -1.155631e+00 -8.748382e-01 1.525769e+00 1.043776e+00 -2.142414e+00 -2.603382e+00 2.168301e+00 9.382851e-01 -1.683673e+00 -3.144052e-02 2.863960e-01 2.455530e-01 -7.212199e-01 3.501514e-01 7.558621e-01 -3.702058e-02 -4.973846e-01 -4.097364e-01 2.805387e-01 3.115946e-01 -5.330163e-01 -1.719029e-01 -6.857296e-03
<VARIANCE> 39
 8.352127e+00 2.753519e+01 3.674615e+01 3.522414e+01 2.756843e+01 4.234467e+01 3.642062e+01 4.711942e+01 3.356370e+01 3.236071e+01 2.385142e+01 2.478455e+01 1.645463e-02 3.835317e-01 8.306310e-01 1.250760e+00 1.051573e+00 1.422855e+00 2.171693e+00 2.389933e+00 2.236969e+00 2.014831e+00 1.612254e+00 1.961163e+00 1.858738e+00 1.656661e-04 6.562344e-02 1.650804e-01 2.909001e-01 2.295167e-01 3.860754e-01 3.774319e-01 3.090885e-01 2.867378e-01 3.158501e-01 3.905076e-01 3.197838e-01 2.008148e-01 2.630106e-05
<GCONST> 7.679209e+01
<MIXTURE> 13 5.877808e-02
<MEAN> 39
 -7.916223e+00 -4.421259e+00 5.647132e+00 -1.608125e+01 -2.105533e+01 2.841958e+00 -4.989886e+00 -1.000854e+01 -1.202789e+01 3.951224e+00 -2.701053e+00 -1.137903e+01 5.843545e-01 8.687626e-01 9.420762e-01 -1.896972e+00 2.003980e+00 2.047943e+00 -9.586000e-01 -3.246360e-01 -1.164964e+00 6.421299e-02 7.425897e-01 -1.127343e+00 -5.273086e-01 -4.055333e-02 1.810831e-01 -1.264054e-01 -7.249093e-01 9.262120e-01 6.465514e-01 -1.366614e+00 1.726073e-01 7.121719e-01 2.007142e-01 -7.827671e-01 -1.452719e-02 7.974158e-01 -3.105306e-03
<VARIANCE> 39
 6.209027e+00 1.881471e+01 3.119982e+01 3.097249e+01 2.684616e+01 3.522315e+01 4.295418e+01 4.100500e+01 6.015027e+01 3.957678e+01 6.119097e+01 2.591975e+01 1.998917e-02 4.506501e-01 1.495888e+00 1.815691e+00 2.000568e+00 1.946283e+00 2.478955e+00 2.286596e+00 2.946231e+00 2.535909e+00 2.755827e+00 1.961240e+00 2.089856e+00 4.315397e-04 1.161961e-01 1.579948e-01 1.994437e-01 2.648698e-01 4.368995e-01 3.219431e-01 4.262814e-01 4.164720e-01 4.632834e-01 3.841958e-01 3.694647e-01 3.050004e-01 5.322189e-05
<GCONST> 8.447362e+01
<MIXTURE> 14 7.011785e-02
<MEAN> 39
 -8.927171e+00 -3.212551e+00 3.766292e+00 -2.566719e+01 -1.701695e+01 2.012520e-01 -4.091376e+00 -1.520435e+01 -1.060878e+01 3.890900e+00 -1.532929e+01 -2.155003e+00 6.318795e-01 1.448624e+00 7.353453e-01 -2.337142e+00 2.953267e+00 9.312747e-01 -4.637661e-01 -6.003944e-01 -1.622715e+00 3.179721e-03 -2.327926e-01 -5.672951e-01 2.486942e-01 -3.714068e-02 2.952400e-01 -2.374226e-01 -8.313588e-01 1.150219e+00 1.363066e-01 -1.098471e+00 3.163215e-02 6.190200e-01 -2.079869e-01 -5.726347e-01 6.298052e-01 -1.364986e-01 2.475538e-04
<VARIANCE> 39
 5.556895e+00 1.573872e+01 1.898866e+01 3.911080e+01 3.716207e+01 4.013090e+01 5.700207e+01 4.064054e+01 4.661364e+01 5.411592e+01 4.423273e+01 3.849794e+01 1.221045e-02 5.130479e-01 1.238347e+00 2.028114e+00 2.855141e+00 2.572336e+00 4.019514e+00 2.966543e+00 4.422864e+00 2.924811e+00 3.523466e+00 3.724521e+00 2.686260e+00 2.755578e-04 7.248257e-02 1.309878e-01 2.118243e-01 3.008255e-01 4.210161e-01 4.366791e-01 6.939747e-01 5.032756e-01 6.238687e-01 5.688762e-01 4.667740e-01 4.155976e-01 3.237303e-05
<GCONST> 8.816344e+01
<MIXTURE> 15 4.668909e-02
<MEAN> 39
 -9.223057e+00 -7.523141e+00 3.266385e+00 -2.166567e+01 -1.948509e+01 -5.613995e+00 7.470393e-01 -8.167175e+00 -1.503155e+01 3.063829e+00 -1.027973e+01 -4.975824e+00 7.191317e-01 4.302902e-01 1.592743e+00 -1.598283e-01 1.253615e-01 9.210946e-02 1.530257e+00 -2.408156e-01 -3.028072e+00 -3.993673e-01 1.958630e+00 -1.665937e+00 -6.444511e-01 -3.522449e-02 5.044309e-01 1.000868e-01 -1.087053e+00 1.136375e+00 5.914373e-01 -6.502260e-01 -6.734353e-01 1.469675e-01 6.336114e-01 -5.542499e-01 -5.383254e-03 3.692792e-01 -5.941115e-03
<VARIANCE> 39
 7.907135e+00 1.588008e+01 2.232698e+01 3.136092e+01 3.148955e+01 3.671584e+01 3.255290e+01 4.226181e+01 3.691316e+01 4.158535e+01 4.936460e+01 3.418801e+01 8.699537e-03 4.270744e-01 7.619977e-01 1.959274e+00 1.865018e+00 2.194169e+00 2.540552e+00 2.418824e+00 2.692240e+00 3.051747e+00 2.988825e+00 2.066966e+00 2.804957e+00 1.612045e-04 7.746285e-02 1.841530e-01 2.877190e-01 2.819728e-01 4.057745e-01 5.193896e-01 3.871457e-01 5.615954e-01 5.148023e-01 4.157976e-01 6.674834e-01 4.587598e-01 3.399769e-05
<GCONST> 8.350539e+01
<MIXTURE> 16 4.332604e-02
<MEAN> 39
 -5.224260e+00 -8.665183e+00 1.689226e+00 -6.491064e+00 -1.733381e+01 -8.863072e+00 -3.535542e+00 8.674188e+00 -1.235894e+01 -8.678157e+00 4.568203e+00 -2.627251e+00 5.618263e-01 -4.845508e-02 2.377068e+00 -3.792284e-01 6.374307e-02 6.694760e-01 2.149677e-01 1.634052e+00 -1.615521e+00 -3.243785e+00 9.847862e-01 1.562191e+00 -9.618328e-01 -4.619484e-02 1.576675e-01 9.095818e-02 -6.959146e-01 1.690206e-01 6.685326e-01 2.294502e-01 -1.263074e-01 -1.257641e+00 8.270608e-01 7.998312e-01 -7.838393e-01 -3.217742e-01 -3.511384e-03
<VARIANCE> 39
 7.482945e+00 2.639453e+01 1.674614e+01 2.157414e+01 4.629739e+01 3.400555e+01 4.414941e+01 4.957825e+01 4.982956e+01 3.873989e+01 4.090659e+01 3.200435e+01 3.168245e-02 4.948761e-01 1.186470e+00 1.708202e+00 1.632197e+00 2.571592e+00 3.452174e+00 2.125121e+00 3.387866e+00 2.275412e+00 3.208133e+00 2.619360e+00 2.093716e+00 2.316094e-04 7.135957e-02 1.724540e-01 1.710476e-01 2.483893e-01 4.723051e-01 3.503064e-01 4.847741e-01 4.786891e-01 5.250733e-01 3.288116e-01 3.991165e-01 2.623563e-01 4.357705e-05
<GCONST> 8.429565e+01
<STATE> 3
<NUMMIXES> 16
<MIXTURE> 1 5.632134e-02
<MEAN> 39
 -3.450234e+00 -1.555168e+00 -3.006656e+00 -2.539476e+00 -9.432118e+00 -8.812984e+00 -3.531448e+00 -2.056414e-01 -1.124354e+01 -4.336696e+00 2.826394e+00 -6.843369e+00 3.984605e-01 1.093675e-01 7.336756e-01 -1.039092e+00 5.459672e-01 1.687035e+00 -4.364023e-01 -3.892421e-01 -9.197925e-02 8.395360e-01 -6.993427e-02 -7.123433e-01 3.444166e-01 -2.329189e-02 -3.455446e-01 -2.381612e-01 5.935162e-01 -3.555202e-01 -4.689699e-01 6.588284e-01 2.346797e-01 -3.099705e-01 2.223492e-01 2.209874e-01 -2.255706e-01 1.719137e-01 2.697613e-03
<VARIANCE> 39
 7.215665e+00 1.802329e+01 2.621906e+01 2.079563e+01 4.272140e+01 2.940489e+01 3.241233e+01 4.943980e+01 4.460457e+01 3.522840e+01 3.226934e+01 2.174803e+01 1.754516e-02 5.868377e-01 8.558962e-01 1.708723e+00 1.012822e+00 2.153560e+00 2.145416e+00 2.215174e+00 2.128041e+00 2.382404e+00 1.975699e+00 2.163966e+00 1.868575e+00 2.945412e-04 1.434667e-01 1.976685e-01 3.055887e-01 2.501095e-01 4.888585e-01 3.969388e-01 3.775844e-01 3.949670e-01 5.772191e-01 3.323989e-01 3.480290e-01 2.873735e-01 9.234657e-05
<GCONST> 8.206869e+01
<MIXTURE> 2 7.108475e-02
<MEAN> 39
 -3.032408e+00 -3.934295e+00 -3.415182e+00 -3.049842e+00 -1.425095e+01 -6.567461e+00 -4.278429e-01 -7.564157e+00 -1.537116e+01 1.603575e+00 3.781624e+00 -1.038912e+01 5.158291e-01 -2.770527e-03 3.527789e-01 -2.046085e-01 2.947958e-01 1.541463e-01 -3.454262e-01 3.448135e-01 -8.493316e-02 -1.698079e-01 -2.907390e-02 -9.996856e-02 3.012091e-02 -9.730224e-03 -3.074798e-01 -4.934481e-01 6.179593e-01 -8.253758e-01 -7.834671e-02 2.389667e-01 -7.657217e-01 1.252822e+00 6.831834e-01 -8.555783e-01 -6.174648e-02 5.883219e-01 1.257798e-02
<VARIANCE> 39
 7.002120e+00 1.937778e+01 2.470330e+01 3.493245e+01 3.533475e+01 3.527227e+01 4.095407e+01 4.907497e+01 3.867714e+01 4.017647e+01 5.251159e+01 2.559309e+01 1.124064e-02 3.427533e-01 5.645581e-01 1.392776e+00 1.542183e+00 1.482423e+00 2.164197e+00 2.063839e+00 3.476714e+00 2.327016e+00 1.937479e+00 1.948050e+00 1.327416e+00 1.842526e-04 1.882306e-01 2.836228e-01 6.691313e-01 4.053942e-01 7.667004e-01 8.702273e-01 7.581928e-01 9.078717e-01 7.085226e-01 5.241858e-01 6.555981e-01 3.775262e-01 8.945648e-05
<GCONST> 8.753903e+01
<MIXTURE> 3 3.618649e-02
<MEAN> 39
 -5.005021e+00 -2.634888e+00 -1.918603e+00 -2.893926e+00 -1.276914e+01 -2.672771e+00 -9.435872e-01 -6.089060e+00 -1.027552e+01 2.815924e+00 -4.406874e-01 -7.920400e+00 4.467666e-01 -3.473566e-02 4.807053e-01 -4.696446e-02 1.512647e-01 1.413746e-01 -4.930446e-01 5.135897e-01 -1.393534e-01 -3.683630e-01 4.731678e-01 -2.857044e-01 1.770848e-02 -9.824701e-03 -1.904134e-02 5.799036e-02 -1.215415e-01 -9.467410e-02 2.031001e-01 -2.389138e-01 -7.130957e-02 2.621074e-01 2.761531e-02 -7.567360e-02 -3.089388e-03 1.818266e-02 1.190278e-03
<VARIANCE> 39
 5.340315e+00 1.206510e+01 2.895124e+01 3.691981e+01 5.885073e+01 2.143890e+01 2.076542e+01 4.080145e+01 3.755451e+01 3.301384e+01 1.806632e+01 2.628695e+01 2.387905e-02 1.084328e-01 3.014661e-01 4.404450e-01 6.507809e-01 1.238559e+00 1.186356e+00 7.441825e-01 8.142029e-01 8.892538e-01 1.153227e+00 8.101116e-01 1.022546e+00 1.088632e-04 3.127414e-02 7.949223e-02 1.175999e-01 1.565907e-01 2.130633e-01 2.416010e-01 1.834044e-01 2.067780e-01 2.726226e-01 2.158164e-01 2.338747e-01 1.878106e-01 3.319518e-05
<GCONST> 5.967366e+01
<MIXTURE> 4 5.368014e-02
<MEAN> 39
 -2.285873e+00 -9.441353e-01 -6.277215e+00 -1.022902e+01 -1.707010e+01 -5.494111e+00 -1.279040e+00 -1.299082e+01 -1.246264e+01 2.235559e+00 -1.040170e+01 -2.304060e+00 5.177420e-01 -3.681187e-01 1.351833e+00 3.454373e-01 1.006940e+00 7.317938e-01 -4.038728e-01 -1.941782e-01 4.295715e-02 2.499290e-01 -1.009913e+00 2.699478e-01 -1.223786e-01 -3.872335e-02 -8.074659e-01 -3.907385e-01 2.209853e-01 -6.367448e-02 1.140717e+00 -1.215136e-01 -4.432747e-01 9.120204e-01 3.984520e-01 -3.089475e-01 5.862287e-01 -1.195337e-01 -6.335030e-03
<VARIANCE> 39
 4.419057e+00 1.502575e+01 2.141908e+01 2.767075e+01 3.615862e+01 3.652041e+01 5.380252e+01 5.572523e+01 3.641035e+01 3.343064e+01 3.540348e+01 2.472302e+01 1.234016e-02 8.312523e-01 1.275740e+00 1.877833e+00 2.153453e+00 3.456491e+00 3.459381e+00 2.854346e+00 3.563102e+00 2.416251e+00 1.822875e+00 2.020876e+00 2.157030e+00 3.700842e-04 2.578576e-01 3.815867e-01 5.338752e-01 7.172631e-01 4.014531e-01 5.718911e-01 7.484316e-01 9.264786e-01 6.354123e-01 4.106323e-01 5.717744e-01 4.078673e-01 1.720537e-04
<GCONST> 9.165955e+01
<MIXTURE> 5 8.361829e-02
<MEAN> 39
 -3.910830e+00 -3.735435e+00 -5.272535e+00 -7.254069e+00 -1.919963e+01 -5.099064e+00 -2.822031e+00 -1.612260e+01 -9.181492e+00 4.942425e-01 -8.082326e+00 -2.755852e+00 5.791451e-01 1.949156e-01 3.951363e-01 -1.238014e-01 5.938938e-01 -3.024251e-01 -1.446243e-02 1.937882e-01 -4.861067e-01 2.010862e-02 -8.445963e-02 1.372191e-02 1.067381e-01 -7.540843e-03 -1.401389e-01 2.673048e-02 1.739521e-01 -3.573206e-01 3.894175e-01 -1.404808e-01 -2.312786e-01 7.453266e-01 -4.528345e-01 -1.290162e-02 2.954852e-01 -2.352505e-01 1.481849e-03
<VARIANCE> 39
 5.234068e+00 1.762341e+01 2.517637e+01 6.156998e+01 3.571924e+01 5.413665e+01 5.444433e+01 5.810535e+01 3.837820e+01 7.955411e+01 8.076773e+01 4.298476e+01 1.052764e-02 1.694082e-01 5.538532e-01 4.424101e-01 9.546859e-01 1.269462e+00 1.297008e+00 1.667614e+00 1.439330e+00 1.952395e+00 1.542222e+00 1.384917e+00 1.041620e+00 5.464862e-05 6.594160e-02 1.394550e-01 1.726750e-01 3.057747e-01 3.558942e-01 5.342639e-01 4.738197e-01 4.896580e-01 3.632306e-01 5.644571e-01 4.721666e-01 2.693537e-01 3.509859e-05
<GCONST> 7.594178e+01
<MIXTURE> 6 5.008687e-02
<MEAN> 39
 -5.960641e+00 -6.886026e-01 -2.162555e+00 -4.330982e+00 -7.110144e+00 -4.770642e+00 2.285239e+00 -3.665753e+00 -1.125985e+01 2.452882e+00 -1.443841e+00 -6.092981e+00 2.562376e-01 -1.036933e-01 1.084583e+00 -1.415748e+00 1.729851e+00 2.032765e+00 3.661346e-01 1.034525e-01 -1.724184e+00 1.570215e+00 3.687167e-01 -1.842062e+00 6.308011e-01 -4.825791e-02 -3.027983e-01 -5.178073e-01 4.859599e-01 -2.191542e-01 -3.798725e-01 1.063947e-01 -1.649855e-01 6.563038e-01 2.695293e-01 -4.443707e-01 8.994784e-02 1.998458e-01 6.869882e-03
<VARIANCE> 39
 5.013347e+00 1.163775e+01 2.400200e+01 2.382036e+01 3.436363e+01 3.312485e+01 2.330685e+01 3.638495e+01 4.229531e+01 3.512788e+01 5.049817e+01 2.444868e+01 1.962357e-02 7.004351e-01 1.287446e+00 2.382246e+00 2.119946e+00 3.768591e+00 2.899742e+00 3.644134e+00 4.719914e+00 2.560630e+00 3.500166e+00 3.179643e+00 2.308233e+00 5.467245e-04 1.052945e-01 2.485860e-01 2.888218e-01 4.023043e-01 4.953780e-01 3.423750e-01 2.965740e-01 5.309820e-01 4.645737e-01 4.382352e-01 5.726228e-01 3.791404e-01 1.048755e-04
<GCONST> 8.809065e+01
<MIXTURE> 7 4.866145e-02
<MEAN> 39
 -2.877079e+00 -1.635462e+00 -6.532376e+00 -6.138479e+00 -1.490155e+01 -9.135295e+00 2.745271e+00 -1.583541e+01 -1.101138e+01 2.181654e-01 -6.442684e+00 -3.685246e+00 5.531179e-01 3.681808e-01 8.232447e-02 -5.808725e-01 6.841916e-01 2.412553e-01 -2.276088e-01 1.576083e-01 -1.262925e-01 1.080326e-01 -5.203252e-01 -3.147502e-02 2.257954e-01 -1.079321e-02 -7.252617e-01 -2.102029e-01 1.428902e+00 -1.329227e+00 -3.215858e-01 7.943947e-01 -6.545120e-01 1.018032e+00 -2.047091e-01 -4.131813e-02 2.986062e-01 -2.189435e-01 5.708914e-03
<VARIANCE> 39
 6.429439e+00 1.921620e+01 2.448656e+01 7.359353e+01 3.661408e+01 4.954346e+01 4.872808e+01 5.020753e+01 2.874493e+01 4.529044e+01 6.996716e+01 3.531441e+01 1.330219e-02 1.092628e+00 1.087777e+00 2.970325e+00 3.204149e+00 1.785174e+00 2.895988e+00 2.416931e+00 2.339178e+00 1.425604e+00 1.378142e+00 1.412839e+00 1.250506e+00 2.085552e-04 1.332837e-01 2.567458e-01 3.988973e-01 5.506248e-01 6.130945e-01 7.559256e-01 9.075150e-01 6.577111e-01 3.509051e-01 7.434481e-01 5.327435e-01 3.076854e-01 6.374808e-05
<GCONST> 8.954200e+01
<MIXTURE> 8 6.944456e-02
<MEAN> 39
 -5.809892e+00 -2.074900e+00 -1.163274e+00 -7.019626e+00 -1.281781e+01 -1.101657e+01 -1.315187e+00 -2.254255e+00 -1.655013e+01 -1.884421e+00 9.249240e-02 -6.439929e+00 5.023772e-01 -4.663055e-01 2.124091e+00 -1.445745e+00 1.387515e+00 2.395049e+00 -3.942480e-01 2.972952e-01 -1.654014e+00 6.028114e-01 -6.665390e-03 -1.176771e+00 6.002410e-01 -6.920933e-02 -4.835281e-01 -7.866112e-01 -4.900702e-02 -1.925789e-01 3.229986e-01 7.742851e-01 -4.989654e-01 2.312404e-01 1.175896e+00 -1.560769e-01 -1.951675e-01 3.332811e-01 6.806578e-05
<VARIANCE> 39
 1.651422e+01 2.132887e+01 3.552299e+01 4.070662e+01 4.928512e+01 6.302027e+01 5.659457e+01 7.103187e+01 5.287714e+01 6.071328e+01 6.211923e+01 3.598677e+01 1.803509e-02 2.114797e+00 2.584020e+00 4.022235e+00 3.662401e+00 5.326110e+00 5.449743e+00 5.012443e+00 4.419263e+00 5.247620e+00 4.091334e+00 4.347457e+00 3.068216e+00 1.760886e-03 6.187723e-01 5.135943e-01 6.453614e-01 6.361355e-01 9.291676e-01 1.154669e+00 9.143612e-01 8.531293e-01 9.379485e-01 9.173563e-01 8.439327e-01 5.545703e-01 2.684022e-04
<GCONST> 1.117516e+02
<MIXTURE> 9 6.628019e-02
<MEAN> 39
 -3.544247e+00 -3.835118e-01 -8.080773e+00 -1.115458e+01 -1.372527e+01 -4.563414e+00 -8.661822e+00 -1.319841e+01 -1.319059e+01 -4.239538e+00 -1.072660e+01 -4.108178e+00 5.395113e-01 -9.649274e-02 4.417668e-01 2.942669e-01 2.078143e-01 2.983053e-01 2.479062e-01 -5.637228e-01 1.153096e-01 -1.039330e-01 -4.372223e-01 2.915904e-01 -1.723592e-01 -1.378666e-02 -3.090279e-01 -9.372480e-02 4.081113e-01 -8.507665e-02 1.876046e-01 -3.722546e-03 2.498525e-01 2.811230e-02 1.300891e-01 1.452829e-01 -2.844948e-02 9.416854e-02 -2.259230e-03
<VARIANCE> 39
 6.590055e+00 1.956636e+01 2.084552e+01 3.573540e+01 4.278037e+01 5.449654e+01 2.957840e+01 5.201153e+01 3.663735e+01 5.332502e+01 5.713208e+01 5.681587e+01 1.434167e-02 2.921819e-01 7.525957e-01 7.679105e-01 9.081649e-01 2.032380e+00 1.766573e+00 1.724356e+00 1.991866e+00 1.748373e+00 2.070899e+00 1.504212e+00 1.747588e+00 1.812311e-04 1.291322e-01 2.183380e-01 4.039735e-01 3.384652e-01 4.809925e-01 5.096303e-01 3.930749e-01 4.937684e-01 4.462347e-01 5.115305e-01 4.148235e-01 4.311034e-01 5.644495e-05
<GCONST> 8.235064e+01
<MIXTURE> 10 7.795177e-02
<MEAN> 39
 -5.899756e+00 -2.749001e+00 -1.919565e+00 -6.656585e+00 -7.638931e+00 -1.071228e+01 2.596081e+00 -8.687337e+00 -1.311528e+01 4.982814e+00 -8.168214e+00 -4.982828e+00 4.226024e-01 -1.617753e-01 4.819427e-01 -1.838430e-02 3.690248e-01 2.162961e-01 3.551612e-01 4.258921e-02 -1.051145e-01 3.490888e-01 -3.987195e-01 -1.938514e-01 1.793475e-01 -2.012050e-02 -7.517119e-02 -2.003378e-02 -1.753917e-02 -3.910945e-02 -3.812425e-02 4.502048e-01 -2.071877e-01 3.193854e-01 2.126735e-01 -3.754011e-01 3.910958e-01 -6.806527e-02 -1.338307e-03
<VARIANCE> 39
 1.022400e+01 2.020127e+01 1.931479e+01 4.146314e+01 2.655979e+01 4.497771e+01 3.267832e+01 4.788114e+01 4.867189e+01 3.644873e+01 3.553508e+01 3.074849e+01 1.618611e-02 3.843645e-01 6.945313e-01 8.080349e-01 1.011743e+00 1.198069e+00 1.118603e+00 1.177748e+00 1.189589e+00 1.229308e+00 1.648701e+00 1.837119e+00 1.381984e+00 2.257326e-04 9.471826e-02 1.294234e-01 2.692132e-01 2.659799e-01 3.128054e-01 2.807745e-01 2.652964e-01 2.973872e-01 2.671225e-01 2.711078e-01 3.212323e-01 2.794760e-01 5.619360e-05
<GCONST> 7.400546e+01
<MIXTURE> 11 8.304594e-02
<MEAN> 39
 -4.460406e+00 -3.740578e+00 -3.564472e+00 -6.804637e+00 -1.269043e+01 -1.006388e+01 1.306357e+00 -1.035054e+01 -1.669900e+01 5.523438e+00 -4.294100e+00 -8.187206e+00 5.300654e-01 5.493711e-01 8.852702e-01 -1.228623e+00 1.415115e+00 1.900949e-01 1.105411e-01 8.298532e-01 -3.230953e+00 7.891536e-01 1.460157e+00 -1.696712e+00 3.882800e-02 -2.457963e-02 -2.023170e-01 -3.598713e-01 5.012882e-01 -3.437414e-01 -2.767307e-01 2.406848e-01 -5.292594e-01 9.974474e-01 5.363908e-01 -9.991693e-01 3.052152e-01 3.762720e-01 7.231245e-03
<VARIANCE> 39
 6.300776e+00 2.139110e+01 2.931778e+01 4.841417e+01 4.021360e+01 5.309859e+01 3.919205e+01 4.891615e+01 4.548450e+01 4.407946e+01 7.210603e+01 2.771992e+01 1.453518e-02 4.135933e-01 9.314835e-01 1.478978e+00 2.029508e+00 2.043301e+00 3.312224e+00 3.370079e+00 4.240434e+00 3.171505e+00 3.323119e+00 2.580613e+00 2.433896e+00 1.632655e-04 7.780196e-02 1.842911e-01 2.416727e-01 4.320582e-01 3.282405e-01 6.232279e-01 4.135048e-01 6.324511e-01 6.090496e-01 4.372064e-01 4.460280e-01 3.604156e-01 6.897000e-05
<GCONST> 8.806064e+01
<MIXTURE> 12 6.563016e-02
<MEAN> 39
 -3.936768e+00 -3.981500e+00 -1.322024e+00 -4.970024e+00 -1.294488e+01 -6.300502e+00 -2.696748e+00 -6.549573e+00 -1.387387e+01 1.445696e+00 1.256660e+00 -9.497860e+00 4.775438e-01 9.849121e-01 7.019749e-01 -2.746179e+00 2.806288e+00 2.036990e+00 -2.463286e+00 7.854266e-01 -6.104259e-01 1.137807e-02 9.334487e-02 -8.935738e-01 1.601262e-01 -3.027561e-02 -3.335969e-01 -1.363488e-01 7.071919e-01 -5.450133e-01 -5.912207e-01 3.753226e-01 3.343396e-02 2.910945e-01 1.968004e-01 -2.799348e-01 8.905354e-03 3.892399e-01 6.978936e-03
<VARIANCE> 39
 5.747158e+00 1.894339e+01 1.861599e+01 4.021967e+01 3.277942e+01 4.474382e+01 3.623077e+01 3.356529e+01 5.156593e+01 2.694660e+01 4.611536e+01 3.049394e+01 1.173455e-02 4.523465e-01 1.147502e+00 1.488624e+00 1.567605e+00 3.129242e+00 2.972694e+00 2.399400e+00 2.919016e+00 3.637349e+00 3.414780e+00 1.931759e+00 2.067964e+00 1.808599e-04 7.874473e-02 1.647868e-01 1.965748e-01 3.263972e-01 3.442468e-01 5.211775e-01 3.349553e-01 4.161420e-01 4.401657e-01 3.311844e-01 2.388549e-01 3.498268e-01 4.680776e-05
<GCONST> 8.191814e+01
<MIXTURE> 13 6.526197e-02
<MEAN> 39
 -3.684699e+00 -2.892131e+00 -6.772124e+00 -1.121207e+01 -1.399199e+01 -9.298662e+00 -5.657451e+00 -1.447838e+01 -1.318884e+01 7.520056e-01 -1.263983e+01 -3.073685e+00 5.728087e-01 9.531582e-01 4.082423e-01 -2.075119e+00 2.469767e+00 4.788753e-01 -1.296067e+00 -4.617532e-01 -4.450376e-03 -1.364733e-01 -9.836362e-01 3.197574e-01 -1.004681e-01 -1.595628e-02 -4.790053e-01 -1.726427e-02 8.837277e-01 -9.764110e-01 -2.831128e-01 6.137333e-01 5.061606e-02 2.320523e-01 1.086870e-01 -1.437543e-02 1.236111e-01 -8.181895e-02 5.038876e-03
<VARIANCE> 39
 5.900985e+00 1.604702e+01 2.212054e+01 3.807682e+01 4.604925e+01 4.392751e+01 3.266397e+01 6.020516e+01 4.185548e+01 6.123562e+01 6.194717e+01 4.738044e+01 1.207413e-02 4.666762e-01 1.052406e+00 1.250553e+00 2.189992e+00 2.632035e+00 3.047775e+00 3.602334e+00 3.800127e+00 3.593465e+00 3.133685e+00 3.599643e+00 2.762102e+00 1.102351e-04 6.977911e-02 2.320954e-01 2.205696e-01 3.081530e-01 5.196814e-01 4.619322e-01 3.770910e-01 6.952871e-01 4.070064e-01 6.264095e-01 5.487943e-01 4.351634e-01 3.683232e-05
<GCONST> 8.759229e+01
<MIXTURE> 14 6.038564e-02
<MEAN> 39
 -2.744352e+00 -3.448688e+00 -3.536349e+00 -2.918361e-01 -1.848798e+01 -5.420669e+00 -2.273865e-01 -1.056783e+01 -1.299861e+01 4.941698e-02 2.721121e+00 -1.134621e+01 5.017153e-01 -2.100534e-01 1.362223e+00 -2.518557e-01 5.302473e-01 1.128713e+00 -7.381794e-01 7.052966e-01 -1.062487e-01 -5.359013e-01 1.020932e-01 -6.962482e-01 4.257548e-01 -3.448853e-02 -6.280530e-01 -1.119692e-01 1.354567e-01 -8.533594e-01 1.074684e+00 7.044434e-02 -5.942287e-01 9.239070e-01 4.917141e-01 -2.569605e-01 -3.486825e-01 6.888943e-01 -1.631972e-03
<VARIANCE> 39
 5.427826e+00 1.533335e+01 2.415632e+01 3.388550e+01 2.621705e+01 3.080800e+01 4.578369e+01 4.871684e+01 3.366802e+01 4.023421e+01 4.009393e+01 2.909178e+01 1.266197e-02 6.916199e-01 8.060189e-01 1.727199e+00 2.756720e+00 3.817917e+00 2.700420e+00 2.515522e+00 3.149412e+00 2.755822e+00 2.952213e+00 2.185584e+00 2.170453e+00 3.271242e-04 2.711139e-01 3.393652e-01 5.301271e-01 5.417508e-01 5.443228e-01 5.812066e-01 6.318350e-01 7.440441e-01 6.194816e-01 5.846305e-01 5.119427e-01 4.943900e-01 1.614533e-04
<GCONST> 9.146111e+01
<MIXTURE> 15 6.192380e-02
<MEAN> 39
 -4.258385e+00 -4.098206e-01 -7.179472e+00 -1.231303e+01 -1.601721e+01 -6.658792e+00 -4.430411e+00 -1.940563e+01 -1.068829e+01 -1.084727e+00 -1.546811e+01 -3.096587e+00 5.477991e-01 -6.585301e-01 8.101714e-01 -7.435872e-02 1.922010e+00 1.260117e+00 -5.919412e-01 -7.002778e-01 7.894886e-01 -1.582573e-01 -1.604981e+00 9.706311e-01 -3.013208e-01 -3.773023e-02 -7.959863e-01 -7.739540e-01 2.547332e-01 3.267010e-02 8.944780e-01 -5.613893e-02 9.013767e-02 1.592869e+00 1.737174e-01 -1.422769e-01 8.776566e-01 -3.386723e-02 -6.830589e-04
<VARIANCE> 39
 5.466473e+00 1.743217e+01 2.457744e+01 2.844376e+01 4.130668e+01 5.027800e+01 5.433339e+01 4.183414e+01 5.039661e+01 6.256293e+01 3.150439e+01 4.404071e+01 1.192902e-02 1.695274e+00 2.440172e+00 3.917695e+00 3.159874e+00 5.546613e+00 5.022156e+00 5.090786e+00 7.966294e+00 5.622671e+00 4.401354e+00 3.947124e+00 3.370754e+00 6.913309e-04 3.513150e-01 4.744695e-01 6.738280e-01 4.709375e-01 8.382583e-01 9.421549e-01 1.246709e+00 7.907859e-01 9.442493e-01 8.805159e-01 5.978690e-01 6.703752e-01 1.573769e-04
<GCONST> 1.054540e+02
<MIXTURE> 16 5.043076e-02
<MEAN> 39
 -3.368431e+00 -4.143724e+00 -2.846159e+00 -4.340596e+00 -1.385201e+01 -5.344727e+00 -3.620843e+00 -6.099245e+00 -1.628954e+01 1.140401e+00 1.810096e+00 -1.017783e+01 4.762098e-01 -4.036973e-03 3.193574e-01 -2.283831e-02 2.708518e-01 -6.436232e-02 7.118262e-02 9.179562e-02 -6.605010e-02 -2.386463e-02 -3.649819e-01 -3.507197e-02 2.018883e-01 -8.355254e-03 -2.053723e-01 1.765482e-02 1.492972e-01 -3.124172e-01 1.201573e-01 6.543585e-02 -2.544692e-02 2.398003e-01 3.277347e-01 -4.544357e-01 4.727764e-02 3.199801e-01 1.854012e-03
<VARIANCE> 39
 6.538489e+00 1.516333e+01 1.565455e+01 3.418679e+01 2.777931e+01 2.476711e+01 4.245437e+01 3.670244e+01 2.686538e+01 5.085477e+01 7.000732e+01 3.525718e+01 1.096780e-02 1.682219e-01 5.153713e-01 3.516956e-01 5.857820e-01 7.791801e-01 7.282810e-01 6.560386e-01 9.218339e-01 7.433677e-01 9.310949e-01 7.855252e-01 7.618115e-01 6.237325e-05 7.979853e-02 1.533889e-01 2.596573e-01 2.574291e-01 3.869955e-01 2.943698e-01 4.039388e-01 3.549344e-01 2.591513e-01 3.101360e-01 3.482559e-01 2.572269e-01 4.860659e-05
<GCONST> 6.521288e+01
<STATE> 4
<NUMMIXES> 16
<MIXTURE> 1 3.295695e-02
<MEAN> 39
 -5.875918e+00 -2.200227e+00 -2.875385e+00 -2.419111e+00 -9.041317e+00 -1.131686e+01 -4.402092e+00 -2.453300e+00 -1.071390e+01 -2.154433e+00 -7.016121e-01 -5.404324e+00 4.625025e-01 -4.011981e+00 -1.118254e-01 2.456300e-01 -8.799528e-01 4.382974e+00 -2.261821e-01 -1.932705e+00 2.365258e+00 3.420841e+00 -1.175679e+00 -9.262519e-01 2.152494e+00 -1.099596e-02 -1.506903e+00 -5.624831e-02 1.247042e-01 -5.806118e-01 1.316666e-01 5.429371e-01 3.386306e-01 8.349205e-02 3.714327e-01 1.563918e-01 6.898835e-02 1.750781e-01 1.822106e-02
<VARIANCE> 39
 8.449445e+00 1.824685e+01 2.104018e+01 2.991991e+01 5.218477e+01 3.104813e+01 3.823473e+01 6.626464e+01 3.779791e+01 5.754304e+01 3.685903e+01 3.190354e+01 1.467970e-02 2.270136e+00 6.150214e+00 3.648684e+00 5.078828e+00 3.536193e+00 5.390116e+00 7.185488e+00 5.500578e+00 3.671045e+00 7.406980e+00 4.779855e+00 4.786067e+00 7.806002e-04 2.527951e-01 3.417431e-01 4.513564e-01 3.413676e-01 5.805886e-01 4.446938e-01 7.936516e-01 8.583528e-01 6.079359e-01 8.196626e-01 5.492988e-01 5.620201e-01 2.199372e-04
<GCONST> 1.040280e+02
<MIXTURE> 2 9.316970e-02
<MEAN> 39
 -7.010459e+00 1.394679e+00 -2.482238e+00 -1.398099e+00 -5.775850e+00 -3.438731e+00 1.396004e+00 -6.270236e+00 -7.170245e+00 -9.084240e-01 -6.532238e+00 -4.673674e+00 2.063414e-01 -1.159280e+00 1.609466e-02 1.373049e-01 8.974356e-01 1.215194e+00 1.199077e+00 1.898978e-01 3.827669e-01 7.995124e-01 -4.791445e-01 -6.862716e-02 5.631016e-01 -4.495455e-02 -3.024819e-01 -4.982772e-01 -9.589788e-02 -3.446966e-01 -6.143780e-02 -3.244759e-03 -1.293075e-01 4.216483e-01 -1.773813e-01 5.418637e-02 3.646236e-01 3.371094e-02 -2.415285e-03
<VARIANCE> 39
 4.759904e+00 1.001158e+01 1.432403e+01 2.138653e+01 2.662558e+01 2.610113e+01 3.454617e+01 3.704898e+01 3.229484e+01 4.139778e+01 3.432304e+01 2.849944e+01 1.337313e-02 4.519396e-01 1.027624e+00 1.104287e+00 1.375364e+00 1.669310e+00 1.570023e+00 2.116156e+00 2.078467e+00 1.932324e+00 2.319697e+00 2.451812e+00 1.406995e+00 4.177372e-04 7.658076e-02 1.414026e-01 2.418186e-01 2.695051e-01 4.465759e-01 3.693428e-01 4.109046e-01 4.395882e-01 3.783934e-01 4.729251e-01 4.474798e-01 3.316731e-01 7.591155e-05
<GCONST> 7.790300e+01
<MIXTURE> 3 3.385162e-02
<MEAN> 39
 -1.284772e+01 -2.283012e+00 -3.911256e+00 -1.184557e+01 -1.008513e+01 -1.945218e+00 -1.315064e+00 -3.996055e+00 -4.040255e+00 2.332780e+00 -4.596653e+00 -1.246594e+00 1.366365e-01 -1.510869e+00 -1.066772e+00 -7.041359e-01 4.777073e-01 8.459996e-01 3.979703e-02 2.383582e-01 1.662803e+00 1.884179e+00 4.132598e-02 1.012848e+00 7.285958e-01 -3.180478e-02 2.451672e-01 -1.524033e-01 4.853715e-02 1.581837e-01 -7.262892e-02 -2.322164e-01 -6.031162e-02 -1.441583e-01 -4.774241e-01 -3.732369e-01 1.051860e-01 -1.768878e-01 2.515305e-02
<VARIANCE> 39
 2.007099e+01 1.480317e+01 6.474765e+01 5.237515e+01 7.318993e+01 3.234098e+01 2.996685e+01 2.795057e+01 2.362606e+01 2.184748e+01 4.025819e+01 2.301771e+01 3.721574e-02 3.117465e+00 2.481198e+00 3.849690e+00 6.862550e+00 8.307722e+00 4.350022e+00 2.819813e+00 4.195220e+00 3.333643e+00 3.079396e+00 4.600785e+00 2.110539e+00 5.541727e-03 5.502709e-01 4.208134e-01 1.030737e+00 1.584121e+00 1.904827e+00 8.145608e-01 4.929756e-01 6.425896e-01 4.734064e-01 5.343940e-01 9.125063e-01 4.120489e-01 1.007959e-03
<GCONST> 1.096362e+02
<MIXTURE> 4 5.293723e-02
<MEAN> 39
 -9.472513e-01 -7.363740e+00 -1.081479e+01 -1.070176e+01 -4.601508e+00 -5.820652e+00 -7.110724e+00 2.417074e+00 -8.389470e+00 -2.540784e+00 2.381161e+00 -7.038676e+00 6.070331e-01 9.226803e-01 -6.444504e-01 -1.870269e+00 -1.172191e+00 7.643201e-01 1.506606e+00 -1.054254e+00 1.571623e-01 1.719019e+00 -5.417877e-01 3.003187e-01 1.029051e+00 3.243837e-02 -1.343141e-02 -7.061400e-02 2.910549e-01 1.557511e-01 -3.994597e-01 1.720384e-01 1.069630e-01 -2.531436e-01 4.883779e-02 9.980031e-02 -1.645102e-01 1.610611e-01 2.633378e-03
<VARIANCE> 39
 8.425258e+00 1.799058e+01 3.128296e+01 5.575085e+01 3.241997e+01 2.616468e+01 6.028586e+01 3.947149e+01 5.660323e+01 4.895303e+01 5.511282e+01 4.250177e+01 1.061597e-02 3.695733e-01 8.776310e-01 1.713555e+00 2.423960e+00 2.210172e+00 2.435291e+00 4.718714e+00 2.166644e+00 3.705818e+00 2.667537e+00 3.038561e+00 2.098843e+00 3.203419e-04 7.480193e-02 1.716646e-01 2.933448e-01 2.991304e-01 3.865481e-01 4.957649e-01 7.463424e-01 4.851328e-01 7.157211e-01 5.942299e-01 5.051885e-01 4.425803e-01 6.023864e-05
<GCONST> 8.869757e+01
<MIXTURE> 5 5.270117e-02
<MEAN> 39
 -8.352033e+00 -4.379921e+00 -5.890352e+00 -6.194807e+00 -5.272348e+00 -1.014343e+01 -6.496847e+00 3.798896e-01 -5.789051e+00 -3.531578e+00 -4.457111e+00 -1.517917e+00 4.105588e-01 -3.728777e-01 -1.246645e+00 -1.139093e+00 -3.790554e-01 1.887699e+00 2.305636e-01 -1.145286e+00 1.121699e+00 1.847483e+00 2.622046e-02 -7.308733e-01 1.493318e-01 9.527900e-03 2.810009e-01 -8.229454e-02 2.998859e-02 -3.098915e-01 -7.913556e-01 7.716587e-01 5.054862e-01 -5.615309e-01 -2.169802e-01 2.308123e-01 3.295896e-01 -2.401002e-01 9.431708e-03
<VARIANCE> 39
 1.911751e+01 4.504585e+01 3.821470e+01 4.071190e+01 4.771179e+01 4.893080e+01 6.270319e+01 6.398682e+01 4.831672e+01 3.230330e+01 5.325235e+01 3.953619e+01 2.762363e-02 2.955695e+00 3.029429e+00 3.214478e+00 3.361091e+00 6.522628e+00 5.201915e+00 6.467056e+00 5.346397e+00 4.771122e+00 3.322709e+00 3.872073e+00 3.496107e+00 9.756323e-04 3.932385e-01 6.057071e-01 4.959013e-01 5.178438e-01 1.023723e+00 1.027457e+00 1.165720e+00 7.867897e-01 6.938375e-01 6.203436e-01 7.242471e-01 6.505529e-01 1.298956e-04
<GCONST> 1.099555e+02
<MIXTURE> 6 9.005868e-02
<MEAN> 39
 -2.755828e+00 -1.198804e+00 -6.181699e+00 -1.028390e+00 -1.446117e+01 -9.457899e+00 2.064976e+00 -7.922446e+00 -1.565278e+01 -2.953612e+00 2.072143e+00 -6.212569e+00 4.730649e-01 -4.568961e-01 1.501851e-01 5.001047e-01 -7.495220e-01 1.619619e+00 2.451665e-01 -1.750546e+00 1.665705e+00 8.065965e-01 -6.638774e-01 -3.895766e-01 3.456264e-01 -1.488130e-02 -4.012285e-01 -5.911512e-01 3.271467e-01 -7.903740e-01 5.249272e-01 3.128775e-01 -9.506255e-01 6.805700e-01 8.771608e-01 1.267157e-01 -1.300362e-01 2.312762e-01 9.109532e-03
<VARIANCE> 39
 7.128522e+00 1.573658e+01 1.920325e+01 3.305489e+01 4.381578e+01 3.220041e+01 4.000255e+01 5.297693e+01 2.868657e+01 6.177840e+01 4.097010e+01 3.391486e+01 1.238523e-02 8.220546e-01 1.609884e+00 1.893528e+00 2.970158e+00 3.798258e+00 3.468852e+00 3.684982e+00 5.176441e+00 2.986473e+00 3.237305e+00 2.978334e+00 2.523133e+00 6.411024e-04 2.329028e-01 3.506217e-01 4.850533e-01 4.584828e-01 9.028887e-01 5.834056e-01 8.449244e-01 7.766702e-01 4.936615e-01 9.084216e-01 5.955404e-01 4.514861e-01 1.764490e-04
<GCONST> 9.672543e+01
<MIXTURE> 7 4.408001e-02
<MEAN> 39
 -5.227877e+00 3.377873e+00 -3.786662e+00 -6.616874e+00 -9.083022e+00 -7.346974e+00 -7.252847e+00 -1.457098e+01 -1.597628e+01 -5.607424e+00 -1.076173e+01 -6.439563e+00 4.154933e-01 -2.091646e+00 -1.313091e-01 7.687120e-01 1.494761e+00 2.703887e+00 9.433795e-01 5.495085e-01 1.539520e+00 8.210236e-01 -7.588063e-01 1.532563e+00 3.187860e-01 -7.839846e-02 -7.477279e-01 -1.048941e+00 -2.842645e-01 -2.640643e-01 1.255944e-02 2.439530e-01 5.780578e-01 1.064638e+00 9.316724e-01 6.694278e-01 5.270829e-01 4.919937e-01 -9.749091e-03
<VARIANCE> 39
 5.888730e+00 1.256845e+01 1.705827e+01 2.731339e+01 2.842288e+01 3.172616e+01 2.671193e+01 3.695022e+01 2.972394e+01 3.638509e+01 2.265919e+01 3.124625e+01 1.609416e-02 9.493848e-01 2.304626e+00 1.988676e+00 2.103306e+00 3.998109e+00 2.833598e+00 2.548335e+00 4.115149e+00 4.019921e+00 3.550661e+00 2.918703e+00 2.193899e+00 1.143892e-03 1.859352e-01 3.984827e-01 3.582009e-01 3.670807e-01 4.407517e-01 5.985664e-01 3.419828e-01 6.536087e-01 5.285221e-01 4.245140e-01 3.640058e-01 4.342509e-01 2.904410e-04
<GCONST> 9.103175e+01
<MIXTURE> 8 6.341445e-02
<MEAN> 39
 -8.804190e+00 -4.007424e+00 3.919541e+00 -1.525905e+01 -1.940994e+01 -3.979432e-01 -2.418685e+00 -8.343929e+00 -1.314248e+01 1.301991e+00 -3.075815e+00 -5.768270e+00 4.890811e-01 -8.043482e-01 -7.943604e-01 1.338862e+00 -9.775850e-01 -1.282664e+00 -1.075207e-01 5.154201e-01 1.894920e+00 3.948956e-01 -7.306183e-01 2.007203e-01 7.184893e-01 1.310793e-02 2.730539e-01 -2.187440e-01 -5.514746e-01 5.030620e-01 3.796005e-01 -7.813597e-01 -2.282246e-02 4.335244e-01 3.475016e-01 -1.885548e-01 7.820564e-02 1.688223e-01 5.333458e-03
<VARIANCE> 39
 8.218994e+00 1.768584e+01 2.264138e+01 5.052787e+01 3.687812e+01 4.684212e+01 3.849371e+01 5.156953e+01 3.516938e+01 3.650750e+01 8.030806e+01 3.770935e+01 2.732571e-02 1.348530e+00 1.608504e+00 3.098379e+00 2.651977e+00 4.206383e+00 4.574331e+00 2.965989e+00 2.906006e+00 2.616750e+00 3.928006e+00 3.067854e+00 2.384490e+00 1.272389e-03 1.896569e-01 2.451479e-01 4.410960e-01 4.760084e-01 5.631568e-01 4.485240e-01 4.390271e-01 4.673576e-01 2.880234e-01 5.354778e-01 5.994869e-01 4.935652e-01 1.593369e-04
<GCONST> 9.654417e+01
<MIXTURE> 9 7.217777e-02
<MEAN> 39
 -7.931382e+00 3.445968e+00 -2.341960e+00 -6.537482e+00 -8.972854e+00 -7.562731e+00 -1.584843e+00 -8.058614e+00 -1.199520e+01 -3.415937e+00 -5.045208e+00 -5.282966e+00 3.318348e-01 -2.864264e+00 -9.405718e-01 -9.563571e-01 1.047045e+00 3.523780e+00 4.214898e-01 -6.536861e-02 1.395472e+00 2.330986e+00 -1.410815e-01 2.776448e-01 1.072302e+00 -7.468063e-02 -3.866153e-01 -1.602436e+00 -4.000790e-01 -4.070063e-01 -2.121912e-01 2.067061e-01 -2.443670e-01 8.014303e-01 6.249761e-01 5.410538e-01 2.515081e-01 3.133622e-01 2.410500e-02
<VARIANCE> 39
 1.164837e+01 1.109535e+01 2.211914e+01 3.248761e+01 4.313011e+01 3.563578e+01 4.905976e+01 5.448452e+01 3.323868e+01 3.022048e+01 4.309103e+01 2.248881e+01 1.741340e-02 1.684415e+00 4.316242e+00 4.635177e+00 4.183605e+00 4.202973e+00 6.144819e+00 6.522433e+00 9.635210e+00 4.511766e+00 4.591865e+00 7.489376e+00 3.625287e+00 3.285784e-03 4.776349e-01 5.676358e-01 7.980586e-01 7.215743e-01 9.753906e-01 9.972222e-01 1.147868e+00 1.033060e+00 9.336144e-01 6.119276e-01 8.458813e-01 5.449998e-01 2.572917e-04
<GCONST> 1.097239e+02
<MIXTURE> 10 5.980556e-02
<MEAN> 39
 -7.212581e+00 2.078453e+00 -2.997331e+00 -7.094667e+00 -9.023364e+00 -6.345599e+00 -3.939962e+00 -1.172838e+01 -1.151602e+01 -3.550605e+00 -4.945129e+00 -5.999521e-01 3.483625e-01 -1.712590e+00 -3.997184e-01 2.029774e-01 1.936783e-01 1.725503e+00 9.595075e-01 1.161007e-02 1.614240e+00 1.261572e+00 7.568172e-02 2.993248e-01 1.377327e-01 -5.783898e-02 -3.952875e-01 -5.920711e-01 -1.608237e-01 -3.596315e-02 5.615407e-03 1.123126e-01 2.427011e-01 6.207367e-01 4.562465e-01 2.486456e-01 3.387676e-02 -2.097218e-01 -1.484442e-03
<VARIANCE> 39
 1.051271e+01 1.443897e+01 2.919595e+01 5.530823e+01 4.347223e+01 4.635534e+01 4.034414e+01 5.342598e+01 3.077921e+01 4.830705e+01 4.164853e+01 2.058045e+01 1.376042e-02 2.309319e+00 1.775614e+00 3.107229e+00 5.418650e+00 4.369285e+00 5.789368e+00 5.244916e+00 6.476491e+00 4.606954e+00 2.670563e+00 3.168125e+00 3.105414e+00 2.457392e-03 3.037457e-01 1.730796e-01 4.076025e-01 8.485640e-01 7.867090e-01 7.971569e-01 5.377432e-01 5.948501e-01 3.993795e-01 5.199542e-01 3.796461e-01 2.569975e-01 2.530310e-04
<GCONST> 1.011264e+02
<MIXTURE> 11 8.005560e-02
<MEAN> 39
 -1.168000e+01 -6.255239e-01 -2.906883e+00 -7.633912e-01 -1.134851e+00 -3.383318e-01 1.040545e+00 -5.174006e+00 -7.731773e+00 -2.026426e+00 -5.148482e+00 -3.298898e+00 8.011448e-02 -1.899769e+00 -1.430859e+00 -1.160810e+00 -5.778304e-01 8.353374e-01 5.785721e-01 2.535718e-02 1.333123e+00 1.353944e+00 1.170501e-01 3.319848e-01 7.323642e-01 -5.871492e-02 1.003429e-01 -2.450042e-01 -2.585688e-01 -5.302913e-01 -7.439854e-01 -4.537209e-01 -1.384248e-01 4.432775e-02 2.884471e-02 1.545257e-01 2.658639e-01 5.000407e-02 1.289417e-02
<VARIANCE> 39
 7.251263e+00 1.386865e+01 2.091856e+01 2.847580e+01 1.744591e+01 2.133662e+01 3.120342e+01 3.782209e+01 2.537770e+01 3.912091e+01 2.439304e+01 2.182005e+01 1.366541e-02 1.058105e+00 1.388036e+00 1.658491e+00 2.229947e+00 2.968105e+00 2.629087e+00 3.098377e+00 3.329833e+00 3.133331e+00 3.343190e+00 2.942114e+00 2.112737e+00 1.443350e-03 1.531685e-01 2.996984e-01 3.440971e-01 5.352409e-01 4.414596e-01 4.689498e-01 5.432462e-01 4.985389e-01 4.550290e-01 4.861723e-01 3.566122e-01 3.741641e-01 1.496430e-04
<GCONST> 8.828712e+01
<MIXTURE> 12 7.923367e-02
<MEAN> 39
 -6.469105e+00 -7.592800e+00 2.945005e+00 -1.140695e+01 -1.671026e+01 -6.656754e+00 -3.918605e+00 4.028527e+00 -1.463904e+01 -3.099687e+00 2.796694e+00 -5.761107e+00 6.027567e-01 -7.822387e-02 -1.680937e+00 4.751968e-01 -2.211010e-01 -9.316494e-02 -9.651917e-01 -1.173391e+00 2.932222e+00 2.091827e+00 -1.405205e+00 -5.152121e-01 1.225920e+00 2.737118e-02 2.372689e-01 -1.542484e-01 -4.321270e-01 2.494316e-01 2.812832e-01 1.174691e-02 -2.928015e-01 -4.210446e-01 6.837306e-01 1.708964e-01 -4.934929e-01 6.918224e-02 3.620876e-03
<VARIANCE> 39
 7.282453e+00 2.279473e+01 2.983422e+01 4.284017e+01 5.360430e+01 4.266652e+01 4.677806e+01 5.413089e+01 5.003329e+01 5.180907e+01 6.866992e+01 3.914750e+01 1.334195e-02 5.086553e-01 9.141378e-01 1.994519e+00 1.779485e+00 2.909020e+00 3.570628e+00 4.651000e+00 4.215225e+00 3.599485e+00 2.739402e+00 3.636184e+00 2.105968e+00 4.484136e-04 9.582592e-02 2.220546e-01 3.557186e-01 2.863662e-01 4.716346e-01 4.564400e-01 4.722160e-01 7.662361e-01 4.719868e-01 5.189198e-01 3.529540e-01 3.530057e-01 8.721880e-05
<GCONST> 9.186283e+01
<MIXTURE> 13 5.899472e-02
<MEAN> 39
 -5.708648e+00 -3.252398e+00 -6.965157e-01 -1.330658e+01 -1.508977e+01 -3.532731e+00 -5.555183e+00 -1.220462e+01 -1.167061e+01 5.952179e-01 -6.856711e+00 -5.567958e+00 5.722975e-01 -1.293733e+00 -2.196392e-01 2.410257e+00 -2.579648e+00 -9.346620e-01 1.588442e+00 -5.183964e-01 9.960880e-01 1.274996e-01 -4.767563e-01 5.326599e-01 1.812366e-01 1.025886e-02 -2.180242e-01 -1.546743e-01 3.927875e-01 -3.896436e-01 -4.737112e-01 -1.979448e-02 2.139865e-01 4.332781e-01 -7.883114e-02 -7.427260e-02 1.279346e-01 6.439913e-02 6.760546e-03
<VARIANCE> 39
 8.776947e+00 1.571142e+01 2.674301e+01 7.693824e+01 3.248754e+01 4.523906e+01 5.257219e+01 5.114269e+01 3.730997e+01 4.826868e+01 1.111039e+02 2.712286e+01 1.199809e-02 6.598303e-01 9.477900e-01 1.818138e+00 2.223893e+00 2.959751e+00 2.884696e+00 2.952305e+00 2.527228e+00 2.156192e+00 2.699460e+00 2.181354e+00 1.999083e+00 3.068006e-04 1.513220e-01 1.751454e-01 3.818550e-01 5.775286e-01 4.281109e-01 4.997957e-01 4.159159e-01 3.114767e-01 3.851902e-01 4.377984e-01 3.231571e-01 2.267045e-01 4.910558e-05
<GCONST> 8.769003e+01
<MIXTURE> 14 7.477998e-02
<MEAN> 39
 -4.525927e+00 1.225181e+00 -2.112961e+00 -2.427077e+00 -1.179450e+01 -6.526090e+00 5.903469e-01 -7.158094e+00 -1.546121e+01 9.123140e-01 6.103435e-01 -9.970057e+00 3.714485e-01 -1.682100e+00 1.663661e-01 -1.943314e-01 -3.660185e-01 2.669627e+00 8.505982e-02 -7.932678e-01 8.297087e-01 1.919406e+00 -9.995086e-01 -1.361126e+00 1.805990e+00 -4.631809e-02 -8.134549e-01 -9.066308e-01 -3.332584e-03 -4.868375e-01 2.776172e-01 7.806889e-02 -5.142896e-01 6.526923e-01 8.712748e-01 -1.348428e-01 -6.938060e-02 6.397243e-01 8.313760e-03
<VARIANCE> 39
 6.949402e+00 1.217740e+01 1.610379e+01 2.594093e+01 2.600365e+01 2.930492e+01 4.335353e+01 3.944044e+01 4.290502e+01 4.432247e+01 2.856091e+01 2.849150e+01 1.212277e-02 1.180218e+00 3.014992e+00 2.924828e+00 3.772453e+00 3.434343e+00 4.061050e+00 4.181485e+00 3.836277e+00 3.324518e+00 3.447998e+00 2.657129e+00 2.746283e+00 1.263110e-03 3.150328e-01 3.749066e-01 4.667285e-01 5.039575e-01 6.393740e-01 5.230709e-01 6.167291e-01 7.720289e-01 6.171173e-01 6.748250e-01 3.906068e-01 4.628545e-01 3.192671e-04
<GCONST> 9.684640e+01
<MIXTURE> 15 4.082769e-02
<MEAN> 39
 -4.911685e+00 -3.769615e+00 -9.545118e+00 -3.727784e+00 -4.515532e+00 -1.131663e+01 -9.625230e+00 -6.098023e+00 -8.922516e+00 -2.987715e+00 -6.909606e+00 -6.542956e+00 4.737690e-01 -2.558125e+00 9.701774e-02 -4.721411e-01 1.002233e+00 2.284183e+00 4.397752e-02 -8.391779e-01 2.083276e+00 2.040658e+00 -9.840666e-01 5.999159e-01 7.659249e-01 -2.817446e-02 -9.655620e-01 -1.068054e-02 5.811937e-01 -4.740525e-01 -7.319726e-01 5.086313e-01 1.044943e+00 6.595859e-02 1.579223e-01 2.228779e-01 2.122846e-01 4.737797e-01 2.457410e-03
<VARIANCE> 39
 1.360308e+01 1.177528e+01 2.183037e+01 3.220635e+01 6.402409e+01 3.021299e+01 2.470497e+01 4.605917e+01 4.295431e+01 3.949225e+01 8.204893e+01 2.203558e+01 1.585183e-02 4.096218e+00 2.900898e+00 2.914354e+00 4.953867e+00 4.591660e+00 5.794560e+00 5.693096e+00 9.720118e+00 3.797051e+00 6.378286e+00 5.614882e+00 2.905010e+00 1.297860e-03 3.382697e-01 2.765126e-01 3.571048e-01 5.691500e-01 6.887604e-01 6.386283e-01 5.214016e-01 7.733859e-01 6.677064e-01 6.949663e-01 6.476420e-01 3.641588e-01 2.448789e-04
<GCONST> 1.042572e+02
<MIXTURE> 16 7.095183e-02
<MEAN> 39
 -3.470292e+00 -4.494639e+00 -6.178151e+00 -8.542152e+00 -1.215604e+01 -8.164283e+00 -9.477347e-01 -7.052992e+00 -1.291758e+01 -1.462596e-02 -4.304505e+00 -5.276977e+00 5.651577e-01 4.027410e-01 -2.960264e-01 -1.207629e+00 -6.052412e-01 1.166999e+00 -1.411624e-01 -5.183757e-01 1.059364e+00 4.799798e-01 -3.317045e-01 2.758430e-01 5.643023e-02 1.261120e-02 1.240571e-01 -2.512546e-01 -1.869106e-01 -2.981292e-01 2.386385e-01 1.276003e-01 -4.290322e-01 3.925875e-01 3.392202e-01 -9.017147e-02 1.970254e-01 1.584042e-02 9.627076e-03
<VARIANCE> 39
 5.777891e+00 2.061795e+01 3.616424e+01 6.255057e+01 4.665440e+01 4.008845e+01 5.965901e+01 9.168538e+01 5.531635e+01 6.889339e+01 9.105845e+01 4.734864e+01 1.250317e-02 3.257631e-01 7.170463e-01 1.622301e+00 1.846454e+00 2.354602e+00 2.487584e+00 2.907572e+00 2.461698e+00 3.154113e+00 2.996391e+00 2.447154e+00 2.155831e+00 2.181370e-04 4.770669e-02 1.261608e-01 2.557678e-01 2.741380e-01 3.634037e-01 3.047750e-01 4.033751e-01 5.171665e-01 4.707279e-01 5.317979e-01 3.749476e-01 3.502305e-01 5.229681e-05
<GCONST> 8.660094e+01
<TRANSP> 5
 0.000000e+00 1.000000e+00 0.000000e+00 0.000000e+00 0.000000e+00
 0.000000e+00 6.455062e-01 3.544938e-01 0.000000e+00 0.000000e+00
 0.000000e+00 0.000000e+00 6.931421e-01 3.068579e-01 0.000000e+00
 0.000000e+00 0.000000e+00 0.000000e+00 6.316805e-01 3.683194e-01
 0.000000e+00 0.000000e+00 0.000000e+00 0.000000e+00 0.000000e+00
<ENDHMM>
