~o
<STREAMINFO> 1 39
<VECSIZE> 39<NULLD><MFCC_E_D_A><DIAGC>
~h "p"
<BEGINHMM>
<NUMSTATES> 5
<STATE> 2
<NUMMIXES> 16
<MIXTURE> 1 4.711585e-02
<MEAN> 39
 -1.570892e+01 4.621804e-01 -3.077471e+00 -5.224928e-01 -2.239406e+00 -2.860180e+00 -5.770007e+00 -7.125996e+00 -8.434875e+00 -5.113401e+00 -4.985469e+00 -4.001016e+00 -5.458845e-02 -2.609020e+00 -1.963775e+00 -9.552872e-01 -4.144931e-01 4.768616e-01 1.436203e+00 1.809565e+00 2.840256e+00 2.937323e+00 1.764950e+00 1.730767e+00 1.558450e+00 -4.920024e-02 7.914813e-01 -7.523034e-01 -3.783538e-01 -8.491879e-01 -3.710097e-01 -3.336201e-01 1.353180e-01 5.405701e-01 5.731807e-01 6.558677e-01 3.209926e-01 1.891262e-01 5.813463e-02
<VARIANCE> 39
 3.925021e+00 6.517402e+00 5.928550e+00 7.686923e+00 9.897261e+00 1.113232e+01 1.220313e+01 1.283039e+01 1.415535e+01 1.334486e+01 1.508408e+01 1.520197e+01 1.379293e-02 1.572391e+00 1.540928e+00 1.628765e+00 2.269132e+00 1.948319e+00 2.327661e+00 2.863823e+00 3.370709e+00 3.076918e+00 2.644213e+00 2.008591e+00 2.421050e+00 4.945206e-03 2.975274e-01 3.500511e-01 3.550618e-01 5.836937e-01 4.618758e-01 5.401995e-01 4.600119e-01 5.509745e-01 5.636664e-01 5.031505e-01 4.922363e-01 4.933276e-01 6.386643e-04
<GCONST> 8.259831e+01
<MIXTURE> 2 4.955762e-02
<MEAN> 39
 -1.024293e+01 2.797471e+00 -9.708788e-01 1.503299e+00 -1.750817e+00 -2.969373e+00 -6.089204e+00 -5.047791e+00 -5.685339e+00 -3.412193e+00 -2.835897e+00 -3.517748e+00 1.200847e-01 -3.905626e+00 1.831491e+00 -2.239863e+00 8.201086e-01 3.068001e+00 3.718360e+00 2.708324e+00 -4.383936e-01 1.639547e+00 1.093628e+00 -3.388962e-01 4.977493e-01 -1.927132e-01 -2.977050e-01 -1.324423e+00 4.017124e-01 -9.860149e-01 -1.185766e+00 -4.313813e-01 5.458510e-02 6.702253e-01 -7.227460e-02 2.339207e-01 3.765785e-01 2.407849e-01 2.994347e-02
<VARIANCE> 39
 1.253532e+01 8.728216e+00 8.699196e+00 9.001663e+00 1.212763e+01 1.487931e+01 1.358554e+01 1.624877e+01 2.081793e+01 1.651917e+01 1.420668e+01 1.351773e+01 2.144736e-02 1.057010e+00 2.494055e+00 3.707136e+00 3.375478e+00 2.724162e+00 2.735187e+00 3.105783e+00 3.701178e+00 5.215595e+00 4.001268e+00 3.698967e+00 2.244240e+00 1.433086e-03 3.422537e-01 3.019419e-01 4.341018e-01 4.243010e-01 3.875341e-01 5.526574e-01 3.886942e-01 5.224465e-01 6.440569e-01 5.199215e-01 4.841252e-01 3.421685e-01 4.830252e-04
<GCONST> 8.751048e+01
<MIXTURE> 3 7.883119e-02
<MEAN> 39
 -1.915266e+01 -2.579066e+00 -1.376720e+00 -4.204058e+00 -1.406453e+00 -1.016149e+00 -2.021863e+00 1.938431e-01 -4.547296e-01 -8.499457e-02 -6.227590e-01 3.054742e-01 1.587444e-01 1.369106e+00 -4.220770e-02 -8.925002e-01 2.186409e+00 -4.864825e-02 6.966580e-01 3.769402e-01 -3.595940e-01 1.180472e-01 6.688069e-01 2.655794e-01 8.112413e-03 -1.810149e-01 -6.531212e-01 4.306082e-02 -7.115981e-01 -3.217583e-01 7.797451e-03 -2.624446e-01 2.118572e-02 1.033487e-01 -9.029029e-02 1.943982e-02 4.497261e-04 -6.738723e-02 2.094963e-02
<VARIANCE> 39
 6.214426e+00 1.499463e+01 9.143755e+00 1.116847e+01 1.330082e+01 1.228143e+01 1.514488e+01 1.612788e+01 1.326750e+01 1.232586e+01 1.084476e+01 9.540623e+00 2.814650e-02 9.753535e-01 2.356973e+00 2.075380e+00 2.289749e+00 2.502817e+00 2.335247e+00 2.220575e+00 1.924457e+00 2.099582e+00 1.733280e+00 1.456839e+00 1.511634e+00 1.747826e-03 1.916966e-01 2.785189e-01 3.052167e-01 3.633251e-01 4.409599e-01 4.166719e-01 4.427697e-01 4.472026e-01 3.397612e-01 3.080866e-01 2.801663e-01 2.276495e-01 6.674195e-04
<GCONST> 7.817447e+01
<MIXTURE> 4 5.137396e-02
<MEAN> 39
 -3.052184e+00 -2.735324e+00 -5.302640e+00 -3.362196e+00 -4.853917e+00 -8.769872e+00 -1.046078e+01 -3.733475e+00 -3.435804e+00 -9.763649e-01 -9.895075e-01 -2.835877e+00 4.525886e-01 -3.481341e+00 3.793090e+00 -2.935712e-01 2.296541e+00 3.063198e+00 3.857276e+00 2.341190e+00 -1.533763e+00 1.459276e-01 -1.767033e-01 -2.135778e-01 -1.470175e-01 -2.079762e-01 -1.262240e+00 -7.180117e-01 3.973309e-01 -4.220901e-01 -5.547929e-01 2.847440e-01 7.470610e-01 7.055330e-01 4.651881e-02 7.089437e-02 1.295244e-02 2.700788e-01 -1.545324e-02
<VARIANCE> 39
 8.685542e+00 1.718749e+01 1.992299e+01 1.896178e+01 1.506706e+01 2.335949e+01 1.997948e+01 2.471763e+01 2.255244e+01 2.238579e+01 2.721669e+01 1.916059e+01 1.615414e-02 1.503385e+00 2.752175e+00 5.443120e+00 4.735721e+00 3.149591e+00 4.198742e+00 5.280854e+00 4.304237e+00 5.940097e+00 4.509900e+00 4.771205e+00 2.835253e+00 1.412394e-03 1.845137e-01 2.518838e-01 4.088626e-01 3.466514e-01 4.743007e-01 5.095432e-01 5.298116e-01 5.699703e-01 4.845555e-01 4.645309e-01 4.939765e-01 4.278425e-01 2.974826e-04
<GCONST> 9.393822e+01
<MIXTURE> 5 6.488929e-02
<MEAN> 39
 -1.376374e+01 -3.360352e+00 -9.273030e+00 -7.679598e+00 -7.321188e+00 -4.244332e+00 1.813524e-01 -1.744967e+00 -5.568727e+00 -1.725879e-01 -2.548346e+00 -2.659620e+00 1.655352e-02 -1.641426e+00 -1.452302e+00 -4.159951e-01 -1.268052e-01 2.281698e-01 4.623984e-01 2.583372e-01 1.470071e+00 2.246933e+00 7.656931e-01 7.717628e-01 9.257138e-01 -9.251424e-03 5.756189e-01 -1.544507e-01 5.232556e-01 3.004894e-01 3.438673e-01 -3.213045e-02 -5.336190e-01 -2.612717e-01 1.794427e-01 -5.284091e-02 9.048545e-02 2.966766e-02 4.998983e-02
<VARIANCE> 39
 1.156927e+01 1.540601e+01 1.429144e+01 1.864610e+01 2.777998e+01 2.961992e+01 3.244263e+01 4.911411e+01 4.094083e+01 3.324383e+01 3.943972e+01 3.844015e+01 1.853998e-02 2.240172e+00 2.461410e+00 2.817920e+00 3.046706e+00 3.980790e+00 3.131685e+00 3.752047e+00 4.256075e+00 3.888958e+00 3.182585e+00 3.354818e+00 2.829274e+00 6.189799e-03 3.917334e-01 4.587999e-01 5.105659e-01 5.730315e-01 7.325182e-01 8.345109e-01 8.557976e-01 1.008931e+00 1.000916e+00 7.723295e-01 8.593254e-01 8.407515e-01 5.065608e-04
<GCONST> 1.041617e+02
<MIXTURE> 6 5.461431e-02
<MEAN> 39
 -1.094416e+01 5.907595e+00 8.698024e-01 2.845835e+00 3.603033e-01 -5.912916e-01 -5.109856e+00 -7.194725e+00 -8.998873e+00 -6.506203e+00 -4.968818e+00 -3.551299e+00 3.435765e-02 -4.455077e+00 -1.473848e-01 2.375577e-01 1.119047e+00 1.047861e+00 1.023839e+00 2.015587e+00 1.665762e+00 1.241611e+00 3.717925e-01 -2.102771e-01 5.139176e-01 -1.422132e-01 1.911429e-01 -1.862676e+00 -7.991678e-01 -1.292862e+00 -9.527528e-01 -5.729527e-01 -3.802778e-01 7.459412e-01 9.783192e-01 9.190611e-01 6.897004e-01 2.440469e-01 4.893479e-02
<VARIANCE> 39
 5.403449e+00 2.577038e+00 4.166985e+00 6.902054e+00 8.809212e+00 8.648612e+00 1.076395e+01 1.092577e+01 1.132270e+01 1.117045e+01 1.329888e+01 1.089547e+01 1.049267e-02 1.037609e+00 2.197000e+00 1.930881e+00 3.201668e+00 2.021537e+00 2.857286e+00 2.730840e+00 2.270147e+00 3.801887e+00 2.838052e+00 2.803695e+00 2.113163e+00 2.521137e-03 2.340828e-01 3.059212e-01 4.460889e-01 5.367088e-01 4.036076e-01 5.199181e-01 5.121359e-01 6.009331e-01 5.424290e-01 4.923773e-01 4.916446e-01 3.937486e-01 4.858645e-04
<GCONST> 7.903028e+01
<MIXTURE> 7 7.132982e-02
<MEAN> 39
 -1.542177e+01 2.395872e+00 -9.906141e-01 1.976458e+00 -5.456226e-02 -2.579935e-01 -3.252503e+00 -3.822651e+00 -4.876499e+00 -3.933458e+00 -4.047947e+00 -3.222310e+00 -7.302732e-02 -4.219248e+00 -8.963258e-01 -1.894931e-01 9.299799e-01 9.120563e-01 1.173058e+00 1.829195e+00 1.569572e+00 1.462695e+00 1.042098e+00 5.291045e-01 6.518898e-01 -1.329508e-01 9.414470e-01 -1.370333e+00 -6.616056e-01 -1.380233e+00 -9.274957e-01 -6.877772e-01 -5.724763e-01 2.628269e-01 3.735773e-01 5.032303e-01 4.730599e-01 2.889087e-01 7.098058e-02
<VARIANCE> 39
 3.025378e+00 3.457180e+00 3.994163e+00 4.879398e+00 6.677821e+00 7.963129e+00 1.017256e+01 1.070015e+01 8.043572e+00 8.545851e+00 9.077951e+00 9.282995e+00 6.528674e-03 9.298710e-01 1.762434e+00 2.383706e+00 3.283752e+00 2.069226e+00 2.957758e+00 2.593705e+00 1.962707e+00 2.495429e+00 2.054675e+00 2.288527e+00 1.787406e+00 2.958756e-03 2.279805e-01 3.353445e-01 6.166626e-01 6.971732e-01 4.289012e-01 6.065981e-01 5.721430e-01 5.094335e-01 5.183325e-01 4.605521e-01 4.681889e-01 3.596927e-01 4.950248e-04
<GCONST> 7.568260e+01
<MIXTURE> 8 4.413071e-02
<MEAN> 39
 -7.904936e+00 3.236157e+00 -2.098313e+00 -7.056576e-01 -3.090845e+00 -6.681067e+00 -1.047706e+01 -1.203076e+01 -1.098017e+01 -5.375969e+00 -6.975733e+00 -6.827336e+00 1.887635e-01 -2.690251e+00 1.041000e+00 7.422511e-02 1.357112e+00 1.382895e+00 2.052753e+00 1.423002e+00 7.215587e-01 5.143895e-01 -3.706669e-01 7.336240e-01 4.301031e-01 -1.204961e-01 -4.396265e-01 -1.326194e+00 -4.472041e-01 -9.572104e-01 -4.816199e-01 7.549477e-02 6.790424e-01 1.254326e+00 1.019376e+00 6.896734e-01 4.053772e-01 6.069474e-01 2.214936e-02
<VARIANCE> 39
 1.168809e+01 1.061391e+01 1.523257e+01 2.143642e+01 2.411678e+01 2.344752e+01 2.467823e+01 2.116828e+01 2.768522e+01 2.732545e+01 2.707696e+01 2.600604e+01 1.820284e-02 2.133150e+00 4.966564e+00 3.792821e+00 6.598910e+00 3.768156e+00 4.661947e+00 4.432470e+00 7.880860e+00 6.144445e+00 5.276363e+00 3.964745e+00 4.051055e+00 4.870830e-03 4.658236e-01 4.494244e-01 6.388813e-01 7.685710e-01 6.581884e-01 6.368347e-01 6.718058e-01 7.218104e-01 7.635905e-01 7.041246e-01 6.133137e-01 6.372015e-01 5.652175e-04
<GCONST> 1.040859e+02
<MIXTURE> 9 8.206235e-02
<MEAN> 39
 -1.744500e+01 -4.952134e-01 -3.912760e+00 -8.712393e-01 -1.972575e+00 -6.617381e-01 -1.961903e+00 -1.152180e+00 -1.419091e+00 -3.090087e-01 -1.151941e+00 -1.156695e+00 -1.331456e-01 -3.833880e+00 -2.821685e-01 4.348051e-01 1.387765e+00 1.051199e+00 1.100915e+00 1.244563e+00 1.136980e+00 1.015871e+00 4.889007e-01 3.209256e-01 7.295193e-01 -1.305718e-01 1.257289e+00 -1.087999e+00 -4.797302e-01 -1.181063e+00 -6.241362e-01 -4.981618e-01 -4.988852e-01 1.379878e-02 -6.187549e-02 3.523805e-02 4.092239e-02 -9.250183e-02 7.805680e-02
<VARIANCE> 39
 2.693803e+00 2.853993e+00 3.662497e+00 5.108528e+00 7.221257e+00 7.914248e+00 9.371200e+00 1.129548e+01 9.958922e+00 9.346766e+00 9.005092e+00 8.409992e+00 1.209747e-03 1.507948e+00 1.751282e+00 2.831458e+00 2.877249e+00 2.233671e+00 3.338292e+00 2.927937e+00 2.894473e+00 2.725906e+00 2.595942e+00 2.570183e+00 2.016056e+00 3.202227e-03 2.096140e-01 4.009423e-01 6.374057e-01 5.883182e-01 4.853065e-01 7.069783e-01 6.170642e-01 6.072685e-01 6.191368e-01 4.676467e-01 4.500917e-01 3.592476e-01 5.110358e-04
<GCONST> 7.642078e+01
<MIXTURE> 10 1.246264e-01
<MEAN> 39
 -1.901568e+01 -2.043074e+00 -4.585173e+00 -9.306813e-01 -1.206220e+00 4.549767e-01 -8.637289e-01 4.806041e-01 2.118383e-01 1.158194e+00 5.074185e-01 4.938855e-01 -1.252860e-01 9.730467e-02 -6.005617e-02 -8.659193e-01 8.758264e-01 -1.804746e-02 3.748648e-01 2.185017e-01 -1.828637e-01 -1.414436e-01 2.267624e-01 1.285932e-01 -1.640128e-01 -7.390497e-02 -2.799123e-02 -2.640768e-01 -4.023382e-02 -7.059945e-01 -1.684378e-01 -4.297468e-01 -2.119226e-01 -3.809303e-02 -1.321876e-01 -1.850206e-01 -1.600852e-01 -1.511911e-01 6.136197e-02
<VARIANCE> 39
 1.643573e+00 3.582733e+00 4.255054e+00 5.539063e+00 6.612818e+00 7.733440e+00 7.707631e+00 8.278447e+00 8.303830e+00 8.872169e+00 7.950810e+00 8.131947e+00 2.058318e-03 1.276200e+00 1.692249e+00 1.785640e+00 1.935463e+00 1.897845e+00 1.986098e+00 2.128067e+00 1.871243e+00 1.863138e+00 1.472106e+00 1.475789e+00 1.328197e+00 4.729880e-03 4.075221e-01 2.382731e-01 2.767219e-01 3.524021e-01 3.149488e-01 3.419093e-01 3.269957e-01 3.407227e-01 3.331959e-01 3.079365e-01 2.763624e-01 2.739173e-01 7.262068e-04
<GCONST> 6.686200e+01
<MIXTURE> 11 6.134841e-02
<MEAN> 39
 -1.149204e+01 -1.070734e+00 -8.789261e+00 -7.259546e+00 -6.246983e+00 -3.335758e+00 -3.628805e+00 -3.656327e+00 -4.338922e+00 -1.012420e+00 -1.576723e+00 -1.505923e+00 -3.866754e-02 -4.790693e-01 -2.351974e-01 -3.879374e-01 -2.347234e-01 1.687841e-01 5.118027e-01 6.544930e-01 4.183244e-01 1.703175e-01 1.496862e-01 1.972269e-01 8.561768e-02 -1.837598e-02 -5.512351e-01 -3.090993e-01 6.575435e-01 5.433694e-01 3.148494e-01 -1.432297e-02 8.032547e-02 3.610480e-01 2.721736e-01 8.378711e-02 7.942482e-02 2.430747e-02 2.615292e-02
<VARIANCE> 39
 1.432749e+01 1.631139e+01 1.999160e+01 2.303747e+01 2.114811e+01 2.070716e+01 1.941597e+01 2.293570e+01 1.581581e+01 1.280726e+01 1.082769e+01 1.471019e+01 1.192185e-02 3.588795e+00 1.831716e+00 3.040334e+00 4.758611e+00 3.326200e+00 2.788859e+00 2.325483e+00 2.500344e+00 2.316486e+00 2.034095e+00 1.876625e+00 1.655742e+00 3.986398e-03 5.087433e-01 4.761393e-01 7.183208e-01 9.509661e-01 7.875873e-01 7.031119e-01 5.361410e-01 6.191291e-01 6.085424e-01 4.033272e-01 3.388602e-01 4.418977e-01 1.035396e-03
<GCONST> 9.342927e+01
<MIXTURE> 12 4.298017e-02
<MEAN> 39
 -1.072840e+01 4.538639e+00 -1.461125e+00 -5.170107e-01 -3.472075e+00 -5.090217e+00 -8.593949e+00 -8.680740e+00 -8.698373e+00 -6.861901e+00 -7.273052e+00 -6.158568e+00 8.809458e-02 -4.961982e+00 1.026332e+00 1.537541e+00 3.497449e+00 1.451204e+00 2.002668e+00 1.923469e+00 8.343816e-01 6.941139e-01 -1.779547e-01 7.756608e-01 6.148574e-01 -2.051411e-01 6.407826e-02 -1.736265e+00 -9.010103e-01 -1.463377e+00 -2.638963e-01 -1.850398e-01 3.855564e-01 1.129004e+00 8.242893e-01 9.591564e-01 4.649702e-01 6.747987e-01 4.418350e-02
<VARIANCE> 39
 7.289710e+00 5.422550e+00 4.998858e+00 6.203081e+00 7.875350e+00 1.159438e+01 1.475238e+01 1.278725e+01 1.492522e+01 1.511209e+01 1.289966e+01 1.131483e+01 1.362759e-02 8.039008e-01 2.152082e+00 2.800551e+00 3.621138e+00 2.969493e+00 5.149166e+00 3.595910e+00 3.026527e+00 3.116009e+00 3.008071e+00 3.018878e+00 2.161117e+00 1.350660e-03 2.482785e-01 2.919022e-01 3.174125e-01 5.433227e-01 4.279314e-01 6.399355e-01 5.783693e-01 6.670005e-01 4.561937e-01 5.405316e-01 4.467741e-01 3.813201e-01 4.916802e-04
<GCONST> 8.271680e+01
<MIXTURE> 13 4.787673e-02
<MEAN> 39
 -1.187972e+00 -4.289017e-01 -1.101690e+01 -9.418877e+00 -4.455319e+00 -1.343554e+00 -5.574805e+00 -6.090919e+00 -5.724936e+00 -1.599239e+00 6.689213e-01 -5.764812e-01 4.833186e-01 -4.758891e+00 3.041187e+00 3.277261e+00 4.168269e+00 1.268843e+00 7.831067e-01 2.391302e+00 3.043161e-01 -4.555822e-01 -9.395023e-01 -1.077258e+00 -2.001228e-02 -2.246341e-01 -1.116264e+00 -1.039344e+00 1.429128e-01 1.683444e-01 5.568582e-02 -1.695686e-01 -1.643288e-01 7.349133e-01 7.888669e-01 3.460666e-01 -1.309394e-01 -1.375123e-01 -1.444609e-02
<VARIANCE> 39
 7.352221e+00 9.616592e+00 1.400708e+01 2.207709e+01 1.659920e+01 1.721962e+01 3.239343e+01 2.127884e+01 2.268635e+01 1.930749e+01 2.289976e+01 1.471963e+01 1.531756e-02 1.519706e+00 2.449540e+00 3.428544e+00 5.550362e+00 4.906577e+00 5.211680e+00 8.155609e+00 5.712962e+00 4.645800e+00 4.624259e+00 4.299231e+00 3.832721e+00 1.435766e-03 1.848495e-01 2.441851e-01 2.644253e-01 3.778053e-01 3.965534e-01 4.357336e-01 5.025854e-01 5.682837e-01 4.328802e-01 4.334263e-01 5.422668e-01 3.537235e-01 2.971201e-04
<GCONST> 9.239493e+01
<MIXTURE> 14 5.795409e-02
<MEAN> 39
 -1.650295e+01 1.052045e-01 -2.868904e+00 -8.512073e-01 -5.203044e-01 -6.761529e-01 -7.849836e-01 -2.383122e+00 -4.672246e+00 -1.743122e+00 -2.762452e+00 -1.961458e+00 -2.524778e-02 -2.056083e+00 -2.501712e+00 -1.600382e+00 -1.321304e+00 -6.307470e-01 9.382159e-02 7.796565e-01 2.012218e+00 2.578949e+00 1.300352e+00 7.356714e-01 6.746478e-01 -8.991438e-03 1.216653e+00 -7.192905e-01 -4.005965e-01 -6.646308e-01 -6.503272e-01 -6.017860e-01 -6.309407e-01 -1.936174e-01 5.148744e-02 1.858401e-01 3.003334e-01 -3.464107e-02 6.564675e-02
<VARIANCE> 39
 9.823368e+00 9.510906e+00 9.895778e+00 1.367839e+01 1.233508e+01 1.104776e+01 1.385377e+01 1.750329e+01 2.046483e+01 1.469007e+01 1.312040e+01 1.125527e+01 1.400245e-02 1.535239e+00 1.832635e+00 1.973207e+00 2.564872e+00 2.310912e+00 2.380837e+00 2.935082e+00 3.374110e+00 3.980208e+00 3.107450e+00 2.669602e+00 2.400747e+00 4.545060e-03 4.286857e-01 3.320828e-01 5.349783e-01 6.369750e-01 5.057389e-01 5.115289e-01 6.262060e-01 5.507129e-01 6.438668e-01 4.774431e-01 5.067924e-01 3.679941e-01 5.623943e-04
<GCONST> 8.780853e+01
<MIXTURE> 15 6.663202e-02
<MEAN> 39
 -7.404444e+00 3.115155e+00 -4.644587e+00 -2.991272e+00 -2.335344e+00 -3.933265e-01 -3.321847e+00 -4.986022e+00 -6.067561e+00 -3.098416e+00 -2.122969e+00 -2.339291e+00 1.806415e-01 -4.942060e+00 1.851712e+00 1.918708e+00 3.271421e+00 1.528484e+00 7.829709e-01 2.134686e+00 8.387755e-01 1.614734e-01 -2.562206e-01 -8.617439e-01 2.311766e-01 -2.104487e-01 -2.938115e-01 -1.488063e+00 -4.090413e-01 -7.039577e-01 -4.169234e-01 -2.897964e-01 -5.181888e-01 5.325939e-01 7.360361e-01 4.417800e-01 1.814871e-01 -1.292830e-02 2.766124e-02
<VARIANCE> 39
 1.339276e+01 1.088092e+01 8.828791e+00 1.165304e+01 1.240371e+01 1.177279e+01 1.565245e+01 1.750980e+01 2.671284e+01 2.484857e+01 1.775214e+01 1.413525e+01 1.657222e-02 1.450707e+00 3.188200e+00 3.108422e+00 4.664853e+00 3.829772e+00 4.012083e+00 5.031097e+00 3.938933e+00 4.186600e+00 4.088632e+00 3.796170e+00 2.943310e+00 2.189087e-03 3.646019e-01 3.307140e-01 4.294251e-01 4.897993e-01 5.118579e-01 6.061720e-01 6.660557e-01 6.512200e-01 7.268368e-01 6.737681e-01 6.214797e-01 3.906505e-01 4.419188e-04
<GCONST> 9.333247e+01
<MIXTURE> 16 5.465641e-02
<MEAN> 39
 -1.727455e+01 -6.317098e+00 -9.575813e+00 -1.082099e+00 2.291171e+00 2.395269e+00 -3.436665e+00 -4.633989e+00 -1.889551e+00 4.539001e+00 -3.714167e-01 -3.397876e+00 -1.065561e-01 -7.720494e-01 -5.823991e-01 -3.153841e-01 -1.907297e-01 9.019683e-02 2.550885e-01 1.535638e-01 5.437030e-01 9.687076e-01 5.456064e-01 4.652017e-01 3.954436e-01 -1.471867e-02 5.571268e-01 2.513313e-01 6.784049e-01 -6.187590e-01 -9.547549e-01 -8.637183e-01 -2.691272e-02 4.314643e-01 -1.337390e-01 -6.773767e-01 -3.940551e-02 2.301570e-01 6.025913e-02
<VARIANCE> 39
 4.226295e+00 7.956693e+00 9.220376e+00 1.003123e+01 1.172687e+01 1.347869e+01 1.507371e+01 1.866784e+01 1.750216e+01 2.060499e+01 1.569133e+01 1.457436e+01 4.337939e-03 2.933837e+00 2.531583e+00 3.206059e+00 2.664263e+00 2.599402e+00 3.337895e+00 2.293767e+00 3.228208e+00 3.465845e+00 2.965693e+00 1.889878e+00 2.125049e+00 9.059280e-03 7.239465e-01 4.033904e-01 5.098639e-01 5.658107e-01 5.041600e-01 5.972323e-01 5.952350e-01 5.539314e-01 6.754571e-01 5.040715e-01 5.093523e-01 4.291555e-01 8.411634e-04
<GCONST> 8.916906e+01
<STATE> 3
<NUMMIXES> 16
<MIXTURE> 1 5.485883e-02
<MEAN> 39
 -1.886602e+01 -1.694312e+00 -4.608106e+00 -1.681396e-01 -8.651069e-01 3.765117e-01 -1.510625e+00 -7.140001e-01 -8.065372e-01 3.922379e-01 -5.921446e-01 -6.247488e-01 -1.502038e-01 -2.079982e+00 -1.464892e+00 -1.097861e+00 -3.277547e-01 3.606284e-01 1.159434e+00 1.706389e+00 2.017491e+00 2.047364e+00 1.752205e+00 1.422402e+00 1.228976e+00 -4.764006e-02 1.311977e+00 -3.830776e-01 5.736452e-02 -7.780190e-01 -6.906618e-01 -8.792163e-01 -6.102707e-01 -1.696215e-01 -3.669997e-01 -2.181940e-01 -1.355979e-01 -1.667446e-01 6.977540e-02
<VARIANCE> 39
 1.086919e+00 2.346535e+00 3.144776e+00 4.427462e+00 6.073141e+00 7.542287e+00 8.259629e+00 9.919800e+00 9.139459e+00 9.399797e+00 9.251310e+00 8.456177e+00 1.097022e-04 7.026104e-01 6.839358e-01 7.005102e-01 8.874487e-01 8.934882e-01 1.326227e+00 1.331819e+00 1.493586e+00 1.582367e+00 1.496541e+00 1.413313e+00 1.233728e+00 1.598428e-03 1.304092e-01 3.018094e-01 4.384117e-01 3.343093e-01 3.743802e-01 5.019032e-01 3.328695e-01 4.555840e-01 4.121532e-01 4.402868e-01 4.422503e-01 3.254506e-01 4.441088e-04
<GCONST> 5.772325e+01
<MIXTURE> 2 3.278318e-02
<MEAN> 39
 -1.473101e+01 -4.056217e+00 -4.232314e+00 -5.731863e+00 -2.888808e+00 -2.559225e+00 -3.097294e+00 -7.311595e-01 8.060028e-01 1.093270e-02 9.183146e-02 1.967893e-01 2.971134e-01 6.700205e-01 -1.360533e+00 5.175093e-01 -9.649729e-01 2.177631e-01 -1.828500e-01 1.969501e-01 9.253320e-01 1.237753e+00 1.967850e-01 5.981210e-01 6.868296e-01 1.222198e-01 3.989848e-01 -1.358071e-01 -2.171775e-01 -2.234625e-01 -2.216250e-01 -1.490253e-01 9.597369e-02 -3.411484e-01 -8.079192e-01 -2.210738e-01 -4.274438e-01 -4.533962e-01 1.929736e-03
<VARIANCE> 39
 8.547468e+00 1.331434e+01 1.568531e+01 3.249986e+01 3.429763e+01 3.342915e+01 2.676591e+01 3.050146e+01 3.390355e+01 2.108037e+01 2.415826e+01 1.721017e+01 2.104082e-02 2.739877e+00 2.307050e+00 3.474409e+00 4.163816e+00 5.396315e+00 3.872767e+00 4.505221e+00 4.788128e+00 4.336025e+00 2.651379e+00 3.431345e+00 2.941844e+00 2.749299e-03 4.850600e-01 4.210186e-01 7.204466e-01 8.510141e-01 1.317076e+00 8.678152e-01 7.699054e-01 1.146447e+00 1.282945e+00 6.741432e-01 8.794022e-01 6.774716e-01 4.643486e-04
<GCONST> 1.042133e+02
<MIXTURE> 3 6.323225e-02
<MEAN> 39
 -1.927054e+01 -8.249716e-01 -4.568984e+00 -1.477451e-01 -1.191342e+00 1.150519e+00 -1.862455e-01 9.911842e-01 -2.574257e-03 7.693814e-01 2.332980e-02 9.948657e-02 -8.520681e-02 6.765045e-01 -1.438073e+00 -4.857887e-01 -1.140807e+00 -4.338300e-01 -9.326505e-01 -3.657731e-01 1.975054e-02 3.791583e-01 1.477845e-01 1.052693e-02 1.319262e-01 1.009302e-01 8.376709e-01 -5.239804e-01 -9.267045e-02 -5.240907e-01 -2.183677e-01 -5.958545e-01 -5.219613e-01 -2.915632e-01 -1.555117e-01 -1.837980e-01 -1.737493e-01 -1.524261e-01 5.415970e-02
<VARIANCE> 39
 2.452166e+00 2.781303e+00 2.573694e+00 5.599297e+00 4.617230e+00 6.463715e+00 6.476059e+00 7.089901e+00 6.666591e+00 6.868767e+00 7.350582e+00 6.785805e+00 3.597762e-03 8.729891e-01 1.467562e+00 1.229005e+00 1.820174e+00 1.316219e+00 1.577706e+00 1.499729e+00 1.679023e+00 1.644276e+00 1.531580e+00 1.522307e+00 1.187632e+00 3.104268e-03 3.379748e-01 1.950944e-01 2.997317e-01 3.478355e-01 2.647748e-01 3.791507e-01 3.578296e-01 3.265277e-01 3.562222e-01 2.818878e-01 3.018335e-01 2.468637e-01 5.015225e-04
<GCONST> 6.212341e+01
<MIXTURE> 4 7.862993e-02
<MEAN> 39
 -1.528407e+01 -3.924366e+00 -4.010540e+00 -2.569151e+00 -9.615694e-01 -1.397376e+00 -1.381118e+00 -5.248573e-01 -6.531060e-01 1.975131e-02 -1.008610e+00 -4.982922e-01 2.316191e-01 1.466762e+00 -1.705267e+00 -3.272849e-01 -1.076609e+00 -1.473431e-01 -7.923124e-01 7.669087e-02 3.101510e-01 4.306431e-01 -1.458491e-01 -1.976204e-01 -7.802937e-02 1.450599e-01 1.844500e-01 -2.983015e-01 -3.769532e-01 -3.854885e-01 -3.492585e-01 -9.225804e-02 -9.816331e-02 -2.447367e-02 -1.359189e-01 -1.010973e-01 -8.340639e-02 -9.379084e-02 -1.415087e-03
<VARIANCE> 39
 8.258322e+00 9.887936e+00 7.998713e+00 1.209808e+01 1.273976e+01 1.524789e+01 1.510895e+01 1.514901e+01 1.445619e+01 1.363201e+01 1.196487e+01 1.069499e+01 1.632627e-02 1.084843e+00 1.298584e+00 1.706169e+00 2.472484e+00 2.029070e+00 2.475489e+00 2.240911e+00 2.201850e+00 2.118084e+00 2.390981e+00 1.511086e+00 1.447056e+00 1.419633e-03 3.031707e-01 2.312895e-01 3.189404e-01 3.176366e-01 3.870879e-01 4.807236e-01 5.057721e-01 4.744514e-01 4.060887e-01 3.866678e-01 3.327664e-01 2.936020e-01 3.902038e-04
<GCONST> 7.813232e+01
<MIXTURE> 5 1.058704e-01
<MEAN> 39
 -1.938301e+01 -2.219085e+00 -5.173574e+00 -1.150305e+00 -1.745971e+00 5.027591e-02 -1.274825e+00 5.821554e-01 3.857228e-01 1.233810e+00 3.778923e-01 2.812986e-01 -1.504814e-01 1.072521e+00 -1.291296e+00 -2.064939e-01 -1.205629e+00 -3.673897e-01 -8.103864e-01 -1.320466e-01 1.647111e-01 3.764780e-01 6.310482e-02 -3.436091e-02 1.000537e-02 1.278848e-01 8.003507e-01 -2.646761e-01 -2.816530e-02 -3.927546e-01 -7.337561e-02 -2.636714e-01 -1.130783e-01 -2.146253e-01 -2.881479e-01 -2.165676e-01 -2.313992e-01 -1.930780e-01 4.822673e-02
<VARIANCE> 39
 6.067629e-01 1.951554e+00 2.422528e+00 3.870373e+00 4.956886e+00 5.255946e+00 7.191690e+00 6.786780e+00 6.799662e+00 6.800072e+00 6.558702e+00 6.369573e+00 1.097022e-04 8.903822e-01 1.449565e+00 1.301486e+00 1.825791e+00 1.920462e+00 2.249951e+00 2.427235e+00 2.415743e+00 2.218127e+00 2.028468e+00 1.647957e+00 1.533920e+00 1.980641e-03 2.169572e-01 1.561189e-01 2.318514e-01 3.161064e-01 2.591002e-01 2.846948e-01 3.398491e-01 3.107190e-01 3.155869e-01 2.624790e-01 2.535582e-01 2.143631e-01 2.531959e-04
<GCONST> 5.570263e+01
<MIXTURE> 6 4.610482e-02
<MEAN> 39
 -1.940387e+01 -1.423510e+00 -4.161338e+00 2.661621e-01 -1.241536e+00 3.700292e-01 -7.702807e-01 8.560030e-01 3.806490e-01 8.444992e-01 -4.127882e-02 1.397503e-01 -1.496589e-01 -4.703265e-01 -2.315640e-01 -8.800918e-02 2.337306e-01 2.363389e-01 3.273405e-01 3.190861e-01 5.108027e-01 5.169694e-01 4.064583e-01 3.389200e-01 2.615060e-01 -3.464458e-03 7.491810e-01 -1.851868e-01 -1.830016e-01 -6.044492e-01 -2.308791e-01 -3.578233e-01 -2.995785e-01 -3.567570e-01 -3.016349e-01 -1.802448e-01 -1.144716e-01 -1.481933e-01 4.217813e-02
<VARIANCE> 39
 5.658771e-01 1.934027e+00 1.933414e+00 3.926967e+00 4.984313e+00 5.755259e+00 7.399650e+00 8.268413e+00 7.109805e+00 6.179276e+00 7.476165e+00 8.102255e+00 1.097022e-04 4.133778e-01 4.919362e-01 4.812901e-01 6.842301e-01 7.271448e-01 8.091368e-01 1.028668e+00 1.194043e+00 1.278813e+00 1.210696e+00 1.078437e+00 1.190180e+00 1.675686e-04 2.912591e-01 1.784386e-01 1.598617e-01 2.099101e-01 2.102044e-01 3.166749e-01 3.499467e-01 3.254569e-01 3.241480e-01 2.183460e-01 2.531119e-01 2.897843e-01 5.969159e-04
<GCONST> 4.507982e+01
<MIXTURE> 7 5.663158e-02
<MEAN> 39
 -1.353354e+01 -5.439331e+00 -6.061416e+00 -6.004145e+00 -3.563696e+00 -3.964459e+00 -1.124672e+00 2.339841e+00 3.767682e+00 2.652879e+00 5.750286e-01 3.693878e-01 3.709573e-01 1.784577e+00 -1.842147e+00 -7.248790e-01 -1.678288e+00 6.399740e-02 -3.302529e-01 5.324661e-01 6.178650e-01 4.609147e-01 1.751457e-01 -2.960083e-01 -1.523830e-01 1.408348e-01 -9.730920e-02 -1.943175e-01 -1.799584e-01 2.909354e-02 1.889485e-01 3.717387e-01 -2.017836e-02 -4.763624e-01 -8.882077e-01 -5.076067e-01 -4.376365e-01 -3.274118e-01 -2.487628e-02
<VARIANCE> 39
 6.392142e+00 8.600806e+00 1.359897e+01 1.509236e+01 1.478374e+01 2.328010e+01 2.890848e+01 1.689377e+01 1.713373e+01 1.950709e+01 1.650682e+01 1.214031e+01 1.133767e-02 8.509142e-01 1.215179e+00 1.535863e+00 2.180220e+00 2.087380e+00 2.726367e+00 2.557700e+00 2.161466e+00 2.340774e+00 1.896167e+00 1.800218e+00 1.649836e+00 1.613667e-03 2.881633e-01 2.573036e-01 3.367863e-01 5.029508e-01 4.846062e-01 6.676530e-01 7.134972e-01 6.247396e-01 5.616194e-01 5.773295e-01 4.949173e-01 4.255977e-01 3.542102e-04
<GCONST> 8.357021e+01
<MIXTURE> 8 7.118861e-02
<MEAN> 39
 -1.643915e+01 -5.875398e+00 -5.337521e+00 -4.036084e+00 -2.247147e+00 -2.682802e+00 -1.554664e+00 -3.070479e-01 5.310234e-02 3.084846e-01 -1.033499e+00 -5.900057e-01 1.830553e-01 3.249761e+00 -1.227951e+00 -5.052136e-01 -1.744006e+00 -1.160866e+00 -1.872999e+00 -1.575630e+00 -3.565120e-01 -2.919272e-01 -3.486071e-01 -3.758028e-01 -3.317170e-01 1.782643e-01 1.288985e+00 -1.353382e-01 -1.977379e-01 -6.206427e-01 -5.756363e-01 -3.570420e-01 -9.070085e-01 -1.468769e-01 -4.880970e-01 -1.928106e-01 -9.981316e-02 -1.952274e-01 3.062318e-02
<VARIANCE> 39
 7.935753e+00 1.259661e+01 9.229117e+00 1.289350e+01 1.444240e+01 1.635143e+01 1.955335e+01 1.770132e+01 1.769149e+01 1.567381e+01 1.514228e+01 1.204013e+01 2.239526e-02 1.765756e+00 1.620270e+00 2.679935e+00 2.836878e+00 2.275545e+00 3.736406e+00 2.911397e+00 2.704670e+00 2.414691e+00 2.421291e+00 1.946108e+00 1.539261e+00 2.291592e-03 3.560240e-01 5.789804e-01 7.866620e-01 7.641788e-01 7.112015e-01 9.043363e-01 8.556938e-01 8.782526e-01 8.932718e-01 6.245392e-01 7.362110e-01 4.576769e-01 7.572567e-04
<GCONST> 9.179999e+01
<MIXTURE> 9 6.899650e-02
<MEAN> 39
 -1.928327e+01 -2.417166e+00 -5.295611e+00 -1.732084e+00 -2.381457e+00 -3.443628e-01 -1.122829e+00 1.207570e-01 -4.504288e-01 4.506034e-01 -3.370902e-01 -3.271389e-01 -1.505783e-01 -5.597356e-01 -1.828880e+00 -1.024228e+00 -1.198101e+00 -4.306717e-01 -3.739956e-01 2.990789e-01 9.543013e-01 1.407493e+00 1.120675e+00 8.576392e-01 6.903142e-01 5.128821e-02 1.445498e+00 -6.707482e-02 1.461078e-02 -4.216361e-01 -1.540958e-01 -4.928070e-01 -5.677354e-01 -4.967337e-01 -3.804986e-01 -2.493169e-01 -1.392125e-01 -2.024241e-01 7.200775e-02
<VARIANCE> 39
 9.649240e-01 1.719848e+00 2.314723e+00 3.526598e+00 4.294910e+00 5.675598e+00 6.653001e+00 7.605058e+00 8.444344e+00 8.738564e+00 7.048098e+00 8.249993e+00 1.097022e-04 1.084380e+00 1.245284e+00 7.913384e-01 1.093912e+00 1.209491e+00 1.113604e+00 1.369080e+00 1.488473e+00 1.451221e+00 1.246720e+00 1.209540e+00 1.170677e+00 4.237751e-03 2.043198e-01 2.207990e-01 2.821495e-01 3.792734e-01 2.619694e-01 3.301457e-01 3.650438e-01 3.631007e-01 3.923294e-01 3.981294e-01 3.241883e-01 2.777376e-01 4.408948e-04
<GCONST> 5.549734e+01
<MIXTURE> 10 7.112655e-02
<MEAN> 39
 -1.900079e+01 -2.223769e+00 -5.136745e+00 -1.572892e+00 -2.695725e+00 -1.047011e+00 -2.246826e+00 -1.323655e+00 -2.372746e+00 -1.215777e+00 -1.183988e+00 -3.623940e-01 -1.499559e-01 3.727887e-01 -4.002165e-01 -4.438557e-02 -3.769599e-01 -2.459872e-01 -3.748983e-01 -1.154360e-01 -8.700232e-02 1.241302e-01 -4.969427e-02 -2.488396e-02 -7.111469e-02 4.821901e-02 4.120235e-01 -3.354825e-01 -1.571637e-03 -4.175769e-01 6.647444e-02 -6.783456e-02 7.307599e-03 1.637026e-01 3.830714e-01 2.848081e-01 1.001720e-01 -1.220651e-03 4.924737e-02
<VARIANCE> 39
 1.181577e+00 2.736761e+00 2.638168e+00 4.338529e+00 4.424687e+00 6.334319e+00 6.905075e+00 7.350667e+00 6.532930e+00 5.841724e+00 6.668913e+00 6.005387e+00 1.097022e-04 7.512407e-01 9.369038e-01 7.525952e-01 1.367187e+00 1.090557e+00 1.269987e+00 1.219492e+00 1.306578e+00 1.278412e+00 1.182163e+00 9.954491e-01 8.939539e-01 4.130500e-03 2.302590e-01 1.836450e-01 1.846537e-01 3.108821e-01 2.126143e-01 2.817964e-01 2.624238e-01 2.309484e-01 2.186606e-01 2.161904e-01 2.262504e-01 2.065607e-01 6.021663e-04
<GCONST> 5.086953e+01
<MIXTURE> 11 5.759260e-02
<MEAN> 39
 -1.912223e+01 -3.433452e+00 -6.526529e+00 -7.548762e-01 3.328882e-02 1.806962e+00 -1.095115e+00 -5.260484e-01 3.794354e-01 3.028405e+00 9.732394e-01 -4.927096e-01 -1.503942e-01 6.752710e-01 -8.420042e-01 1.714432e-02 -1.118402e+00 -8.665004e-01 -1.238230e+00 -5.442721e-02 1.863620e-01 -4.234036e-02 -5.685854e-01 -2.678009e-01 8.021075e-02 9.709335e-02 9.185163e-01 -1.323421e-01 3.805159e-01 -7.294741e-01 -6.285086e-01 -9.297142e-01 -3.871042e-01 -1.430526e-01 -4.369463e-01 -5.847085e-01 -3.898650e-01 -1.292085e-01 6.911306e-02
<VARIANCE> 39
 2.236665e+00 5.665864e+00 6.294185e+00 7.816401e+00 8.513664e+00 8.863130e+00 1.122654e+01 1.491139e+01 1.106902e+01 1.325731e+01 1.028625e+01 1.047771e+01 1.097022e-04 1.115447e+00 1.392212e+00 1.429908e+00 1.767480e+00 1.497305e+00 2.071477e+00 2.009851e+00 1.915941e+00 1.748191e+00 1.491637e+00 1.498190e+00 1.361826e+00 3.493544e-03 3.953926e-01 2.766100e-01 3.706737e-01 4.691866e-01 4.079027e-01 5.127654e-01 5.011019e-01 5.640572e-01 5.693542e-01 4.247267e-01 3.568503e-01 3.533718e-01 5.679204e-04
<GCONST> 7.021551e+01
<MIXTURE> 12 7.746775e-02
<MEAN> 39
 -1.770183e+01 -5.991983e+00 -6.667433e+00 -5.265622e+00 -3.882479e+00 -3.120753e+00 -2.652078e+00 -9.338421e-01 -7.711844e-01 9.362956e-02 -6.277531e-01 -1.417489e-01 1.181838e-01 9.939603e-01 -1.863966e+00 -7.146656e-01 -8.445475e-01 -1.360894e-01 -9.328622e-01 -6.571895e-01 -2.784846e-01 2.371831e-01 1.982619e-01 -4.683171e-02 -2.034345e-01 1.164851e-01 7.981185e-01 1.268742e-01 -3.832136e-02 6.149616e-02 2.145453e-01 6.563485e-02 -2.276769e-01 -1.655336e-01 -1.534823e-01 -1.154421e-01 -1.420110e-01 -1.673883e-01 2.088274e-02
<VARIANCE> 39
 9.063570e+00 1.105357e+01 6.243719e+00 8.106536e+00 6.854044e+00 7.325107e+00 7.598799e+00 8.238646e+00 8.021600e+00 6.719933e+00 6.612147e+00 6.496153e+00 2.252977e-02 1.063697e+00 1.391288e+00 1.088089e+00 1.816194e+00 1.508643e+00 1.374777e+00 1.584188e+00 1.664907e+00 1.542429e+00 1.430674e+00 1.190946e+00 1.185562e+00 1.909298e-03 4.559816e-01 2.941694e-01 3.096448e-01 3.365825e-01 2.627777e-01 3.568977e-01 4.047889e-01 3.729700e-01 3.092945e-01 2.606336e-01 2.592599e-01 2.264682e-01 7.237180e-04
<GCONST> 6.875197e+01
<MIXTURE> 13 5.398282e-02
<MEAN> 39
 -1.888071e+01 -1.161959e+00 -4.077825e+00 -2.149004e-01 -1.155398e+00 4.609556e-01 -6.110959e-01 1.434679e-01 -5.373172e-01 2.055762e-01 -2.295911e-01 -8.416187e-02 -1.495221e-01 -1.602500e+00 -2.154025e+00 -8.408803e-01 -8.709990e-01 -1.984155e-01 -2.409363e-01 6.032885e-01 1.237850e+00 1.484318e+00 1.087780e+00 8.199779e-01 7.689756e-01 1.647935e-02 1.720710e+00 -7.824331e-01 -5.477973e-01 -1.234034e+00 -6.436502e-01 -7.429549e-01 -6.881013e-01 -3.588452e-01 -1.589436e-01 -5.051414e-02 -5.588020e-02 -1.780965e-01 9.436613e-02
<VARIANCE> 39
 1.288222e+00 2.461783e+00 2.777431e+00 4.823534e+00 5.147610e+00 6.406887e+00 8.464346e+00 8.364839e+00 7.922394e+00 8.989764e+00 8.716716e+00 7.193292e+00 1.097022e-04 1.819410e+00 1.744661e+00 1.487818e+00 1.950242e+00 1.370083e+00 1.701227e+00 1.965211e+00 2.095924e+00 2.010527e+00 2.208023e+00 1.940113e+00 1.454268e+00 5.102952e-03 2.186878e-01 3.335438e-01 4.682505e-01 5.858674e-01 3.889875e-01 7.229116e-01 6.273153e-01 4.485584e-01 5.545724e-01 4.331084e-01 4.607925e-01 3.480667e-01 4.211084e-04
<GCONST> 6.672327e+01
<MIXTURE> 14 4.666360e-02
<MEAN> 39
 -1.659247e+01 -8.770703e+00 -5.498926e+00 -4.860760e+00 -2.741393e+00 -3.486766e+00 -5.011151e-01 3.777673e+00 3.338714e+00 2.055700e+00 6.468368e-01 1.026062e+00 3.691172e-01 1.313514e+00 -1.884270e+00 5.846932e-02 -5.734448e-01 -6.793970e-01 -1.285709e+00 1.453614e-01 9.038714e-01 2.215034e-01 -3.812325e-01 -3.897012e-01 -1.427512e-02 1.251515e-01 7.856224e-01 5.948205e-01 1.251627e-01 -4.134666e-02 -4.382454e-01 -2.967648e-01 -5.282282e-01 -9.521937e-01 -1.245490e+00 -6.554176e-01 -5.841826e-01 -4.814981e-01 -1.048926e-02
<VARIANCE> 39
 7.225435e+00 6.934311e+00 9.277289e+00 1.523357e+01 1.198965e+01 1.295301e+01 1.579877e+01 1.281497e+01 1.241351e+01 1.617529e+01 1.283883e+01 1.488512e+01 1.190591e-02 1.616790e+00 1.278078e+00 2.230670e+00 2.168981e+00 2.839987e+00 2.581499e+00 2.970404e+00 2.825432e+00 2.972196e+00 2.047414e+00 1.705341e+00 1.725600e+00 3.124804e-03 3.597439e-01 2.588850e-01 4.875618e-01 3.966904e-01 4.367131e-01 5.559847e-01 6.207446e-01 6.501648e-01 4.968594e-01 5.425168e-01 4.706665e-01 5.602239e-01 3.948431e-04
<GCONST> 8.374084e+01
<MIXTURE> 15 6.314396e-02
<MEAN> 39
 -1.944326e+01 -2.820475e+00 -5.909366e+00 -1.581762e+00 -1.449021e+00 6.519637e-01 -5.143628e-01 6.474800e-01 2.153736e-01 1.343469e+00 2.554275e-01 -1.142254e-01 -1.499781e-01 -7.781675e-02 -1.477039e-01 -2.552930e-01 -1.517869e-01 -1.729818e-01 1.659891e-02 -2.160262e-02 -7.010142e-02 -7.377113e-02 -2.205289e-03 3.541551e-02 8.687226e-02 3.736342e-05 5.275164e-01 6.811163e-02 2.857512e-01 -1.996462e-01 -1.274520e-01 -3.947340e-01 -3.350160e-01 -2.881042e-01 -2.252014e-01 -2.913431e-01 -2.298102e-01 -1.189294e-01 3.706378e-02
<VARIANCE> 39
 1.006596e+00 2.656058e+00 2.810066e+00 4.936954e+00 5.548494e+00 6.847525e+00 7.225610e+00 8.204762e+00 8.164720e+00 8.808161e+00 7.837645e+00 7.905632e+00 1.097022e-04 1.349664e-01 2.578342e-01 3.158661e-01 4.897875e-01 5.702505e-01 8.567166e-01 8.388435e-01 9.490297e-01 9.541854e-01 9.331677e-01 9.681639e-01 9.362278e-01 1.298913e-04 2.000109e-01 1.347726e-01 1.598465e-01 2.399734e-01 2.108564e-01 3.050959e-01 2.931793e-01 2.895120e-01 3.039899e-01 3.009423e-01 2.680365e-01 2.614927e-01 5.594491e-04
<GCONST> 4.234003e+01
<MIXTURE> 16 5.169934e-02
<MEAN> 39
 -1.764603e+01 -6.716407e+00 -6.325809e+00 -5.468678e+00 -2.624399e+00 -2.897009e+00 -1.332119e+00 -3.420698e-02 -2.234572e-01 9.138350e-01 -4.382608e-01 -6.563173e-01 2.120604e-01 -2.558337e-01 -2.530179e+00 -1.148010e+00 -1.316523e+00 -1.103121e-01 1.314288e-01 3.639256e-01 1.678359e+00 2.469071e+00 1.272926e+00 1.059535e+00 8.820480e-01 8.711934e-02 1.433097e+00 3.988418e-01 -5.461722e-02 -2.489107e-01 -1.737968e-01 -2.191873e-01 -5.950658e-01 -7.819620e-01 -9.000512e-01 -4.864834e-01 -3.848615e-01 -2.797349e-01 3.310095e-02
<VARIANCE> 39
 9.903378e+00 1.506567e+01 1.424528e+01 1.362629e+01 1.303398e+01 1.505666e+01 1.626660e+01 1.515683e+01 1.506281e+01 1.621011e+01 1.386790e+01 1.184607e+01 3.097530e-02 2.644547e+00 2.176927e+00 2.518263e+00 3.054149e+00 2.714689e+00 2.821178e+00 3.005920e+00 4.161862e+00 3.598332e+00 3.145164e+00 2.242152e+00 2.119444e+00 2.542747e-03 5.201047e-01 5.399305e-01 5.558839e-01 6.648260e-01 6.180006e-01 7.518229e-01 6.020323e-01 6.862405e-01 6.264266e-01 6.833041e-01 6.189038e-01 4.496699e-01 7.805129e-04
<GCONST> 9.302693e+01
<STATE> 4
<NUMMIXES> 16
<MIXTURE> 1 5.126699e-02
<MEAN> 39
 -1.495005e+01 -8.135545e+00 -1.184963e+01 -1.349753e+01 -3.138729e+00 -1.543721e+00 -1.865574e+00 -2.639613e+00 -2.056153e+00 -6.335708e-01 -1.354295e+00 -1.651376e+00 3.358401e-01 2.785887e+00 1.687658e+00 -1.786131e-01 -8.483891e-01 -5.581108e-01 5.092514e-01 -4.993904e-02 -6.924151e-01 -6.188045e-01 -4.033577e-01 -2.455035e-01 -2.586398e-01 5.590461e-02 1.178312e+00 2.348104e-01 2.073044e-01 -1.975885e-01 -4.830303e-01 1.752302e-01 -3.707664e-01 -1.706153e-02 1.031012e-02 3.082189e-02 1.406730e-01 -2.441398e-02 3.426513e-02
<VARIANCE> 39
 1.286595e+01 1.906625e+01 2.216987e+01 2.618747e+01 2.679780e+01 3.557086e+01 1.985838e+01 2.287198e+01 2.187328e+01 1.903355e+01 1.674174e+01 1.371872e+01 1.219859e-02 1.500652e+00 1.301418e+00 1.511903e+00 2.832129e+00 2.069772e+00 2.001675e+00 2.438280e+00 2.590458e+00 2.292710e+00 1.617978e+00 2.061159e+00 1.712985e+00 1.246951e-03 2.033964e-01 5.247814e-01 4.939849e-01 5.541717e-01 5.984090e-01 9.156740e-01 5.837460e-01 6.781744e-01 6.295058e-01 5.809358e-01 5.365028e-01 3.725931e-01 2.214540e-04
<GCONST> 8.876517e+01
<MIXTURE> 2 6.965156e-02
<MEAN> 39
 -1.088321e+01 -6.130780e+00 -9.693551e+00 -1.147990e+01 -1.879591e+00 1.607786e+00 -7.527809e-01 -1.948835e+00 -9.668082e-01 2.895353e-01 -1.127556e+00 -1.412346e+00 3.655447e-01 3.939469e+00 1.102520e+00 -3.227007e-01 -2.949290e+00 -1.795637e+00 9.207265e-01 -5.482635e-01 -8.588992e-01 -1.380843e+00 -6.736853e-01 -4.540028e-03 -4.999479e-01 1.159416e-01 3.983058e-01 -1.077601e-01 9.180754e-02 -3.868946e-01 -6.323282e-01 -1.022379e-01 -4.885518e-01 -5.261593e-02 -2.275517e-01 -7.285749e-02 1.936864e-01 -3.736410e-02 1.778266e-02
<VARIANCE> 39
 9.033754e+00 1.845545e+01 2.279732e+01 2.969256e+01 2.189485e+01 2.934268e+01 2.301410e+01 2.019834e+01 2.468411e+01 2.223692e+01 1.915218e+01 1.971080e+01 1.645450e-02 1.156650e+00 3.095227e+00 2.826430e+00 4.220868e+00 3.383774e+00 4.105741e+00 3.717606e+00 3.987355e+00 3.365330e+00 3.389519e+00 3.146074e+00 2.728691e+00 1.754612e-03 1.847302e-01 5.241820e-01 4.962395e-01 5.428215e-01 5.448186e-01 7.902318e-01 5.681641e-01 5.980552e-01 6.776084e-01 5.679632e-01 4.951217e-01 4.827037e-01 4.129005e-04
<GCONST> 9.562605e+01
<MIXTURE> 3 8.280017e-02
<MEAN> 39
 -1.575168e+01 -1.099298e+01 -9.505135e+00 -7.653440e+00 -4.478888e+00 -4.370059e+00 -3.128396e+00 -4.850226e-01 9.765652e-01 1.305456e+00 7.549835e-01 7.740006e-01 4.052163e-01 1.475731e+00 -1.530875e+00 -1.062685e+00 -1.330411e+00 -1.442439e-01 -3.496705e-01 -2.893320e-01 1.936398e-02 5.291165e-01 2.683384e-01 5.793504e-02 -6.462516e-02 1.100312e-01 5.066046e-01 9.096932e-01 2.965619e-01 3.190739e-01 2.693783e-01 3.574550e-01 -4.567198e-02 -2.257148e-01 -4.750631e-01 -3.167241e-01 -3.905511e-01 -3.425921e-01 -2.645246e-02
<VARIANCE> 39
 7.403745e+00 6.978221e+00 8.133214e+00 1.111138e+01 8.753435e+00 9.944598e+00 1.029672e+01 8.571453e+00 1.012169e+01 1.083054e+01 8.408073e+00 6.232335e+00 1.220746e-02 1.488041e+00 1.663632e+00 1.403181e+00 2.328285e+00 1.725018e+00 2.204978e+00 1.914455e+00 2.099554e+00 1.756054e+00 1.667090e+00 1.651187e+00 1.254378e+00 4.212427e-03 4.283432e-01 2.734509e-01 3.105383e-01 3.872391e-01 3.658834e-01 4.099594e-01 4.078733e-01 3.472265e-01 4.396747e-01 4.091484e-01 3.370304e-01 2.117258e-01 4.604636e-04
<GCONST> 7.431989e+01
<MIXTURE> 4 4.910839e-02
<MEAN> 39
 -1.296094e+01 -1.280646e+01 -5.774379e+00 -5.515780e+00 -7.893568e+00 -6.881565e+00 1.041315e+00 4.155105e+00 -1.186492e+00 -2.505781e+00 -3.852686e+00 -6.982284e-01 4.340721e-01 2.240366e+00 4.802103e-01 9.300086e-01 2.840748e-01 -1.216835e+00 -4.408531e-01 -5.986246e-01 -3.513757e-02 -1.095615e+00 -7.306107e-01 -2.957311e-01 -4.994587e-01 5.612765e-02 5.926079e-01 4.364848e-01 2.181599e-01 -5.259370e-02 -1.839682e-01 2.597709e-02 -8.573236e-01 -3.091590e-01 -9.785966e-02 3.990523e-02 4.426190e-01 -3.596959e-02 1.554596e-02
<VARIANCE> 39
 1.194104e+01 1.256819e+01 5.126159e+01 2.144705e+01 2.643012e+01 2.504739e+01 3.794118e+01 2.886886e+01 3.149149e+01 2.440203e+01 2.338993e+01 1.631526e+01 1.795789e-02 1.434796e+00 1.739394e+00 3.182997e+00 1.752673e+00 2.354802e+00 2.716847e+00 3.460437e+00 3.404879e+00 3.265839e+00 2.530373e+00 1.968310e+00 1.991520e+00 1.459153e-03 2.194414e-01 3.534597e-01 4.532788e-01 4.742620e-01 4.692141e-01 5.488433e-01 6.459664e-01 4.902650e-01 5.023474e-01 5.884124e-01 4.383138e-01 3.364031e-01 2.622252e-04
<GCONST> 9.167843e+01
<MIXTURE> 5 8.345752e-02
<MEAN> 39
 -1.504076e+01 -8.796132e+00 -2.455798e+00 -6.094532e+00 -6.841543e+00 -4.788705e+00 1.335435e+00 2.288668e+00 -8.544689e-01 -5.424330e-01 -4.297852e-01 6.740548e-01 4.333572e-01 -1.770369e-02 -1.286771e+00 4.925453e-01 -1.754838e+00 -1.271602e+00 -1.517519e-01 7.557505e-01 -1.464574e-01 -6.054967e-01 -3.472592e-01 -4.958820e-01 -1.301679e-01 7.445996e-02 -1.320332e-01 5.554447e-01 -1.886610e-01 8.977166e-03 2.880711e-01 3.412767e-01 -3.899137e-01 -5.328065e-01 -2.680188e-01 -2.328504e-02 -2.367627e-01 -2.578415e-01 -2.827790e-02
<VARIANCE> 39
 1.384323e+01 1.503612e+01 1.704752e+01 2.160235e+01 1.911312e+01 2.461754e+01 2.714850e+01 2.406807e+01 1.902543e+01 1.716819e+01 1.392127e+01 1.322033e+01 1.977061e-02 2.309504e+00 2.541565e+00 2.442261e+00 3.071369e+00 3.153600e+00 3.410185e+00 3.368952e+00 3.416081e+00 3.006663e+00 2.569699e+00 2.078111e+00 1.810388e+00 5.025768e-03 2.980723e-01 3.859614e-01 4.217324e-01 5.197598e-01 4.703783e-01 6.062521e-01 7.181106e-01 6.095909e-01 5.055304e-01 4.714385e-01 4.494240e-01 3.602491e-01 4.440377e-04
<GCONST> 9.258501e+01
<MIXTURE> 6 6.433945e-02
<MEAN> 39
 -8.817610e+00 -6.187623e+00 -6.230032e+00 -5.528014e+00 -4.277191e+00 -6.861950e+00 -6.394001e+00 -1.042954e+00 7.324836e-01 5.910636e-01 -2.374708e+00 -2.477033e+00 5.336185e-01 4.457281e+00 -1.793998e+00 -6.251032e-01 -1.929851e+00 -1.952161e+00 -2.095963e+00 -2.926711e+00 1.209103e-01 -7.294806e-01 -4.806415e-01 -3.177171e-01 -4.642511e-01 1.613001e-01 -2.240386e-01 -1.406174e-01 6.766162e-02 -3.767989e-02 -2.713691e-01 3.022316e-01 2.690982e-02 2.002467e-01 -3.517768e-01 -1.410435e-01 1.461342e-01 9.577172e-02 -2.665970e-02
<VARIANCE> 39
 1.416030e+01 8.976421e+00 1.318116e+01 1.859409e+01 1.623624e+01 2.521014e+01 2.016355e+01 1.894084e+01 1.511879e+01 1.552662e+01 1.427990e+01 9.833238e+00 1.817410e-02 2.051536e+00 2.741264e+00 5.847239e+00 5.575867e+00 4.871018e+00 7.368494e+00 6.147047e+00 5.985363e+00 5.419175e+00 4.391040e+00 3.812076e+00 3.166193e+00 3.633972e-03 2.827547e-01 3.034190e-01 3.885581e-01 3.741394e-01 5.329041e-01 4.899798e-01 5.597667e-01 5.367771e-01 6.067249e-01 4.740876e-01 4.189949e-01 2.975623e-01 3.625785e-04
<GCONST> 9.463912e+01
<MIXTURE> 7 5.638763e-02
<MEAN> 39
 -1.187984e+01 -9.230217e+00 -9.823320e+00 -3.526554e+00 -7.016718e-01 -2.486251e+00 -4.590351e+00 -2.166952e+00 3.705036e-02 2.264009e+00 6.928399e-01 -1.249715e+00 3.550264e-01 4.956954e+00 -1.002056e-01 -2.613964e+00 -8.755774e-01 5.040067e-01 -9.803068e-01 -3.218683e+00 -3.747135e-01 1.909241e-01 -6.019229e-01 -2.819273e-01 -4.435455e-02 1.262071e-01 7.335272e-01 2.310451e-01 -4.408195e-01 -1.806207e-01 -1.410691e-01 -2.742240e-01 -9.270549e-01 2.884124e-01 1.972004e-01 -5.034320e-01 -1.006633e-01 1.953368e-01 3.589232e-03
<VARIANCE> 39
 1.016773e+01 1.061538e+01 1.514345e+01 1.171797e+01 1.353459e+01 1.345039e+01 1.513811e+01 1.622375e+01 1.479210e+01 1.666414e+01 1.275823e+01 1.090786e+01 1.725828e-02 1.694882e+00 2.019856e+00 2.172166e+00 2.692272e+00 1.655356e+00 2.605024e+00 3.964048e+00 3.877302e+00 3.112134e+00 2.205749e+00 1.796035e+00 1.729773e+00 2.976751e-03 2.677094e-01 3.105574e-01 3.456993e-01 4.162289e-01 4.590368e-01 4.954356e-01 6.351755e-01 6.658945e-01 6.039167e-01 6.007527e-01 4.440321e-01 3.343895e-01 5.066640e-04
<GCONST> 8.578630e+01
<MIXTURE> 8 4.585953e-02
<MEAN> 39
 -1.113349e+01 -1.045146e+01 -7.753856e+00 -8.567641e+00 -1.345544e+00 -4.743587e+00 -2.254145e+00 -5.309573e+00 -7.995348e+00 -6.651917e+00 -9.237898e+00 -4.305478e+00 5.065320e-01 2.934018e+00 5.905602e-01 -1.153035e+00 -1.431020e+00 -1.501476e+00 -1.785873e+00 -2.471197e+00 -1.594640e+00 -2.439579e+00 -1.519234e+00 -2.425947e+00 -1.413027e+00 8.266375e-02 3.075613e-01 -1.014738e-01 -2.776366e-01 -3.941295e-01 -4.185898e-01 -3.380666e-02 -1.033179e-01 7.435579e-01 5.042421e-01 7.669241e-01 5.377059e-01 3.218827e-01 1.499087e-02
<VARIANCE> 39
 1.322048e+01 2.331078e+01 4.829918e+01 3.365757e+01 4.991137e+01 4.411853e+01 4.802553e+01 3.987955e+01 3.761380e+01 3.303883e+01 2.936288e+01 2.039373e+01 1.427330e-02 1.496216e+00 1.829334e+00 2.936803e+00 3.380958e+00 3.471763e+00 3.386176e+00 3.060631e+00 3.721810e+00 3.337573e+00 3.067289e+00 3.541527e+00 1.910991e+00 8.748064e-04 1.949925e-01 3.274615e-01 3.349681e-01 3.225603e-01 6.784069e-01 4.772620e-01 5.897595e-01 6.630054e-01 6.767448e-01 5.213422e-01 5.485852e-01 4.045010e-01 1.902814e-04
<GCONST> 9.656578e+01
<MIXTURE> 9 6.603156e-02
<MEAN> 39
 -1.520629e+01 -1.040758e+01 -9.439571e+00 -4.129954e+00 -9.586928e-01 -3.060689e+00 -5.101387e+00 -4.002658e+00 -9.150071e-01 1.067057e+00 -1.319826e-01 -2.132077e+00 3.974143e-01 1.175263e+00 -1.150186e+00 -1.388035e+00 -7.015539e-01 4.398280e-01 -9.175351e-02 -6.391957e-01 -6.036472e-01 1.265208e-01 3.059345e-01 1.334731e-01 -2.832467e-01 6.262676e-02 4.038900e-01 6.753886e-01 2.740497e-02 -1.567079e-01 -1.913465e-01 1.131562e-01 1.486607e-01 3.558460e-01 3.321387e-02 -1.946327e-01 -1.264704e-01 1.779535e-01 -2.181440e-02
<VARIANCE> 39
 9.435328e+00 1.074214e+01 1.165494e+01 1.343361e+01 1.045196e+01 1.301621e+01 1.208133e+01 1.342028e+01 1.393821e+01 1.251871e+01 1.240134e+01 9.491482e+00 1.725210e-02 1.182411e+00 1.989257e+00 1.283017e+00 1.790548e+00 1.464860e+00 1.704745e+00 1.772171e+00 1.737453e+00 1.314050e+00 1.484058e+00 1.497509e+00 1.223225e+00 3.822498e-03 3.298456e-01 2.748609e-01 2.803292e-01 3.428991e-01 3.421324e-01 3.972295e-01 3.825251e-01 3.698410e-01 3.385509e-01 4.026647e-01 3.241358e-01 2.760526e-01 4.447750e-04
<GCONST> 7.583557e+01
<MIXTURE> 10 8.718755e-02
<MEAN> 39
 -1.216284e+01 -8.108853e+00 -8.968296e+00 -9.040749e+00 -1.368142e-01 5.237130e-01 7.063224e-01 1.640977e+00 1.663046e+00 1.702086e+00 -6.180027e-01 -1.435441e-01 4.175153e-01 6.747209e-01 -1.223580e+00 -1.299828e+00 -1.760401e+00 5.990316e-01 7.489886e-01 1.204017e-01 -6.811897e-01 -9.578280e-01 -8.915039e-01 -1.130344e+00 -6.537433e-01 3.020286e-02 -5.350205e-02 3.856605e-01 3.689259e-02 1.655731e-01 -3.460880e-01 -2.913253e-01 -4.540928e-01 -6.286790e-01 -6.881634e-01 -4.636715e-01 -3.359965e-01 -2.831134e-01 -2.160574e-02
<VARIANCE> 39
 7.430471e+00 1.067392e+01 1.424951e+01 2.263553e+01 1.777189e+01 2.091952e+01 1.896276e+01 1.829832e+01 1.956588e+01 1.972107e+01 2.070534e+01 1.514087e+01 1.168601e-02 1.889470e+00 2.474757e+00 2.004207e+00 3.692916e+00 3.343590e+00 4.746862e+00 3.326476e+00 3.566774e+00 3.606748e+00 3.134255e+00 2.960847e+00 2.450633e+00 2.476869e-03 2.711176e-01 2.673663e-01 2.693912e-01 5.491685e-01 4.631411e-01 4.251103e-01 4.739853e-01 5.536355e-01 5.280629e-01 4.912671e-01 5.454562e-01 4.162261e-01 5.537736e-04
<GCONST> 9.020783e+01
<MIXTURE> 11 6.032040e-02
<MEAN> 39
 -1.326231e+01 -7.249599e+00 -1.907922e+00 -3.792519e+00 -6.048210e+00 -7.118636e+00 -1.711970e-01 2.535777e+00 -2.088457e+00 -2.690058e+00 -2.121020e+00 9.674941e-01 4.144122e-01 3.101621e+00 -8.416403e-01 1.433617e+00 -2.087968e+00 -3.319588e+00 -2.392091e+00 -1.328578e+00 -7.826145e-01 -2.450379e+00 -9.627149e-01 -9.865749e-01 -6.519913e-01 1.435288e-01 1.844223e-01 5.011668e-02 -9.667334e-03 -6.397580e-01 -4.305929e-01 2.192025e-01 -6.318716e-01 -4.731327e-01 -4.011985e-01 3.014282e-01 -1.371499e-02 -3.243904e-01 -8.897670e-03
<VARIANCE> 39
 8.851151e+00 1.447009e+01 1.637794e+01 1.928936e+01 2.268585e+01 2.224817e+01 2.193404e+01 2.042980e+01 2.622899e+01 1.763088e+01 1.731418e+01 1.428583e+01 2.129438e-02 1.659310e+00 2.479768e+00 4.516478e+00 5.801745e+00 2.732980e+00 4.952367e+00 3.903051e+00 4.817292e+00 4.546272e+00 3.401538e+00 3.876837e+00 2.321345e+00 4.369719e-03 2.429936e-01 3.935325e-01 5.366167e-01 6.402923e-01 7.223495e-01 6.723547e-01 6.412667e-01 6.124351e-01 8.726065e-01 6.366412e-01 7.005788e-01 4.453475e-01 4.572660e-04
<GCONST> 9.761942e+01
<MIXTURE> 12 4.917631e-02
<MEAN> 39
 -4.106702e+00 -6.055549e+00 -1.119077e+01 -8.980349e+00 -2.625513e+00 -2.844083e+00 -1.585228e+00 -1.337894e+00 -2.329062e+00 -1.553613e+00 -2.759560e+00 -3.297868e+00 6.157794e-01 3.566791e+00 1.543434e-01 -1.420047e+00 -1.683756e+00 -1.223599e+00 -9.600222e-01 -1.290359e+00 -6.310826e-01 -5.607083e-01 -5.411566e-01 -6.013723e-02 -7.217070e-01 1.165335e-01 -4.464036e-01 -5.750377e-01 5.481941e-02 -1.913041e-01 -2.844498e-01 -1.204512e-01 -2.579726e-01 9.758289e-02 3.158199e-01 1.405606e-01 2.615327e-01 1.372959e-01 -2.658910e-03
<VARIANCE> 39
 9.061712e+00 1.940135e+01 2.621794e+01 4.790233e+01 2.576544e+01 4.513390e+01 4.319140e+01 4.502099e+01 4.207229e+01 3.100089e+01 2.485639e+01 1.981974e+01 1.307062e-02 1.640998e+00 2.406390e+00 3.761805e+00 3.270879e+00 3.951722e+00 4.524597e+00 4.817428e+00 4.853752e+00 4.642061e+00 3.190206e+00 2.915153e+00 2.960418e+00 9.120774e-04 1.292277e-01 2.360446e-01 2.372023e-01 3.350713e-01 3.214750e-01 3.788860e-01 4.861722e-01 5.666607e-01 4.597827e-01 4.020918e-01 3.459196e-01 3.065643e-01 2.105726e-04
<GCONST> 9.360488e+01
<MIXTURE> 13 6.509731e-02
<MEAN> 39
 -1.360995e+01 -1.337548e+01 -1.131932e+01 -3.944293e+00 -8.618313e-01 -5.155341e+00 -6.474497e+00 -1.240665e+00 2.366483e+00 2.783381e+00 -6.635060e-01 -1.966018e+00 4.192860e-01 3.029271e+00 2.955750e-01 -6.282569e-01 -3.309157e-02 -3.085758e-01 -1.598040e+00 -1.601586e+00 -6.127393e-02 -9.950540e-01 -1.109598e+00 -1.226644e+00 -3.979719e-01 4.662011e-02 8.873960e-01 6.574162e-01 1.961990e-01 -1.993544e-01 -6.338975e-01 -3.768823e-01 -2.687089e-01 2.144858e-01 -7.022136e-01 -6.432198e-01 -2.343106e-01 1.055699e-01 9.244445e-03
<VARIANCE> 39
 1.068040e+01 1.005142e+01 1.358482e+01 1.245814e+01 1.439000e+01 1.769249e+01 1.744752e+01 2.496285e+01 1.796458e+01 1.514966e+01 1.631871e+01 1.301707e+01 1.480661e-02 1.940798e+00 1.799487e+00 2.550096e+00 2.403057e+00 2.728190e+00 3.143418e+00 2.679678e+00 2.929786e+00 3.919852e+00 2.760098e+00 2.066993e+00 1.845012e+00 2.010963e-03 2.726089e-01 3.337030e-01 4.786145e-01 4.795148e-01 5.721851e-01 5.783280e-01 5.515585e-01 7.496105e-01 7.651325e-01 4.754607e-01 4.196688e-01 4.625093e-01 4.830074e-04
<GCONST> 8.849280e+01
<MIXTURE> 14 4.846233e-02
<MEAN> 39
 -1.517909e+01 -1.195660e+01 -9.553034e+00 -4.927039e+00 -2.291065e+00 -4.584180e+00 -3.717224e+00 8.709508e-01 1.788007e+00 -2.112690e-01 -2.929282e+00 -2.369736e+00 4.423572e-01 5.496204e-01 -1.151349e+00 -1.234299e+00 -5.661396e-01 -4.015074e-01 -8.591087e-01 -7.104043e-01 -1.861108e-01 -4.790382e-01 -6.294038e-01 -5.674273e-01 -3.022735e-01 1.236138e-02 3.340655e-01 6.826138e-01 1.821857e-01 8.055938e-02 -1.247555e-01 -1.443644e-02 -5.256178e-02 -1.515364e-01 -4.677331e-01 -1.648012e-01 9.045253e-02 1.184016e-01 -2.076333e-02
<VARIANCE> 39
 1.142637e+01 1.158235e+01 1.594499e+01 1.804625e+01 9.591554e+00 1.667085e+01 1.233181e+01 1.139669e+01 1.525577e+01 1.185576e+01 9.414914e+00 8.007428e+00 1.690398e-02 8.556429e-01 9.499158e-01 1.287319e+00 1.773066e+00 1.169334e+00 1.862620e+00 1.930178e+00 1.616566e+00 2.305121e+00 1.884076e+00 1.440140e+00 1.537711e+00 1.074709e-03 2.652971e-01 1.734073e-01 2.386474e-01 3.103758e-01 2.375050e-01 2.986244e-01 2.916022e-01 3.055240e-01 4.592613e-01 2.877787e-01 2.374197e-01 1.923569e-01 4.346581e-04
<GCONST> 7.205022e+01
<MIXTURE> 15 5.018152e-02
<MEAN> 39
 -1.549156e+01 -1.560450e+01 -8.931087e+00 -1.093670e+01 -1.736941e+00 -5.669065e-01 4.810387e+00 -5.382037e-01 -3.840167e+00 -2.973916e+00 -3.991228e+00 -9.944361e-02 4.634340e-01 5.039855e-01 -8.079517e-01 -4.174674e-01 -7.105387e-01 -1.506782e-01 -2.405572e-01 -7.332157e-01 -1.751377e+00 -1.607356e+00 -1.316145e+00 -1.715658e+00 -9.373665e-01 3.458021e-02 8.149104e-01 1.060747e+00 1.132922e-01 2.065635e-01 -4.771495e-01 -4.694706e-01 -1.010049e+00 -2.583521e-01 -4.737944e-02 7.096829e-02 -8.468144e-02 -3.005904e-01 3.886066e-03
<VARIANCE> 39
 1.195118e+01 1.190771e+01 3.332674e+01 2.165569e+01 4.992145e+01 4.022488e+01 3.681969e+01 3.950268e+01 3.278828e+01 2.905120e+01 2.464316e+01 2.167770e+01 1.248646e-02 1.904102e+00 2.989552e+00 1.865037e+00 2.461956e+00 3.234563e+00 2.521269e+00 4.539364e+00 3.718108e+00 3.641556e+00 2.808841e+00 2.933921e+00 1.967204e+00 9.757666e-04 2.981026e-01 3.249895e-01 4.158372e-01 4.796904e-01 6.665387e-01 6.138662e-01 5.853950e-01 7.670758e-01 5.801587e-01 5.395693e-01 5.096650e-01 4.589293e-01 3.116935e-04
<GCONST> 9.586647e+01
<MIXTURE> 16 7.065216e-02
<MEAN> 39
 -1.673880e+01 -7.933169e+00 -8.111610e+00 -1.469694e+01 -4.283601e+00 -1.612470e+00 -3.282099e+00 -2.458218e+00 -1.343002e+00 -6.977167e-01 -1.458702e+00 -1.212417e+00 4.108805e-01 2.449825e-01 6.687612e-01 -4.189963e-01 -1.248445e+00 -2.207011e-01 -1.970216e-01 -3.050575e-01 -5.603217e-01 -5.385348e-01 -4.598877e-01 -4.411471e-01 -2.821697e-01 8.545442e-03 7.923806e-01 5.913627e-01 2.144520e-01 6.748109e-01 -3.980618e-02 -7.588547e-02 7.182889e-02 1.700081e-03 -1.523031e-01 3.307604e-03 1.672456e-02 -2.464411e-02 3.494386e-03
<VARIANCE> 39
 1.760657e+01 1.336744e+01 3.489744e+01 2.085043e+01 3.214930e+01 3.145925e+01 2.101209e+01 1.994271e+01 2.019035e+01 1.717835e+01 1.869187e+01 1.438201e+01 1.779155e-02 1.571851e+00 1.378961e+00 1.622296e+00 3.244936e+00 2.258754e+00 2.684885e+00 2.345814e+00 2.853072e+00 2.435665e+00 2.170615e+00 2.353039e+00 1.484865e+00 1.654212e-03 2.854888e-01 3.132370e-01 4.310487e-01 4.599991e-01 4.955567e-01 6.434203e-01 4.796012e-01 5.052975e-01 5.406041e-01 4.270625e-01 4.973738e-01 3.853458e-01 5.220660e-04
<GCONST> 8.948035e+01
<TRANSP> 5
 0.000000e+00 1.000000e+00 0.000000e+00 0.000000e+00 0.000000e+00
 0.000000e+00 6.445877e-01 3.554123e-01 0.000000e+00 0.000000e+00
 0.000000e+00 0.000000e+00 7.292489e-01 2.707511e-01 0.000000e+00
 0.000000e+00 0.000000e+00 0.000000e+00 6.966465e-01 3.033535e-01
 0.000000e+00 0.000000e+00 0.000000e+00 0.000000e+00 0.000000e+00
<ENDHMM>
