~o
<STREAMINFO> 1 39
<VECSIZE> 39<NULLD><MFCC_E_D_A><DIAGC>
~h "r"
<BEGINHMM>
<NUMSTATES> 5
<STATE> 2
<NUMMIXES> 16
<MIXTURE> 1 6.016709e-02
<MEAN> 39
 2.404763e+00 -2.448044e+00 -1.606166e+01 -1.004321e+01 -3.519000e+00 -3.876038e+00 -1.031938e+01 -7.955544e+00 -6.672071e+00 -4.902620e+00 -2.386786e+00 1.591688e+00 5.380445e-01 1.046528e+00 -8.174008e-01 -1.316144e+00 5.100552e-02 7.164553e-01 -1.822247e-01 -1.599965e+00 1.393947e-01 7.194661e-01 4.321967e-01 4.944619e-01 4.448307e-01 4.556846e-02 -1.497900e-01 -5.536673e-01 9.529462e-02 4.301114e-01 -1.825984e-02 -4.506198e-01 -5.089068e-01 3.887497e-01 5.067735e-01 2.868663e-01 8.193342e-02 -2.167103e-01 6.360656e-03
<VARIANCE> 39
 9.700840e+00 1.607617e+01 2.117735e+01 2.447693e+01 2.277220e+01 2.957280e+01 3.027160e+01 3.729888e+01 3.498167e+01 2.995863e+01 2.452662e+01 2.317440e+01 1.643798e-02 6.959894e-01 8.817322e-01 1.317556e+00 1.467112e+00 1.681756e+00 1.907085e+00 2.992975e+00 2.286525e+00 2.393098e+00 2.334556e+00 2.265576e+00 1.612124e+00 5.380965e-04 1.612093e-01 1.813449e-01 2.571608e-01 2.874109e-01 3.836991e-01 3.848945e-01 5.082636e-01 5.104136e-01 4.550943e-01 3.895427e-01 4.400797e-01 3.830997e-01 1.206400e-04
<GCONST> 8.252384e+01
<MIXTURE> 2 5.151312e-02
<MEAN> 39
 3.543834e+00 -5.566168e+00 -1.855286e+01 -7.497077e+00 -3.015921e+00 -4.835453e+00 -1.338634e+01 -6.689506e+00 2.922729e-02 -5.229975e+00 -3.956972e-02 3.333054e+00 6.499175e-01 3.081037e+00 -9.683698e-01 -2.442052e+00 -4.522877e-01 -5.769600e-01 -6.463616e-01 -2.251946e+00 -9.901150e-02 1.484285e+00 -1.093168e+00 5.090683e-01 8.649568e-01 9.292546e-02 -1.266287e+00 -6.047065e-01 7.474816e-01 3.490668e-01 -2.520528e-01 -4.514821e-02 5.390701e-01 5.892596e-01 1.406695e-01 4.141601e-01 -1.310328e-02 -5.069355e-01 -1.921538e-02
<VARIANCE> 39
 6.954563e+00 1.929450e+01 2.753593e+01 2.263477e+01 2.208406e+01 2.876823e+01 4.887765e+01 3.683980e+01 5.656330e+01 2.435463e+01 2.418040e+01 2.025646e+01 2.287790e-02 2.417730e+00 2.345920e+00 2.431480e+00 2.902929e+00 3.398187e+00 3.329222e+00 5.962913e+00 4.094640e+00 4.605584e+00 3.516542e+00 3.234195e+00 2.677872e+00 1.632511e-03 2.695018e-01 3.716578e-01 4.669327e-01 3.987898e-01 3.920490e-01 4.042919e-01 5.755495e-01 6.587000e-01 7.151727e-01 4.665160e-01 4.613935e-01 4.091266e-01 1.924071e-04
<GCONST> 9.632820e+01
<MIXTURE> 3 6.689630e-02
<MEAN> 39
 4.524990e+00 -5.998228e+00 -1.879038e+01 -8.766205e+00 8.134021e-01 -5.566190e+00 -1.795934e+01 -7.718740e+00 -2.418473e+00 -1.572284e+00 -4.490077e-01 1.366273e+00 6.607444e-01 4.417922e-01 -1.886986e+00 -3.377003e-01 1.192976e+00 1.028404e-01 -1.723571e+00 -2.262467e+00 1.782681e+00 1.926752e+00 3.240005e-01 1.997935e-02 -1.721172e-01 4.328465e-02 -4.914168e-01 -4.917348e-01 8.720394e-01 3.735431e-01 -8.316793e-01 -5.895845e-01 5.299013e-01 9.609792e-01 6.829570e-02 -3.113961e-01 -1.580483e-01 -1.708262e-01 -8.976849e-04
<VARIANCE> 39
 8.392638e+00 1.338995e+01 3.731234e+01 3.299570e+01 2.257195e+01 4.437688e+01 4.244826e+01 4.362849e+01 4.566805e+01 3.181459e+01 2.769117e+01 2.612321e+01 1.017647e-02 5.994391e-01 9.820075e-01 1.745563e+00 2.249715e+00 2.396412e+00 2.675313e+00 3.846572e+00 2.883181e+00 2.432432e+00 2.476205e+00 2.256828e+00 1.637292e+00 4.484044e-04 1.422105e-01 1.272196e-01 2.681409e-01 2.779385e-01 3.088399e-01 3.890854e-01 4.937802e-01 3.437630e-01 4.272531e-01 3.497448e-01 3.323727e-01 3.065085e-01 9.060432e-05
<GCONST> 8.372545e+01
<MIXTURE> 4 7.742960e-02
<MEAN> 39
 -4.093169e+00 -7.265068e+00 -8.985524e+00 -2.801623e+00 -2.519546e+00 -8.269819e+00 -1.158270e+01 -4.026797e+00 -5.172100e-01 -4.205515e-01 -1.707445e+00 -1.001498e+00 5.618312e-01 5.269626e+00 -1.026231e-01 -1.407643e+00 -3.413053e-01 -4.015014e-01 -7.593316e-01 -3.616951e+00 1.445150e-01 3.272908e-01 -1.155232e+00 6.670691e-02 6.983315e-01 9.356216e-02 -4.676233e-01 -7.478611e-01 -3.569227e-02 -1.897940e-01 -6.092533e-01 1.340020e-01 3.403543e-02 5.981522e-01 1.242459e-01 -2.539431e-01 2.074243e-01 8.821075e-02 5.121938e-03
<VARIANCE> 39
 1.409622e+01 1.021299e+01 1.965816e+01 1.648699e+01 1.647317e+01 2.211963e+01 2.235927e+01 2.628546e+01 1.510641e+01 1.326743e+01 1.206640e+01 8.600176e+00 1.532765e-02 2.763539e+00 2.428029e+00 4.759416e+00 3.310084e+00 4.301210e+00 3.853286e+00 5.946072e+00 5.868540e+00 4.306607e+00 3.812569e+00 2.791466e+00 2.135291e+00 1.275595e-03 3.439472e-01 2.249102e-01 4.079325e-01 3.612102e-01 4.293263e-01 5.037522e-01 5.990552e-01 5.324164e-01 4.526932e-01 3.864829e-01 3.059733e-01 2.569540e-01 1.843904e-04
<GCONST> 8.937396e+01
<MIXTURE> 5 5.822230e-02
<MEAN> 39
 5.005396e+00 -7.333589e+00 -2.005764e+01 -9.209873e+00 2.989396e-01 -6.932909e+00 -1.868298e+01 -3.661898e+00 4.516948e-01 -1.928560e+00 -5.565993e-01 5.434958e-01 7.122332e-01 2.418555e-01 1.170097e+00 -6.777393e-01 -6.850054e-01 8.120721e-01 1.245691e+00 -2.427728e-02 -1.625844e+00 -5.416716e-01 4.471901e-01 1.333921e-01 -9.075705e-02 -1.612223e-02 -2.571303e-01 -2.875340e-01 6.109843e-01 1.190851e-01 -6.736828e-01 -2.217051e-01 4.998926e-01 4.616542e-01 -2.294852e-01 -2.743790e-01 9.799710e-02 -3.646336e-02 2.086011e-03
<VARIANCE> 39
 6.936040e+00 1.704120e+01 4.522948e+01 3.801143e+01 3.279384e+01 5.732785e+01 5.940972e+01 6.946682e+01 5.454063e+01 3.296005e+01 2.873414e+01 2.945165e+01 1.315199e-02 3.197493e-01 1.180464e+00 1.857152e+00 1.515655e+00 1.872497e+00 2.275266e+00 3.569229e+00 2.692068e+00 2.616135e+00 2.139358e+00 2.090461e+00 1.751132e+00 4.472363e-04 4.145516e-02 1.315131e-01 1.571222e-01 2.023379e-01 2.512439e-01 3.524834e-01 3.979013e-01 4.176985e-01 3.610777e-01 3.648801e-01 3.093204e-01 3.286508e-01 5.140069e-05
<GCONST> 8.167965e+01
<MIXTURE> 6 7.976034e-02
<MEAN> 39
 2.920406e+00 -1.413518e+01 -1.418599e+01 -5.512698e+00 -6.883413e+00 -1.315475e+01 -1.645877e+01 5.906926e+00 1.129221e+00 -4.995860e+00 -9.937949e-01 1.491306e+00 8.050220e-01 6.640899e-01 7.163523e-01 -1.616578e+00 5.991164e-02 1.796215e+00 2.434507e-01 -1.620776e+00 -8.403070e-01 9.262471e-01 4.411639e-01 -5.629772e-01 9.234393e-02 -8.962063e-03 -1.815434e-01 1.304428e-01 3.960541e-01 -3.029171e-01 -3.013775e-01 4.078165e-01 3.911310e-01 -4.226003e-01 -3.875655e-01 2.645118e-01 1.650374e-01 -2.586973e-01 -2.374291e-03
<VARIANCE> 39
 7.726401e+00 2.292878e+01 6.046895e+01 4.006343e+01 5.155963e+01 8.299017e+01 9.068149e+01 8.262494e+01 8.325042e+01 4.109542e+01 3.980360e+01 3.311796e+01 1.319664e-02 2.943892e-01 7.151749e-01 1.506007e+00 1.056657e+00 2.008932e+00 2.014119e+00 2.510617e+00 2.227234e+00 1.900466e+00 1.675215e+00 1.719315e+00 1.580309e+00 1.749089e-04 4.545372e-02 9.962361e-02 1.677605e-01 1.947826e-01 2.644698e-01 2.992478e-01 3.260434e-01 3.691797e-01 2.856287e-01 2.710305e-01 2.753052e-01 2.530717e-01 3.410705e-05
<GCONST> 7.947508e+01
<MIXTURE> 7 4.245594e-02
<MEAN> 39
 3.893978e+00 -7.105558e+00 -1.981451e+01 -1.053901e+01 1.209756e+00 -7.503226e+00 -1.805987e+01 -3.389157e+00 -3.160710e+00 6.265244e-01 -1.238884e+00 -1.346680e+00 7.076329e-01 3.848115e+00 -1.211359e+00 -2.783131e+00 -1.243123e+00 1.039156e+00 -1.579523e+00 -4.200173e+00 1.988126e+00 4.279290e-01 2.602861e-02 8.005442e-02 -7.379659e-02 1.023170e-01 -1.531343e+00 -6.082880e-01 1.087788e+00 6.677659e-01 -5.966589e-01 -1.608481e-01 9.278466e-01 9.396583e-01 2.524606e-01 -3.292571e-01 1.755047e-02 5.720918e-02 -2.230651e-02
<VARIANCE> 39
 8.198962e+00 1.290858e+01 2.340272e+01 2.426076e+01 2.513520e+01 4.766101e+01 4.535904e+01 5.184541e+01 3.077459e+01 2.064914e+01 2.277972e+01 1.626451e+01 1.045428e-02 2.879453e+00 2.047267e+00 2.633020e+00 3.674753e+00 3.562509e+00 5.037915e+00 7.085291e+00 6.120504e+00 4.497246e+00 4.046389e+00 3.089593e+00 2.231007e+00 1.873159e-03 2.868521e-01 2.676502e-01 4.417695e-01 4.055617e-01 4.045844e-01 6.495908e-01 7.687786e-01 7.795824e-01 4.470556e-01 4.613300e-01 4.679268e-01 3.387715e-01 2.555522e-04
<GCONST> 9.676579e+01
<MIXTURE> 8 6.587061e-02
<MEAN> 39
 -2.421608e+00 -9.319560e+00 -1.028588e+01 -7.336262e+00 -8.658416e+00 -1.669946e+01 -1.111662e+01 -2.054353e+00 -8.560388e+00 -5.024806e+00 -6.389351e+00 -4.643610e+00 6.434097e-01 4.223082e+00 -1.136450e+00 -1.435716e+00 -1.412540e+00 -1.077282e+00 -3.350982e+00 -1.493199e+00 1.457803e+00 -2.329870e+00 -9.142147e-03 -4.051348e-01 -5.367312e-01 9.895647e-02 -9.991592e-01 -5.176550e-01 2.908199e-01 -2.343959e-01 1.511542e-01 7.936115e-01 8.251090e-01 5.919325e-01 3.394318e-01 6.669695e-01 3.811193e-01 3.433388e-01 -4.539796e-03
<VARIANCE> 39
 1.462032e+01 1.197196e+01 4.894276e+01 2.364502e+01 3.933195e+01 4.156771e+01 3.241636e+01 3.671664e+01 2.948927e+01 2.758771e+01 2.290651e+01 1.711707e+01 1.180073e-02 3.051631e+00 2.703691e+00 4.977922e+00 2.686728e+00 5.445280e+00 6.853855e+00 5.876828e+00 5.693177e+00 5.447976e+00 4.174879e+00 3.407191e+00 2.983186e+00 1.418510e-03 2.953308e-01 2.729858e-01 4.471191e-01 3.829953e-01 5.877711e-01 6.730477e-01 5.414237e-01 6.804687e-01 6.444362e-01 4.909158e-01 4.303284e-01 3.587821e-01 2.425094e-04
<GCONST> 9.977697e+01
<MIXTURE> 9 4.856013e-02
<MEAN> 39
 5.244642e+00 -4.698499e+00 -1.922903e+01 -9.367777e+00 -6.524022e-01 -3.471262e+00 -1.521392e+01 -9.289177e+00 -2.488343e+00 -2.691627e+00 -8.675922e-01 2.213331e+00 6.471503e-01 6.388383e-02 -1.475592e-02 -1.100810e-01 1.299362e-01 2.520493e-02 -1.029401e-01 -2.294618e-02 -4.045078e-02 1.584843e-02 -4.282703e-02 1.608862e-02 3.438376e-02 3.688006e-03 -9.315727e-02 -6.757222e-01 2.040545e-01 5.078099e-01 -3.187414e-01 -6.392648e-01 -3.584045e-01 5.978114e-01 5.786408e-01 5.540566e-02 -7.707346e-02 -1.000425e-01 9.550010e-03
<VARIANCE> 39
 6.849450e+00 1.334429e+01 2.551546e+01 2.917006e+01 2.401246e+01 3.217461e+01 3.274137e+01 4.368063e+01 3.713083e+01 2.622534e+01 2.309493e+01 2.263328e+01 9.553305e-03 1.559335e-01 7.107417e-01 6.941633e-01 8.608360e-01 6.672845e-01 1.094278e+00 1.642568e+00 9.945658e-01 1.593928e+00 1.036328e+00 1.069749e+00 8.578839e-01 3.364319e-04 4.367445e-02 1.244185e-01 2.066212e-01 2.003659e-01 3.178644e-01 3.470061e-01 4.311770e-01 4.409841e-01 3.091272e-01 2.753848e-01 2.950577e-01 2.141600e-01 3.784342e-05
<GCONST> 6.741876e+01
<MIXTURE> 10 5.698504e-02
<MEAN> 39
 2.056036e+00 -1.133803e+01 -1.163860e+01 -7.245733e-01 -6.831784e+00 -1.056727e+01 -1.623265e+01 -3.448328e+00 2.591953e+00 -2.462064e+00 -2.940679e+00 1.666113e+00 7.040192e-01 3.978061e+00 -1.583208e+00 -1.163965e+00 2.941204e-01 -2.245683e+00 -4.684977e-01 -2.694595e+00 3.430378e-01 1.357689e+00 -1.138837e+00 2.449598e-01 7.568123e-01 8.357378e-02 -1.383368e+00 -4.374000e-01 4.802233e-01 -4.167286e-01 -4.652388e-01 5.171309e-01 9.750368e-01 4.912954e-01 -2.147591e-01 -2.241821e-02 4.060031e-01 -2.974823e-01 -1.171445e-02
<VARIANCE> 39
 1.081204e+01 1.375095e+01 3.615532e+01 1.684842e+01 2.671154e+01 2.740495e+01 3.795062e+01 3.075213e+01 2.408692e+01 2.236659e+01 1.554594e+01 1.360114e+01 9.649488e-03 3.107285e+00 2.022086e+00 4.529320e+00 2.822408e+00 4.415972e+00 4.209540e+00 5.899364e+00 4.183305e+00 4.191579e+00 4.181473e+00 3.131955e+00 2.432639e+00 9.933754e-04 4.179586e-01 2.637147e-01 5.540814e-01 2.555260e-01 4.079416e-01 4.259500e-01 5.333084e-01 4.456574e-01 3.760172e-01 4.038660e-01 3.044221e-01 2.375114e-01 1.504570e-04
<GCONST> 9.158543e+01
<MIXTURE> 11 7.622261e-02
<MEAN> 39
 5.422837e-01 -1.617647e+01 -1.687302e+01 -1.065055e+01 -4.560043e+00 -1.500436e+01 -5.502375e+00 7.118139e+00 -1.009717e+01 2.555081e-01 -5.854815e+00 -5.006075e+00 8.230522e-01 1.238620e-01 -5.226977e-02 9.337476e-02 8.076316e-01 -1.159275e-01 -1.617627e+00 -5.756662e-01 1.112477e+00 6.392261e-01 -1.060007e+00 -2.648466e-01 6.433699e-01 -9.670561e-03 -1.392192e-01 2.323297e-01 4.512254e-01 -2.474885e-01 -3.507764e-01 3.649841e-01 2.919072e-02 -5.191810e-01 7.390846e-02 -5.309302e-02 6.788069e-02 1.149518e-01 -4.928798e-03
<VARIANCE> 39
 6.698081e+00 2.923038e+01 5.435141e+01 2.946143e+01 5.952478e+01 7.617521e+01 6.001569e+01 6.516944e+01 5.726148e+01 4.421789e+01 4.059260e+01 3.212496e+01 1.385443e-02 3.563664e-01 8.357900e-01 1.777750e+00 1.349871e+00 2.135177e+00 2.857850e+00 2.383416e+00 2.334012e+00 2.094988e+00 2.520737e+00 2.340780e+00 1.748837e+00 2.746665e-04 5.301675e-02 1.534350e-01 1.779908e-01 1.897017e-01 3.435655e-01 3.082463e-01 3.624046e-01 3.546932e-01 3.473986e-01 3.601033e-01 3.456413e-01 2.797732e-01 4.379257e-05
<GCONST> 8.286966e+01
<MIXTURE> 12 6.528115e-02
<MEAN> 39
 -9.807830e-01 -4.357107e+00 -1.170001e+01 -7.129188e+00 -4.175144e+00 -7.867961e+00 -1.184282e+01 -7.644258e+00 -7.600280e+00 -4.253482e+00 -1.476129e+00 -9.321412e-01 4.832539e-01 1.570779e-01 3.765168e-01 -3.580889e-01 -2.553988e-01 2.015410e-01 3.976913e-01 2.251078e-01 -1.599692e-01 -2.256668e-01 -2.194025e-01 1.026321e-01 2.469583e-01 3.850357e-04 1.369913e-01 -5.629880e-01 1.666932e-01 1.694415e-02 -3.461962e-01 -4.037274e-01 -2.587984e-01 6.167753e-01 2.326851e-01 1.582659e-01 -6.389710e-02 -3.251623e-02 1.820419e-02
<VARIANCE> 39
 1.247438e+01 1.711002e+01 3.231141e+01 2.675612e+01 2.461157e+01 4.085984e+01 3.483748e+01 2.752799e+01 3.869805e+01 2.937091e+01 2.442676e+01 3.222291e+01 1.642916e-02 8.949467e-01 1.405381e+00 1.897125e+00 1.700886e+00 1.662113e+00 2.333101e+00 2.489231e+00 2.503738e+00 2.313881e+00 2.087281e+00 1.916954e+00 1.952136e+00 1.241514e-03 1.881370e-01 2.719847e-01 5.285180e-01 3.730659e-01 5.138369e-01 5.881713e-01 7.481382e-01 6.181824e-01 5.563356e-01 5.431716e-01 4.365753e-01 4.623529e-01 1.424709e-04
<GCONST> 8.974902e+01
<MIXTURE> 13 8.373003e-02
<MEAN> 39
 -1.149925e+01 -8.802703e+00 -6.315369e+00 -1.936557e+00 -4.830634e+00 -9.256057e+00 -8.405908e+00 -3.401013e+00 -1.647530e+00 -2.291391e+00 -3.286252e+00 -2.821294e+00 3.940622e-01 4.567559e+00 4.361947e-01 -1.260011e+00 -4.676115e-01 2.074962e-01 -1.281593e+00 -2.669781e+00 -4.338826e-01 -7.506126e-01 -5.914233e-01 -9.773653e-02 1.863980e-01 6.141903e-02 4.755602e-01 -2.922761e-01 -3.748009e-01 -6.070733e-01 -1.203958e-01 1.312469e-01 -2.374470e-01 4.282563e-01 -8.048283e-02 7.269632e-02 2.326592e-01 2.756524e-01 2.300915e-02
<VARIANCE> 39
 2.297538e+01 2.241629e+01 3.485295e+01 1.942685e+01 2.619173e+01 2.979770e+01 2.680153e+01 2.766289e+01 2.836577e+01 2.425511e+01 2.080900e+01 1.422506e+01 3.031131e-02 4.841211e+00 2.466171e+00 3.692177e+00 2.871258e+00 3.936731e+00 5.325265e+00 5.854159e+00 4.723272e+00 3.457865e+00 3.214522e+00 2.546193e+00 2.222439e+00 2.492602e-03 4.394434e-01 5.030550e-01 5.942330e-01 4.581863e-01 6.600307e-01 8.799852e-01 8.206889e-01 7.796975e-01 6.692071e-01 6.592567e-01 5.109575e-01 3.883816e-01 3.346636e-04
<GCONST> 1.015480e+02
<MIXTURE> 14 4.722100e-02
<MEAN> 39
 3.558814e+00 -1.153580e+01 -1.489888e+01 -8.078912e+00 3.170611e-01 -1.034402e+01 -2.613782e+01 2.943013e+00 1.024373e+00 -5.102657e+00 1.205528e+00 -5.493553e-01 7.356027e-01 2.189444e+00 -2.044605e+00 -3.932357e-01 -8.108391e-01 -5.758219e-01 -1.447223e+00 -3.571880e+00 3.352778e+00 6.790120e-01 -1.573378e+00 1.003729e+00 2.706603e-01 7.864311e-02 -1.612581e+00 -1.837242e-01 1.014431e+00 2.392247e-01 -8.675489e-01 2.338469e-01 2.058667e+00 1.946463e-01 -4.547218e-01 2.182699e-01 -3.334923e-02 -1.126968e-01 -2.366191e-02
<VARIANCE> 39
 7.267745e+00 1.603518e+01 4.678371e+01 2.342261e+01 3.029022e+01 4.563123e+01 4.258580e+01 4.559052e+01 4.105217e+01 2.622091e+01 2.959177e+01 1.991450e+01 1.063081e-02 2.246860e+00 1.677277e+00 3.304776e+00 3.577362e+00 2.960856e+00 5.280473e+00 5.537539e+00 4.162729e+00 4.691808e+00 3.958455e+00 2.589024e+00 1.991179e+00 1.258148e-03 3.474811e-01 2.668284e-01 7.069169e-01 3.642571e-01 4.545274e-01 5.715643e-01 6.406417e-01 7.375203e-01 5.687554e-01 5.353469e-01 4.410214e-01 4.005313e-01 1.691237e-04
<GCONST> 9.718093e+01
<MIXTURE> 15 4.301498e-02
<MEAN> 39
 4.008634e+00 -9.796095e+00 -2.079235e+01 -1.236373e+01 1.362930e+00 -7.636915e+00 -2.062754e+01 8.873542e-01 -3.187681e+00 7.671985e-01 2.677347e+00 -9.060507e-01 7.997298e-01 -4.593613e-01 -1.551592e+00 9.728363e-01 2.113736e+00 2.994589e-01 -2.037824e+00 -2.199369e+00 1.221143e+00 2.258094e+00 5.566352e-01 -1.324967e+00 -1.281638e+00 3.051382e-03 -4.940346e-01 7.414933e-02 1.074106e+00 2.638261e-01 -1.007865e+00 -2.897829e-01 1.272460e+00 4.270350e-01 -2.127480e-01 -7.688279e-01 -5.112987e-01 2.125094e-01 -1.093847e-02
<VARIANCE> 39
 6.079918e+00 1.849038e+01 4.155130e+01 4.172250e+01 6.229609e+01 6.763791e+01 1.093524e+02 6.782411e+01 6.312179e+01 4.867882e+01 5.074542e+01 3.918362e+01 1.277231e-02 3.681694e-01 1.394736e+00 1.862414e+00 2.309282e+00 2.361341e+00 3.795645e+00 3.834623e+00 4.890725e+00 2.824001e+00 3.169349e+00 3.002409e+00 2.045153e+00 1.045434e-03 1.449874e-01 2.301101e-01 3.305412e-01 4.566930e-01 4.812106e-01 5.591632e-01 8.671866e-01 5.946236e-01 6.109560e-01 5.454212e-01 5.000422e-01 4.563157e-01 9.710440e-05
<GCONST> 9.635748e+01
<MIXTURE> 16 7.665280e-02
<MEAN> 39
 3.368751e+00 -1.537947e+01 -1.720315e+01 -8.302038e+00 -6.488365e+00 -6.175415e+00 -1.867731e+01 5.585750e+00 3.273802e+00 -3.953701e+00 2.272326e+00 -1.650586e+00 8.520814e-01 -4.106983e-02 3.030981e-01 7.914802e-01 1.498403e+00 8.436351e-02 -1.427478e+00 -1.499612e+00 -3.747595e-01 9.156682e-01 4.624854e-02 -1.344183e+00 3.399628e-01 -2.654416e-02 -2.937848e-01 4.999841e-01 5.251920e-01 7.208440e-02 -9.063478e-02 4.976049e-03 9.286329e-01 -5.228196e-01 -6.262611e-01 -6.015306e-02 -2.142230e-01 9.301959e-02 -1.498346e-02
<VARIANCE> 39
 6.440029e+00 2.115247e+01 4.030700e+01 3.487428e+01 5.007028e+01 5.072249e+01 8.218614e+01 7.405432e+01 6.723763e+01 4.072019e+01 3.947515e+01 3.385662e+01 7.674766e-03 3.663536e-01 1.042860e+00 2.127484e+00 1.790910e+00 3.091460e+00 2.522963e+00 3.223098e+00 3.110433e+00 3.341954e+00 2.769160e+00 3.030835e+00 2.790371e+00 1.850163e-04 8.169018e-02 1.850393e-01 2.071988e-01 2.943660e-01 4.279414e-01 4.006996e-01 6.136370e-01 5.421645e-01 4.658839e-01 3.932321e-01 3.567081e-01 3.357838e-01 7.112802e-05
<GCONST> 8.791283e+01
<STATE> 3
<NUMMIXES> 16
<MIXTURE> 1 5.724653e-02
<MEAN> 39
 5.374660e+00 -1.069636e+01 -2.142073e+01 -8.154217e+00 -3.251622e+00 -3.776622e+00 -2.136535e+01 1.216114e+00 4.974586e+00 -3.815009e+00 8.428401e-01 5.366414e-01 7.875823e-01 -7.613484e-02 -3.876451e-01 2.811472e-01 5.678683e-01 -2.148136e-01 -6.053664e-01 -1.874217e-01 3.734666e-01 4.473208e-01 1.527765e-01 -4.424395e-01 -1.374493e-01 3.368186e-04 -1.771188e-01 -1.135382e-01 4.594780e-01 1.147452e-01 -3.410739e-01 -2.360461e-01 4.799017e-01 2.685413e-01 -3.612090e-01 -1.368669e-01 1.243661e-02 5.151684e-02 -2.477748e-03
<VARIANCE> 39
 4.924498e+00 1.880715e+01 3.372805e+01 3.136917e+01 4.097690e+01 4.652446e+01 6.871625e+01 4.853762e+01 4.495628e+01 2.374671e+01 2.765798e+01 3.053081e+01 1.411417e-02 1.643844e-01 6.318599e-01 8.146667e-01 6.932990e-01 8.180409e-01 1.096229e+00 1.620959e+00 1.216708e+00 1.301276e+00 1.047533e+00 8.907708e-01 8.703282e-01 3.653543e-04 3.319376e-02 7.601458e-02 9.051967e-02 9.991383e-02 1.072271e-01 1.658900e-01 2.052650e-01 2.290455e-01 1.932103e-01 2.131398e-01 1.401893e-01 1.951127e-01 3.062240e-05
<GCONST> 6.320434e+01
<MIXTURE> 2 8.993235e-02
<MEAN> 39
 4.798560e+00 -1.401006e+01 -1.737466e+01 -2.549624e+00 -9.950689e+00 -6.912777e+00 -1.724777e+01 -4.544840e+00 6.794254e+00 -4.413098e+00 3.023463e-01 2.279960e+00 8.053364e-01 2.431993e-01 -1.883362e+00 1.433619e-01 1.734163e-01 -2.216018e+00 -8.379073e-02 4.131861e-01 1.180833e+00 1.325244e+00 -6.117097e-01 7.168713e-01 -4.529834e-01 4.227459e-02 -1.246524e+00 2.313154e-01 1.018185e+00 -3.663172e-01 1.452875e-01 2.086618e-01 1.173851e+00 3.610553e-01 -7.918801e-01 2.655468e-01 -2.041575e-02 -5.710990e-01 -2.100742e-02
<VARIANCE> 39
 5.945119e+00 2.117523e+01 3.996141e+01 3.195672e+01 3.236126e+01 3.847915e+01 7.119959e+01 3.940125e+01 4.165717e+01 4.373100e+01 3.301089e+01 2.953029e+01 8.850554e-03 9.378793e-01 1.200561e+00 2.297613e+00 2.251128e+00 2.412314e+00 2.742079e+00 4.285026e+00 3.352564e+00 2.830884e+00 2.777463e+00 2.511889e+00 2.281205e+00 3.509746e-04 3.467116e-01 2.192298e-01 3.894527e-01 4.027620e-01 4.037366e-01 5.030901e-01 7.201521e-01 5.285482e-01 5.199740e-01 6.150199e-01 4.702293e-01 4.531760e-01 1.293982e-04
<GCONST> 9.193505e+01
<MIXTURE> 3 6.216000e-02
<MEAN> 39
 2.169694e+00 -1.407717e+01 -1.154503e+01 -3.050220e+00 -6.802937e+00 -1.568600e+01 -1.723413e+01 5.694541e+00 2.877322e+00 -6.064931e+00 -1.925110e+00 2.376779e+00 7.632170e-01 -5.216990e-01 -3.604653e-01 1.614833e+00 3.211296e-01 -1.589863e+00 -5.047541e-01 1.175067e+00 8.342083e-01 -1.045436e+00 -6.825266e-01 4.705553e-01 1.782970e-01 -3.661392e-03 -1.341760e-01 8.139236e-02 3.872772e-01 -2.329502e-01 -3.002276e-01 3.446786e-01 3.698597e-01 -3.071482e-01 -4.648535e-01 1.631064e-01 2.181074e-01 -1.768734e-01 -2.695666e-03
<VARIANCE> 39
 6.744050e+00 2.021904e+01 5.130563e+01 3.189871e+01 4.512361e+01 4.891563e+01 8.119559e+01 6.319945e+01 5.426788e+01 3.766181e+01 2.635109e+01 2.541860e+01 1.518295e-02 1.415028e-01 4.164224e-01 8.741589e-01 6.185414e-01 9.905779e-01 1.105809e+00 1.545362e+00 1.457934e+00 1.220301e+00 1.006963e+00 8.907812e-01 8.414049e-01 1.851911e-04 3.049183e-02 5.128282e-02 1.130136e-01 8.804229e-02 1.514468e-01 1.625102e-01 1.734042e-01 1.738292e-01 1.605818e-01 1.465310e-01 1.206353e-01 1.273346e-01 1.420537e-05
<GCONST> 6.159359e+01
<MIXTURE> 4 6.402608e-02
<MEAN> 39
 3.515568e+00 -1.248960e+01 -1.675120e+01 -1.112415e+01 -8.654324e-01 -1.134920e+01 -2.136129e+01 8.236281e+00 -2.823237e+00 -1.810160e+00 7.104107e-01 5.475808e-01 8.109813e-01 6.031174e-02 -1.389833e+00 -1.263459e-02 -6.639633e-01 -7.678707e-01 -1.229887e-01 3.720857e-01 2.149698e+00 -2.581188e-01 5.177553e-02 6.754242e-01 -4.256939e-01 3.873799e-02 -1.124295e+00 7.688023e-02 8.561414e-01 4.011030e-01 -5.687220e-01 4.509305e-01 1.618358e+00 -7.815617e-01 -1.027568e-01 1.237337e-01 -1.107999e-01 -4.437332e-01 -2.134316e-02
<VARIANCE> 39
 6.646177e+00 1.672951e+01 4.933010e+01 3.277062e+01 3.463427e+01 6.591302e+01 7.271534e+01 3.800635e+01 3.578939e+01 3.590056e+01 4.002545e+01 2.299599e+01 1.013698e-02 7.318428e-01 9.786193e-01 1.962300e+00 1.778314e+00 2.078593e+00 3.108298e+00 4.322985e+00 3.123593e+00 2.443194e+00 2.172631e+00 2.276623e+00 1.988717e+00 3.454902e-04 2.970521e-01 1.830968e-01 3.642739e-01 3.089620e-01 4.130942e-01 5.551475e-01 7.263108e-01 4.831694e-01 3.953966e-01 5.324261e-01 4.407752e-01 2.955028e-01 1.336881e-04
<GCONST> 8.928701e+01
<MIXTURE> 5 6.693342e-02
<MEAN> 39
 5.024517e+00 -1.032078e+01 -2.031648e+01 -5.537125e+00 -1.893765e+00 -9.024704e+00 -1.778824e+01 -4.755050e+00 4.570471e+00 -3.548562e-01 -3.253645e+00 2.217753e+00 7.692137e-01 -3.840112e-01 -1.250500e+00 1.009486e+00 1.194280e+00 -1.239430e+00 -1.399050e+00 3.449993e-02 1.715347e+00 9.254540e-01 -5.508785e-01 -2.718166e-01 -6.338489e-02 1.148627e-02 -2.942266e-01 -1.647748e-01 7.276835e-01 -8.192407e-02 -6.779016e-01 -9.740270e-03 6.779497e-01 5.091575e-01 -5.817391e-01 -3.967878e-01 3.079286e-01 -9.401464e-02 -1.678564e-03
<VARIANCE> 39
 6.673077e+00 1.914163e+01 3.450038e+01 3.684329e+01 4.067995e+01 5.357508e+01 5.366932e+01 6.456316e+01 4.399993e+01 3.787583e+01 2.646983e+01 2.867321e+01 1.119471e-02 2.304294e-01 8.230991e-01 1.098188e+00 1.167909e+00 1.370915e+00 1.614616e+00 2.748424e+00 1.780348e+00 2.314306e+00 2.105132e+00 1.883167e+00 1.519403e+00 4.503517e-04 3.643202e-02 9.335330e-02 1.337669e-01 1.458866e-01 2.354706e-01 3.145331e-01 3.203511e-01 2.751177e-01 3.201891e-01 3.048302e-01 2.558369e-01 2.828964e-01 3.514421e-05
<GCONST> 7.510755e+01
<MIXTURE> 6 5.896611e-02
<MEAN> 39
 2.056907e+00 -1.343687e+01 -1.492405e+01 -7.230382e+00 6.515458e-01 -2.120882e+01 -1.812615e+01 8.243682e+00 -2.626329e+00 -8.488310e-01 -5.543005e+00 1.841522e-01 7.954063e-01 -1.057593e+00 -1.294490e+00 2.893832e+00 8.285233e-01 -2.587706e+00 -2.237024e+00 2.223996e+00 2.569102e+00 -8.657449e-01 -1.797721e+00 1.433506e-01 5.940346e-01 9.051631e-03 -3.611978e-01 3.651188e-01 7.439228e-01 -4.390343e-01 -9.287019e-01 1.035343e+00 1.096447e+00 -8.947396e-01 -8.376638e-01 -2.603061e-02 5.522841e-01 -7.762904e-02 -8.546603e-03
<VARIANCE> 39
 7.366967e+00 2.068585e+01 5.362378e+01 4.431369e+01 3.650397e+01 5.988739e+01 8.498723e+01 5.847850e+01 5.211247e+01 4.059792e+01 3.293031e+01 2.982911e+01 1.278937e-02 2.638997e-01 9.059843e-01 1.683152e+00 1.425733e+00 1.966813e+00 2.728155e+00 3.353062e+00 2.306838e+00 2.778267e+00 2.230305e+00 2.052804e+00 1.640586e+00 6.596119e-04 9.834012e-02 1.175162e-01 2.521189e-01 2.953232e-01 2.641015e-01 4.814786e-01 4.612525e-01 4.216666e-01 3.373342e-01 4.021999e-01 3.226629e-01 3.279735e-01 4.420501e-05
<GCONST> 8.472263e+01
<MIXTURE> 7 6.946364e-02
<MEAN> 39
 2.388854e+00 -1.615703e+01 -1.105786e+01 -6.946837e+00 -6.196569e+00 -1.149407e+01 -2.365407e+01 8.683831e+00 2.141571e+00 -4.451918e+00 -1.190186e-01 -4.891823e-01 8.006760e-01 -7.307723e-01 1.209989e+00 1.740445e+00 2.114487e+00 -4.161297e-01 -1.107894e+00 1.138368e+00 -1.754086e+00 -1.883671e-01 -5.735425e-01 -1.641385e+00 5.873879e-01 -5.776415e-02 -7.092574e-01 9.377483e-01 2.408623e-01 4.665305e-02 1.632000e-01 5.190330e-01 1.633441e+00 -7.914655e-01 -6.603833e-01 5.599730e-02 -9.966457e-02 -1.551857e-01 -2.587840e-02
<VARIANCE> 39
 6.333431e+00 1.567557e+01 4.017339e+01 3.543954e+01 5.687981e+01 5.385724e+01 7.253895e+01 5.206023e+01 4.916973e+01 3.618731e+01 3.327933e+01 3.149876e+01 7.888073e-03 7.673771e-01 1.688864e+00 3.151247e+00 3.270153e+00 3.916175e+00 4.039696e+00 5.297441e+00 4.785800e+00 4.438844e+00 3.679738e+00 4.382367e+00 3.000009e+00 6.182758e-04 2.281927e-01 2.871708e-01 3.718501e-01 4.636909e-01 6.173155e-01 5.543612e-01 8.266591e-01 5.972874e-01 7.127997e-01 5.786484e-01 5.493115e-01 5.192496e-01 1.715694e-04
<GCONST> 9.889172e+01
<MIXTURE> 8 6.392755e-02
<MEAN> 39
 1.406114e+00 -1.373991e+01 -7.173077e+00 -2.599892e+00 -1.175576e+01 -1.099671e+01 -1.463905e+01 2.232766e-01 -1.758314e+00 -3.768341e+00 -1.135065e+00 -3.546617e-01 7.167044e-01 2.715713e+00 -1.842822e+00 1.152009e-01 -9.169614e-01 -2.200738e+00 -7.392725e-02 -1.770924e+00 1.226260e+00 -3.023953e-01 -4.597024e-01 6.811652e-01 9.371445e-02 7.242805e-02 -1.493547e+00 -3.529345e-02 2.565151e-01 -4.685449e-01 2.518721e-01 6.179573e-01 8.423752e-01 4.577066e-02 -2.308788e-02 3.127084e-01 3.465164e-02 -2.143365e-01 -1.667617e-02
<VARIANCE> 39
 1.149200e+01 1.946889e+01 5.446030e+01 2.988444e+01 3.518147e+01 4.713054e+01 4.521871e+01 3.923778e+01 3.337246e+01 2.815735e+01 2.485609e+01 1.826586e+01 1.239764e-02 2.502416e+00 2.005864e+00 4.262761e+00 2.474414e+00 4.277681e+00 4.429898e+00 4.861133e+00 4.385852e+00 4.113346e+00 3.738250e+00 2.785829e+00 2.113978e+00 9.743392e-04 4.333462e-01 2.515762e-01 3.955278e-01 3.026628e-01 4.703234e-01 4.690650e-01 7.162974e-01 4.715429e-01 4.357114e-01 4.372683e-01 3.977520e-01 3.370194e-01 1.356616e-04
<GCONST> 9.598489e+01
<MIXTURE> 9 6.280687e-02
<MEAN> 39
 3.403546e+00 -1.110250e+01 -1.951386e+01 -4.722925e+00 -4.955038e+00 -9.213132e+00 -1.370454e+01 -1.854229e+00 4.824273e+00 -2.574883e+00 -2.354522e+00 4.536718e-01 7.495595e-01 -5.159039e-01 8.145874e-01 1.226871e+00 1.213197e+00 6.056441e-01 -9.266402e-01 -5.004190e-01 -4.260759e-01 -1.773901e-01 2.206204e-01 -1.041380e+00 -3.648654e-01 -4.263978e-02 -6.398515e-01 3.396372e-01 9.522700e-01 -2.043810e-01 -1.909437e-01 4.215982e-01 7.981004e-01 5.484813e-02 -8.681763e-01 -2.016923e-01 2.712257e-01 -8.889745e-02 -1.616281e-02
<VARIANCE> 39
 8.596053e+00 2.391338e+01 3.000361e+01 4.194183e+01 5.356123e+01 6.656723e+01 8.139458e+01 5.359315e+01 6.781346e+01 5.385339e+01 3.931374e+01 3.829059e+01 1.816787e-02 5.710360e-01 1.418635e+00 2.026087e+00 2.666956e+00 3.728232e+00 3.572414e+00 3.598974e+00 3.983267e+00 3.916233e+00 3.486698e+00 3.882504e+00 2.967564e+00 5.087468e-04 2.159404e-01 2.448580e-01 3.114223e-01 4.391692e-01 6.331692e-01 6.063689e-01 8.228441e-01 5.699787e-01 6.032734e-01 6.445677e-01 5.371536e-01 4.454720e-01 1.831246e-04
<GCONST> 9.879140e+01
<MIXTURE> 10 7.856595e-02
<MEAN> 39
 2.446924e+00 -1.527425e+01 -1.321560e+01 -7.539985e+00 -4.719698e+00 -1.555974e+01 -1.645440e+01 9.258449e+00 -1.171357e+00 -3.207523e+00 -2.235940e+00 1.371339e-01 8.142496e-01 1.591987e-02 8.437401e-02 -4.964539e-02 6.085553e-02 -1.693013e-02 8.101929e-02 -1.466147e-01 -4.247136e-02 2.188697e-02 3.531764e-02 6.219115e-03 -3.442546e-02 -3.718691e-03 -1.354576e-01 -5.439749e-02 3.997916e-01 -5.509641e-02 -4.249981e-01 6.995837e-02 2.954666e-01 -6.218455e-02 -2.607664e-01 -7.039624e-02 1.781244e-01 -4.722553e-02 -5.855726e-04
<VARIANCE> 39
 5.808084e+00 1.889563e+01 4.539460e+01 4.242884e+01 5.494910e+01 6.675941e+01 1.134595e+02 7.609251e+01 7.809428e+01 3.224745e+01 2.878990e+01 3.042955e+01 1.051533e-02 1.149953e-01 2.650679e-01 7.287201e-01 4.518613e-01 7.824020e-01 9.358440e-01 8.958981e-01 7.102656e-01 7.810881e-01 6.459069e-01 6.641099e-01 5.186093e-01 7.822958e-05 2.143594e-02 4.833460e-02 1.072991e-01 9.272584e-02 1.242944e-01 1.448471e-01 1.810264e-01 1.557191e-01 1.334558e-01 1.351760e-01 1.130223e-01 1.065155e-01 9.462765e-06
<GCONST> 5.561874e+01
<MIXTURE> 11 7.797130e-02
<MEAN> 39
 4.563019e-02 -1.720181e+01 -1.376595e+01 -1.054888e+01 -5.905384e+00 -1.882396e+01 -7.461994e+00 1.140681e+01 -1.141934e+01 -2.875862e-01 -6.626346e+00 -3.868857e+00 8.261670e-01 -3.588351e-01 1.012452e-01 1.300697e+00 -1.754747e-01 -1.185068e+00 -1.533539e-01 5.575095e-01 -1.941254e-01 -2.245420e-01 -2.993127e-01 1.575904e-01 2.090639e-01 -1.046394e-02 -2.804172e-01 4.535115e-01 4.965883e-01 -8.789116e-02 -2.985189e-01 6.654459e-01 1.703411e-01 -1.039205e+00 7.555239e-02 2.902286e-02 1.287877e-01 -7.013695e-03 -1.004771e-02
<VARIANCE> 39
 6.245986e+00 2.249123e+01 4.622622e+01 2.954129e+01 5.083163e+01 8.060143e+01 6.524852e+01 4.799194e+01 3.773744e+01 3.779020e+01 3.624252e+01 2.600680e+01 1.104344e-02 4.233263e-01 1.253463e+00 2.175803e+00 1.054129e+00 2.635735e+00 3.625069e+00 3.473840e+00 2.831852e+00 2.388423e+00 2.707743e+00 2.315398e+00 1.787469e+00 5.870443e-04 8.773462e-02 1.907190e-01 1.922495e-01 2.826519e-01 2.973081e-01 3.830856e-01 4.081022e-01 4.445345e-01 3.956710e-01 4.266346e-01 3.445744e-01 2.520855e-01 7.583020e-05
<GCONST> 8.580885e+01
<MIXTURE> 12 6.320293e-02
<MEAN> 39
 2.213983e+00 -1.564517e+01 -1.218114e+01 -8.217114e+00 -4.637674e+00 -1.067549e+01 -2.519833e+01 1.193189e+01 1.081724e+00 -4.822879e+00 3.309868e+00 -2.717057e+00 8.249755e-01 -7.063058e-01 -9.198416e-01 1.439641e+00 1.357972e-01 -1.709308e+00 -5.769329e-01 1.679139e+00 1.217273e+00 -2.982113e-01 -2.037620e-01 -1.184373e-01 -4.296989e-01 1.052969e-02 -2.034199e-01 3.271268e-01 2.822090e-01 -7.606765e-02 -1.583744e-01 2.009606e-01 8.793309e-01 -7.793642e-01 -3.828919e-01 1.738723e-01 -1.669326e-01 1.260738e-02 -7.896475e-03
<VARIANCE> 39
 6.670065e+00 1.622341e+01 4.248175e+01 2.176650e+01 2.872672e+01 4.963929e+01 6.600289e+01 4.021270e+01 4.244556e+01 2.844212e+01 2.058095e+01 1.984551e+01 9.486669e-03 2.912665e-01 6.778525e-01 1.530539e+00 1.019646e+00 1.233455e+00 2.042172e+00 3.226665e+00 2.361696e+00 1.880763e+00 1.679955e+00 1.440761e+00 1.519703e+00 3.733188e-04 6.772779e-02 9.130473e-02 1.332889e-01 1.786083e-01 1.850661e-01 2.531689e-01 3.596263e-01 2.918575e-01 2.076568e-01 2.591849e-01 2.126671e-01 2.015302e-01 3.563216e-05
<GCONST> 7.215355e+01
<MIXTURE> 13 3.659243e-02
<MEAN> 39
 2.818333e+00 -1.407098e+01 -1.262689e+01 -1.695340e+00 -4.119363e+00 -1.347452e+01 -2.804634e+01 4.982509e+00 3.245829e+00 -8.676454e+00 -2.087491e-01 -1.487241e-01 7.784179e-01 -1.065674e+00 -2.024170e+00 3.973385e+00 1.244432e+00 -3.580144e+00 -2.486100e+00 8.641500e-01 3.744473e+00 -1.060606e+00 -2.015236e+00 4.275539e-01 2.439819e-01 2.104371e-02 -9.613354e-01 6.117125e-01 1.103523e+00 -7.375692e-01 -6.936059e-01 7.192087e-01 2.292192e+00 -6.816916e-01 -1.370810e+00 4.802738e-01 1.994994e-01 -1.089221e-01 -1.985793e-02
<VARIANCE> 39
 7.213330e+00 1.692742e+01 4.534326e+01 3.736871e+01 5.105355e+01 4.635290e+01 5.938279e+01 6.687402e+01 5.497768e+01 3.972724e+01 3.984822e+01 3.226266e+01 9.478976e-03 8.553830e-01 1.217108e+00 2.308021e+00 2.637636e+00 2.549833e+00 3.256522e+00 5.088004e+00 3.671840e+00 4.971124e+00 3.488034e+00 3.036087e+00 2.443568e+00 7.167003e-04 3.501425e-01 2.496735e-01 4.687309e-01 6.092256e-01 6.886276e-01 6.572680e-01 7.799230e-01 9.686148e-01 5.413823e-01 7.028647e-01 6.072763e-01 4.943960e-01 1.410755e-04
<GCONST> 9.887026e+01
<MIXTURE> 14 6.049007e-02
<MEAN> 39
 3.595411e+00 -1.061634e+01 -1.620913e+01 -4.789477e+00 -9.888470e-01 -1.026269e+01 -2.363669e+01 -6.324692e-01 1.805202e+00 -3.095521e+00 -1.803920e-01 -1.359784e+00 7.176380e-01 -5.656507e-01 -2.118447e+00 1.999433e+00 1.412742e+00 -1.933512e+00 -2.466450e+00 -2.353420e-01 3.388261e+00 8.914903e-01 -9.775235e-01 -4.898944e-01 -1.021596e-01 2.877046e-02 -4.526851e-01 4.777147e-02 9.607241e-01 -2.959935e-01 -9.174978e-01 6.741102e-02 1.343439e+00 1.909240e-01 -8.605347e-01 -2.683452e-01 6.641257e-02 1.483167e-01 -5.201332e-03
<VARIANCE> 39
 7.202274e+00 1.512880e+01 5.027515e+01 3.535087e+01 3.572226e+01 4.797125e+01 6.276921e+01 5.009979e+01 6.349566e+01 3.631623e+01 2.968700e+01 2.893741e+01 1.428847e-02 4.232552e-01 8.600706e-01 1.720622e+00 1.972088e+00 1.808540e+00 2.491778e+00 3.324797e+00 2.035322e+00 2.268508e+00 2.465717e+00 1.855330e+00 1.703442e+00 4.361974e-04 8.344745e-02 1.237582e-01 2.577354e-01 2.577385e-01 2.745050e-01 3.218947e-01 3.773821e-01 3.217745e-01 3.776053e-01 3.184377e-01 2.891335e-01 2.391269e-01 5.869806e-05
<GCONST> 8.201315e+01
<MIXTURE> 15 5.532515e-02
<MEAN> 39
 2.008244e+00 -1.608713e+01 -1.638110e+01 -1.023241e+01 -4.985328e+00 -2.014872e+01 -1.178384e+01 8.249033e+00 -1.004918e+01 -1.861673e-01 -4.968755e+00 -4.097119e+00 8.095112e-01 7.531988e-01 -2.401326e+00 4.338712e-02 -1.125970e+00 -4.582818e-01 -1.068928e+00 1.159918e+00 2.964601e+00 -1.296486e+00 1.099601e+00 -9.913003e-02 -2.489281e-01 6.377427e-02 -1.551433e+00 2.986656e-01 1.144121e+00 1.167558e-01 -2.586988e-01 1.460052e+00 1.085162e+00 -8.141038e-01 4.444011e-01 1.363916e-02 1.884238e-02 4.769200e-02 -2.720813e-02
<VARIANCE> 39
 6.648510e+00 1.865036e+01 4.667952e+01 2.020560e+01 3.490518e+01 8.937207e+01 5.154487e+01 4.219255e+01 3.758705e+01 3.688546e+01 3.275268e+01 2.395369e+01 7.751672e-03 2.328866e+00 1.402366e+00 3.751513e+00 2.067049e+00 3.126004e+00 7.427798e+00 4.483456e+00 3.641675e+00 3.321284e+00 2.346831e+00 2.841093e+00 2.236576e+00 9.062455e-04 2.954524e-01 3.011647e-01 4.181275e-01 3.465570e-01 5.405157e-01 7.344474e-01 6.348053e-01 7.389266e-01 5.972715e-01 6.234950e-01 6.020289e-01 4.099661e-01 1.498071e-04
<GCONST> 9.695762e+01
<MIXTURE> 16 3.237979e-02
<MEAN> 39
 -1.270896e+00 -1.342833e+01 -8.927356e+00 -1.117733e+01 -1.269300e+01 -2.089061e+01 -7.270850e+00 5.087952e-01 -1.486039e+01 -3.433300e+00 -7.581050e+00 -5.277420e+00 7.564070e-01 1.524374e+00 -1.372909e+00 1.945474e-01 -1.997078e+00 -1.497843e+00 -1.247755e+00 6.659397e-01 9.618728e-01 -1.902713e+00 1.349133e+00 -1.578755e-01 -1.888285e-01 7.150910e-02 -1.317322e+00 2.574086e-02 4.782777e-01 5.428923e-02 6.117666e-01 1.508936e+00 5.156991e-01 -1.195415e-01 1.175084e+00 5.041817e-01 2.781011e-01 4.765018e-01 -1.883215e-02
<VARIANCE> 39
 7.787039e+00 1.803932e+01 6.861855e+01 2.649422e+01 4.650692e+01 8.042297e+01 4.536248e+01 3.772072e+01 3.878787e+01 4.190742e+01 2.887256e+01 2.561676e+01 1.005872e-02 1.996656e+00 1.563689e+00 3.851393e+00 2.689900e+00 4.127331e+00 5.147420e+00 4.843454e+00 5.830041e+00 5.175279e+00 4.290349e+00 2.985355e+00 2.798747e+00 1.099651e-03 2.682051e-01 3.549087e-01 4.159586e-01 3.258721e-01 6.265716e-01 6.866428e-01 5.744514e-01 6.654671e-01 5.963435e-01 6.336235e-01 4.833008e-01 3.826871e-01 1.145458e-04
<GCONST> 9.959274e+01
<STATE> 4
<NUMMIXES> 16
<MIXTURE> 1 7.754616e-02
<MEAN> 39
 3.323169e+00 -1.221654e+01 -1.988909e+01 -1.000089e+01 -5.297384e+00 -8.043931e+00 -1.125218e+01 1.996820e+00 1.126098e+00 -5.663138e+00 3.164567e+00 2.028179e+00 8.423958e-01 -5.907973e-01 -6.967731e-01 1.216077e+00 -6.625108e-01 -1.735648e+00 8.367786e-01 2.507717e+00 2.450386e-01 -1.439335e+00 2.204209e-01 1.098788e+00 -1.090870e+00 1.172568e-02 -1.524842e-01 2.444058e-01 4.208831e-01 -2.919399e-01 -3.307648e-02 5.037697e-01 1.048234e-01 -5.925019e-01 -2.610490e-01 4.499836e-01 -2.159455e-01 -5.110818e-01 -6.795989e-03
<VARIANCE> 39
 7.201036e+00 2.142600e+01 3.123983e+01 4.512186e+01 4.389696e+01 5.276859e+01 7.522653e+01 7.158014e+01 7.298796e+01 4.648426e+01 4.767487e+01 3.963076e+01 1.037065e-02 3.510318e-01 9.688605e-01 1.294583e+00 1.591834e+00 2.114201e+00 2.029422e+00 2.967540e+00 2.659448e+00 2.463720e+00 2.440337e+00 2.357908e+00 2.323802e+00 3.028555e-04 6.288327e-02 1.008741e-01 1.654072e-01 2.913055e-01 2.622038e-01 3.438836e-01 4.421311e-01 4.627690e-01 4.881992e-01 3.896867e-01 3.911787e-01 3.229321e-01 4.530855e-05
<GCONST> 8.415399e+01
<MIXTURE> 2 4.994741e-02
<MEAN> 39
 3.593432e+00 -1.083524e+01 -1.626869e+01 -5.031806e+00 -4.926762e+00 -9.637438e+00 -1.674630e+01 7.342347e-01 1.547244e+00 -4.081151e+00 -1.549172e+00 9.378814e-01 7.192088e-01 -1.787719e+00 2.456563e+00 2.473608e+00 1.166520e+00 7.137719e-01 2.124508e-01 2.062185e+00 -1.876235e+00 -1.815605e+00 -1.010363e-01 -8.469236e-01 -1.567618e-01 -9.347729e-02 -1.033808e+00 3.347972e-01 7.730898e-01 -1.014235e-01 -8.149113e-03 5.636162e-01 9.299005e-01 -6.893298e-02 -4.784808e-01 1.614392e-02 1.501427e-01 -3.509667e-01 -2.126017e-02
<VARIANCE> 39
 5.707697e+00 2.360042e+01 3.236720e+01 4.723018e+01 3.983706e+01 5.578638e+01 6.529001e+01 5.411548e+01 5.364893e+01 3.877902e+01 4.360306e+01 3.130057e+01 1.013256e-02 1.480843e+00 2.683942e+00 3.010767e+00 3.149520e+00 3.923965e+00 4.989409e+00 6.613520e+00 6.115805e+00 5.116135e+00 4.366232e+00 3.757369e+00 2.627665e+00 1.810574e-03 4.043835e-01 3.080268e-01 3.723186e-01 6.966600e-01 4.771295e-01 6.069490e-01 6.921866e-01 6.399100e-01 5.784279e-01 4.954559e-01 7.311988e-01 4.616477e-01 3.633773e-04
<GCONST> 1.036998e+02
<MIXTURE> 3 7.172009e-02
<MEAN> 39
 -8.370985e-01 -1.650653e+01 -9.851973e+00 -1.264935e+01 -9.889429e+00 -1.572013e+01 -8.141939e+00 5.768242e+00 -9.426382e+00 -8.221501e-01 -6.028949e+00 -3.389087e+00 8.035837e-01 -4.879254e-01 5.816398e-01 1.280023e+00 -5.480807e-01 -5.967797e-01 7.301706e-01 8.106489e-02 -1.128151e+00 4.024143e-02 2.293805e-01 9.852064e-02 1.561271e-01 -1.190218e-02 -8.226288e-01 7.608073e-01 2.864044e-01 4.426540e-01 4.290124e-01 8.509371e-01 2.566378e-01 -7.994911e-01 3.621709e-01 -1.081978e-01 1.101417e-01 5.447713e-02 -2.516443e-02
<VARIANCE> 39
 1.063722e+01 2.936176e+01 6.417626e+01 3.515753e+01 6.348715e+01 1.069823e+02 7.043078e+01 6.724837e+01 6.158036e+01 4.669592e+01 4.732015e+01 3.338560e+01 1.232300e-02 1.400428e+00 4.113956e+00 3.816255e+00 3.949628e+00 4.363421e+00 5.395155e+00 4.870916e+00 6.224339e+00 3.806253e+00 3.955209e+00 3.394874e+00 2.564549e+00 2.851292e-03 5.075008e-01 3.444060e-01 5.289493e-01 3.853585e-01 6.592401e-01 1.100814e+00 8.427710e-01 8.795003e-01 7.840961e-01 6.981006e-01 6.059857e-01 5.258352e-01 2.068569e-04
<GCONST> 1.092279e+02
<MIXTURE> 4 7.068840e-02
<MEAN> 39
 2.902661e+00 -1.650739e+01 -1.111062e+01 7.549655e-01 -1.264752e+01 -1.124185e+01 -1.704868e+01 6.695077e-01 6.310150e+00 -3.597194e+00 -3.303046e+00 1.490772e+00 7.811077e-01 -1.066365e+00 -1.092283e+00 3.035402e+00 2.403705e-02 -2.641350e+00 -7.450740e-01 1.551368e+00 2.208419e+00 -7.257162e-01 -1.062618e+00 2.558244e-01 -2.888364e-01 7.022176e-03 -2.512392e-01 5.949387e-01 2.739326e-01 -7.804447e-01 3.002920e-01 4.574275e-01 4.963070e-01 -4.380883e-01 -7.815434e-01 1.797043e-02 3.807302e-01 -9.446061e-02 -7.604578e-03
<VARIANCE> 39
 7.394874e+00 1.825796e+01 3.834568e+01 2.845513e+01 3.457397e+01 3.404786e+01 5.949436e+01 4.567248e+01 4.613035e+01 5.165939e+01 2.694869e+01 2.671840e+01 1.257578e-02 2.660863e-01 9.212393e-01 1.648213e+00 1.764799e+00 2.398326e+00 2.360610e+00 2.734630e+00 2.468373e+00 2.752278e+00 2.161123e+00 2.227866e+00 1.956503e+00 4.660688e-04 7.341226e-02 1.139465e-01 2.207047e-01 2.723803e-01 3.027756e-01 3.437261e-01 4.374669e-01 4.186048e-01 3.988381e-01 4.515359e-01 2.614589e-01 3.443145e-01 3.418803e-05
<GCONST> 8.146330e+01
<MIXTURE> 5 7.495040e-02
<MEAN> 39
 2.919417e+00 -1.818726e+01 -1.435868e+01 -8.958887e+00 -1.047087e+01 -5.960687e+00 -1.187407e+01 7.186449e+00 5.124992e-01 -1.059246e+00 9.323345e-01 -3.967895e+00 8.963888e-01 -5.948586e-01 -4.949580e-01 1.003894e+00 -8.288191e-01 -6.575418e-01 8.989199e-01 1.742131e+00 -3.442488e-01 -4.824044e-01 5.067586e-01 -3.429316e-01 -1.435052e+00 7.411971e-03 -2.109795e-02 2.968715e-01 -1.474287e-02 -7.609803e-02 3.143638e-01 2.851877e-03 -2.681158e-01 -4.130532e-01 1.075315e-01 -5.441588e-02 -1.520497e-01 1.513958e-01 -5.160668e-03
<VARIANCE> 39
 6.245462e+00 1.655980e+01 3.634444e+01 2.644487e+01 3.321811e+01 5.110457e+01 6.488614e+01 6.183466e+01 5.541419e+01 3.529000e+01 4.090156e+01 2.939185e+01 5.026584e-03 2.089724e-01 5.178470e-01 9.379073e-01 9.949859e-01 1.250560e+00 1.562838e+00 2.317836e+00 1.924559e+00 1.245903e+00 1.320665e+00 1.407501e+00 1.260120e+00 1.133073e-04 3.027785e-02 5.741779e-02 1.070263e-01 1.199395e-01 1.315389e-01 1.992545e-01 2.417344e-01 2.268416e-01 2.084751e-01 2.108530e-01 1.896019e-01 1.724304e-01 1.399687e-05
<GCONST> 6.517680e+01
<MIXTURE> 6 6.139762e-02
<MEAN> 39
 -2.969570e-01 -1.540745e+01 -2.657855e+00 -2.069772e+00 -1.077765e+01 -1.810766e+01 -1.926467e+01 1.133367e+01 -3.684348e+00 -1.055452e+01 1.684409e+00 1.707316e+00 7.570874e-01 -1.389000e+00 -9.928776e-02 3.874716e+00 -6.353247e-01 -3.283062e+00 -7.794780e-02 3.382334e+00 2.419223e-01 -2.877850e+00 -3.847292e-01 1.335434e+00 -3.284532e-01 -5.054920e-03 -4.888333e-02 6.092908e-01 -2.569301e-01 -6.076053e-01 3.308858e-01 9.927726e-01 2.493481e-01 -1.274184e+00 -1.121535e-01 8.505673e-01 -8.995514e-02 -4.158662e-01 -7.033234e-03
<VARIANCE> 39
 6.198770e+00 2.188478e+01 4.036917e+01 3.418847e+01 4.020212e+01 4.178211e+01 6.904061e+01 4.280073e+01 5.245307e+01 3.320319e+01 2.558305e+01 2.346774e+01 1.271862e-02 2.935007e-01 7.246764e-01 1.985106e+00 1.762909e+00 1.962125e+00 2.090944e+00 2.332884e+00 2.780580e+00 2.783502e+00 2.189202e+00 1.651233e+00 1.636265e+00 3.293514e-04 7.263799e-02 1.272203e-01 2.743006e-01 2.896887e-01 3.010903e-01 3.279070e-01 5.024714e-01 3.315197e-01 4.230562e-01 3.003560e-01 2.631633e-01 2.096157e-01 4.028011e-05
<GCONST> 8.009492e+01
<MIXTURE> 7 4.692036e-02
<MEAN> 39
 -3.588452e+00 -1.534108e+01 -1.545746e+00 -1.084251e+01 -1.686450e+01 -2.104093e+01 -5.122920e-01 5.527615e+00 -1.675015e+01 1.589731e+00 -2.258929e+00 -3.079251e+00 7.841228e-01 -1.467071e+00 8.413060e-01 3.255315e+00 -2.556775e+00 -2.184321e+00 2.573684e+00 1.743563e+00 -2.921980e+00 -7.281746e-01 1.807082e+00 -4.685715e-01 -4.791201e-01 -5.093602e-03 4.022668e-02 5.605261e-01 -5.274196e-01 -2.141943e-01 7.861753e-01 5.986139e-01 -1.081326e+00 -6.960214e-01 9.240804e-01 -1.542737e-01 -5.357593e-01 7.069806e-02 -7.224009e-03
<VARIANCE> 39
 7.799974e+00 1.815531e+01 4.519693e+01 2.840606e+01 3.517685e+01 7.448386e+01 6.323954e+01 5.978297e+01 4.232370e+01 3.680219e+01 3.491213e+01 2.127344e+01 1.341564e-02 3.407274e-01 7.765445e-01 1.421745e+00 1.812438e+00 2.253201e+00 2.374775e+00 2.827625e+00 3.008974e+00 2.777193e+00 2.084424e+00 1.922675e+00 1.811197e+00 3.089236e-04 7.915700e-02 1.322107e-01 2.696126e-01 2.790398e-01 3.232591e-01 4.889818e-01 3.792623e-01 5.593435e-01 3.536624e-01 4.603066e-01 2.850782e-01 2.609484e-01 5.585453e-05
<GCONST> 8.315434e+01
<MIXTURE> 8 4.483479e-02
<MEAN> 39
 -4.241196e+00 -7.426828e+00 -5.489370e+00 1.705196e+00 -6.068314e+00 -1.369897e+01 -1.141638e+01 1.511363e+00 -6.804980e-02 -6.271328e+00 -5.650896e+00 6.593419e-01 4.666654e-01 -3.916879e+00 2.158074e+00 3.058402e+00 8.897421e-02 4.970080e-02 2.228881e+00 3.743985e+00 -1.613147e+00 -1.719338e+00 4.693951e-01 7.271549e-03 -8.298123e-01 -1.026993e-01 -4.014542e-01 -2.606026e-01 -4.096618e-01 -1.096283e+00 8.427643e-02 8.457585e-01 -1.295933e-01 5.166116e-02 3.774269e-03 5.226449e-01 6.383856e-01 -1.740338e-01 1.622476e-02
<VARIANCE> 39
 1.866070e+01 2.139427e+01 2.304040e+01 3.327360e+01 3.710736e+01 3.756912e+01 3.952225e+01 3.873951e+01 3.674287e+01 3.664211e+01 3.008554e+01 2.551288e+01 2.717195e-02 5.376401e+00 4.582827e+00 3.821624e+00 4.215728e+00 5.490584e+00 5.454788e+00 6.397069e+00 5.023169e+00 3.981850e+00 3.506131e+00 3.428851e+00 2.764365e+00 4.402031e-03 6.557621e-01 5.325450e-01 5.144794e-01 5.859897e-01 7.789484e-01 7.171428e-01 9.788842e-01 6.938599e-01 7.170845e-01 7.459865e-01 6.881363e-01 5.087988e-01 4.535742e-04
<GCONST> 1.088445e+02
<MIXTURE> 9 7.836518e-02
<MEAN> 39
 2.666526e+00 -1.648831e+01 -1.564453e+01 -5.406871e+00 -1.540921e+01 -4.186598e+00 -9.462130e+00 -1.315586e+00 3.428431e+00 -3.403490e+00 3.601623e+00 -4.255165e+00 8.629287e-01 -9.204421e-01 -6.972877e-01 1.431626e+00 -1.831790e+00 -9.771734e-01 1.693222e+00 1.562828e+00 1.180420e-01 -3.306182e-01 6.152898e-01 9.547129e-02 -1.906523e+00 1.903853e-02 -3.623421e-01 5.252013e-01 3.064673e-01 -4.643776e-01 9.331345e-01 4.922169e-02 -1.405557e-01 -2.116190e-01 -3.138119e-01 2.045360e-01 -6.127380e-01 1.374414e-01 -1.279865e-02
<VARIANCE> 39
 6.481584e+00 2.232763e+01 3.576417e+01 3.829012e+01 3.676378e+01 4.612103e+01 7.473340e+01 6.700536e+01 6.891774e+01 4.518270e+01 4.616361e+01 3.433337e+01 8.375319e-03 5.154616e-01 1.086535e+00 2.091006e+00 2.150114e+00 2.610267e+00 3.137169e+00 3.817326e+00 3.738138e+00 3.603339e+00 3.002141e+00 2.850527e+00 2.571827e+00 3.304345e-04 2.284374e-01 1.400939e-01 2.709862e-01 3.528615e-01 3.076206e-01 4.803793e-01 8.367178e-01 6.085348e-01 5.840732e-01 4.596937e-01 4.263622e-01 4.534158e-01 7.261780e-05
<GCONST> 9.163573e+01
<MIXTURE> 10 7.922836e-02
<MEAN> 39
 1.626618e-01 -1.721702e+01 -1.373983e+01 -1.441755e+01 -1.042713e+01 -5.454350e-01 -6.615916e+00 1.919406e+00 -4.585486e+00 1.531500e+00 -1.977486e-01 -8.602044e+00 9.002376e-01 -8.916389e-01 6.396544e-02 1.399661e+00 -2.113145e+00 5.115912e-01 1.784346e+00 6.367279e-01 -1.324211e+00 1.583634e-01 9.108879e-01 -1.378234e+00 -7.255270e-01 4.234758e-03 1.217842e-01 3.687082e-01 -2.613375e-01 1.307341e-01 5.021566e-01 -4.900901e-01 -5.255051e-01 -1.045582e-01 4.155830e-01 -3.654404e-01 -2.459531e-01 7.189837e-01 -5.699061e-03
<VARIANCE> 39
 7.333965e+00 2.478577e+01 3.424488e+01 4.319717e+01 5.013520e+01 7.001647e+01 5.919259e+01 7.163478e+01 7.359025e+01 5.511147e+01 6.816877e+01 3.220096e+01 6.357552e-03 2.568601e-01 8.644585e-01 9.142616e-01 1.785482e+00 2.373783e+00 3.332693e+00 3.215408e+00 4.071770e+00 2.984016e+00 2.566731e+00 2.210028e+00 3.396424e+00 1.564448e-04 4.288410e-02 1.003057e-01 1.345387e-01 2.539210e-01 2.655224e-01 3.689243e-01 4.457536e-01 4.970144e-01 4.103217e-01 4.131603e-01 4.731736e-01 2.887903e-01 1.976600e-05
<GCONST> 8.330079e+01
<MIXTURE> 11 4.711303e-02
<MEAN> 39
 -1.015631e+00 -1.601276e+01 -8.525661e+00 -8.160914e+00 -8.712844e+00 -2.699664e+01 -7.005896e+00 1.080446e+01 -1.297216e+01 -1.425869e+00 -3.969010e+00 -1.247268e+00 8.004448e-01 -1.484100e+00 -6.012150e-01 3.583362e+00 -1.204323e+00 -3.290170e+00 5.124303e-01 3.590282e+00 -1.826921e-01 -2.146053e+00 5.862753e-01 4.637652e-01 -4.583843e-02 1.194541e-02 -3.759447e-01 7.327437e-01 2.891276e-01 -5.563437e-01 -6.350554e-02 1.627515e+00 -3.284795e-02 -1.688486e+00 2.924230e-01 3.862160e-01 -1.728234e-01 -2.481443e-01 -1.359432e-02
<VARIANCE> 39
 6.592054e+00 2.083620e+01 4.503105e+01 2.824931e+01 4.413574e+01 6.067720e+01 6.747633e+01 4.962132e+01 4.004999e+01 2.986283e+01 3.748810e+01 2.614269e+01 1.106320e-02 3.975283e-01 1.021352e+00 2.257895e+00 1.555946e+00 2.104240e+00 3.113658e+00 2.599888e+00 3.546192e+00 2.710356e+00 3.155856e+00 2.325371e+00 1.760629e+00 5.549227e-04 1.809821e-01 1.674041e-01 3.664562e-01 4.077126e-01 4.097126e-01 5.934362e-01 6.099835e-01 4.186137e-01 5.271975e-01 4.547857e-01 4.643214e-01 3.300004e-01 9.898605e-05
<GCONST> 8.904140e+01
<MIXTURE> 12 5.562204e-02
<MEAN> 39
 1.010461e+00 -1.674136e+01 -2.601541e+00 -8.449163e-01 -1.615781e+01 -1.105695e+01 -1.988228e+01 3.424914e+00 1.211359e-02 -7.046242e+00 4.718699e-02 7.548657e-01 7.800025e-01 -4.623131e-01 -8.926743e-01 2.448422e+00 -1.123118e+00 -2.237475e+00 3.383706e-01 3.465492e-01 1.257500e+00 -1.134893e+00 -4.097998e-01 8.872424e-01 -3.076648e-01 2.144861e-02 -1.004573e+00 8.148782e-01 -4.009447e-03 -5.022253e-01 8.521793e-01 3.234595e-01 1.146863e+00 -5.923842e-01 -3.605555e-01 5.467736e-01 -9.843569e-02 -3.001796e-01 -2.126596e-02
<VARIANCE> 39
 5.564404e+00 2.012883e+01 4.240242e+01 3.658700e+01 4.837137e+01 3.534287e+01 5.239577e+01 4.916653e+01 4.849916e+01 4.003753e+01 2.550788e+01 2.354704e+01 1.046682e-02 1.512171e+00 1.357226e+00 3.931202e+00 2.271159e+00 2.967188e+00 2.496158e+00 4.251309e+00 3.496055e+00 3.913014e+00 2.963349e+00 2.223829e+00 1.780235e+00 6.544049e-04 4.788130e-01 2.215386e-01 3.824893e-01 4.914751e-01 5.805489e-01 4.635153e-01 7.661265e-01 6.421077e-01 6.334055e-01 5.298693e-01 4.596861e-01 3.890601e-01 1.101712e-04
<GCONST> 9.469118e+01
<MIXTURE> 13 8.348894e-02
<MEAN> 39
 -3.559336e-01 -1.658239e+01 -4.166291e+00 -4.112721e+00 -1.483418e+01 -1.321066e+01 -1.244471e+01 6.701661e+00 -5.406616e-01 -7.220095e+00 8.261780e-01 -5.221491e-01 7.697805e-01 -8.041388e-01 1.932699e-01 1.843898e+00 -8.479718e-01 -1.363694e+00 5.845271e-01 1.475558e+00 -4.629902e-01 -1.217201e+00 2.105963e-01 4.825742e-01 -4.924988e-01 -5.820755e-03 2.199138e-02 2.874889e-01 -1.777677e-01 -1.631217e-01 3.448960e-01 1.755598e-01 -2.281711e-01 -3.275160e-01 -2.581008e-03 2.536313e-01 -1.278054e-01 -6.097423e-03 -2.980385e-03
<VARIANCE> 39
 6.816751e+00 2.233169e+01 4.566700e+01 2.892689e+01 4.525295e+01 5.478379e+01 8.275588e+01 5.810978e+01 6.612791e+01 4.087791e+01 3.072204e+01 3.355428e+01 1.402488e-02 1.777707e-01 4.494095e-01 9.417054e-01 9.594629e-01 1.167421e+00 1.419325e+00 1.650447e+00 1.488822e+00 1.605994e+00 1.314672e+00 1.294419e+00 9.446922e-01 1.511406e-04 2.998104e-02 6.332938e-02 1.479517e-01 1.365988e-01 1.758792e-01 1.759435e-01 2.372652e-01 2.035093e-01 1.808030e-01 1.636898e-01 1.411685e-01 1.388753e-01 1.917352e-05
<GCONST> 6.669427e+01
<MIXTURE> 14 6.842765e-02
<MEAN> 39
 -2.163518e+00 -1.816212e+01 -8.428677e+00 -1.305275e+01 -9.128551e+00 -1.752872e+01 -1.695148e+00 9.342789e+00 -1.048596e+01 -2.514429e-01 -7.369294e+00 -3.685198e+00 8.501204e-01 -8.584007e-01 2.672195e-02 1.423202e+00 -1.068728e+00 -9.144586e-01 1.397517e+00 1.375252e+00 -1.218493e+00 4.702596e-02 1.159650e-01 -5.359285e-01 4.878348e-02 1.830902e-03 2.764486e-02 3.769421e-01 -1.480110e-01 -4.573367e-02 1.833639e-01 1.179282e-01 -5.163241e-01 -5.410395e-01 2.982550e-01 -7.799920e-02 1.216052e-02 9.443334e-02 -5.837760e-03
<VARIANCE> 39
 5.541952e+00 1.980716e+01 4.075500e+01 2.565541e+01 4.984786e+01 7.119926e+01 5.519162e+01 3.423231e+01 5.066033e+01 2.360809e+01 2.509893e+01 1.942492e+01 1.010340e-02 2.551088e-01 5.632349e-01 8.700469e-01 7.902977e-01 1.469993e+00 1.920305e+00 2.359630e+00 1.596115e+00 1.799660e+00 1.520364e+00 1.283735e+00 1.306100e+00 2.049072e-04 4.272852e-02 9.406208e-02 1.422162e-01 1.346417e-01 2.093481e-01 2.946497e-01 2.471976e-01 3.177626e-01 2.270135e-01 1.870812e-01 2.180241e-01 1.893353e-01 2.827503e-05
<GCONST> 6.918530e+01
<MIXTURE> 15 4.287096e-02
<MEAN> 39
 9.556503e-01 -7.945244e+00 -1.528209e+01 -3.197990e+00 1.053648e+00 -1.080691e+01 -1.735909e+01 -4.826050e-01 2.551888e+00 -1.065251e+00 -5.204840e+00 -1.484785e+00 5.772782e-01 -2.776732e+00 1.381662e+00 3.062300e+00 1.878458e+00 -2.462259e-01 3.869836e-01 2.533646e+00 -6.008918e-01 -4.623961e-01 -5.135732e-01 -9.057170e-01 -3.555751e-01 -9.903436e-02 -7.748820e-01 -1.872288e-01 4.805793e-01 -5.095127e-01 -7.378721e-01 7.411256e-01 1.009819e+00 2.066626e-01 -5.632753e-01 -1.795770e-01 6.707153e-01 2.251789e-01 -4.772413e-03
<VARIANCE> 39
 9.279137e+00 1.676441e+01 2.502556e+01 3.220350e+01 3.579292e+01 5.805832e+01 6.894044e+01 6.179189e+01 5.071579e+01 4.299956e+01 3.185898e+01 2.315534e+01 2.026344e-02 3.169188e+00 3.548933e+00 3.791083e+00 3.622908e+00 4.189311e+00 6.143795e+00 8.021077e+00 6.295003e+00 5.111227e+00 4.775962e+00 4.530348e+00 3.107873e+00 3.458068e-03 5.065097e-01 3.733583e-01 4.237268e-01 6.503735e-01 6.746773e-01 8.948211e-01 8.820009e-01 8.544080e-01 7.504954e-01 7.470436e-01 5.579602e-01 4.071575e-01 3.975499e-04
<GCONST> 1.085543e+02
<MIXTURE> 16 4.686674e-02
<MEAN> 39
 -1.614946e+00 -1.329523e+01 -3.908724e+00 -5.851420e+00 -1.360690e+01 -1.700660e+01 -1.016613e+01 3.246530e+00 -4.902480e+00 -5.347541e+00 -3.581131e+00 3.275987e-01 6.759258e-01 -2.292686e+00 3.609727e+00 2.166506e+00 1.670361e+00 2.659920e-01 1.599868e+00 1.336190e+00 -3.288884e+00 -3.442646e-01 -5.953718e-01 -5.948414e-01 -1.813473e-01 -1.076999e-01 -7.768152e-01 6.775092e-01 -4.798125e-01 -1.546464e-01 1.157532e+00 1.009576e+00 2.681066e-01 -1.578140e-01 5.353774e-02 4.347514e-01 -5.435946e-02 -4.658489e-01 -1.870948e-02
<VARIANCE> 39
 7.579780e+00 2.092972e+01 3.462003e+01 5.113435e+01 5.083297e+01 4.448228e+01 6.127345e+01 4.470684e+01 6.343742e+01 4.108029e+01 3.088776e+01 3.307091e+01 1.187520e-02 2.285903e+00 2.572448e+00 3.582591e+00 4.353157e+00 5.169082e+00 5.907351e+00 7.436116e+00 4.452266e+00 5.120361e+00 4.096755e+00 4.176051e+00 3.790320e+00 2.318527e-03 4.782331e-01 4.746553e-01 4.520743e-01 8.192846e-01 7.523838e-01 8.576355e-01 7.167506e-01 7.933449e-01 9.631031e-01 8.175730e-01 7.362643e-01 6.875135e-01 3.560169e-04
<GCONST> 1.090598e+02
<TRANSP> 5
 0.000000e+00 1.000000e+00 0.000000e+00 0.000000e+00 0.000000e+00
 0.000000e+00 5.833589e-01 4.166410e-01 0.000000e+00 0.000000e+00
 0.000000e+00 0.000000e+00 5.199907e-01 4.800093e-01 0.000000e+00
 0.000000e+00 0.000000e+00 0.000000e+00 5.854532e-01 4.145468e-01
 0.000000e+00 0.000000e+00 0.000000e+00 0.000000e+00 0.000000e+00
<ENDHMM>
