~o
<STREAMINFO> 1 39
<VECSIZE> 39<NULLD><MFCC_E_D_A><DIAGC>
~h "s"
<BEGINHMM>
<NUMSTATES> 5
<STATE> 2
<NUMMIXES> 16
<MIXTURE> 1 5.705745e-02
<MEAN> 39
 -1.395765e+01 2.688622e+00 -7.040367e+00 -7.339449e+00 -1.125012e+01 -1.165306e+01 -5.124907e+00 -7.560131e+00 -6.657069e+00 -8.879590e+00 -6.420005e+00 -2.108938e+00 5.699130e-01 -5.063098e+00 2.211497e+00 -1.333635e+00 3.128119e+00 2.486382e+00 2.841122e+00 1.931607e+00 9.079713e-01 1.083745e+00 4.018358e-01 2.576695e+00 -7.800151e-01 -4.216360e-02 -4.838966e-01 -8.624761e-01 -3.103206e-01 -3.564261e-01 3.070912e-01 5.340592e-01 3.336775e-01 8.399787e-01 4.009824e-01 1.051024e+00 2.546559e-01 3.727403e-01 1.571427e-02
<VARIANCE> 39
 1.552971e+01 1.679562e+01 2.323629e+01 1.851712e+01 3.175464e+01 3.116560e+01 2.492291e+01 2.974920e+01 2.571902e+01 2.190586e+01 2.317774e+01 2.110058e+01 1.351902e-02 1.306770e+00 3.260099e+00 3.641965e+00 3.337383e+00 4.044761e+00 4.903355e+00 4.482474e+00 5.143576e+00 3.883979e+00 4.245614e+00 3.458022e+00 3.090636e+00 1.134762e-03 2.935419e-01 3.297114e-01 3.551740e-01 4.200777e-01 4.681521e-01 4.823326e-01 4.979733e-01 5.031396e-01 4.500321e-01 3.731629e-01 4.529058e-01 3.816111e-01 1.050273e-04
<GCONST> 9.368620e+01
<MIXTURE> 2 7.471661e-02
<MEAN> 39
 -2.876419e+01 3.335694e+00 -9.667043e+00 -6.981777e+00 1.767769e+00 -9.146761e+00 2.923590e+00 -9.160261e-01 -7.004703e-01 -8.232136e-01 -2.280313e+00 1.805718e+00 6.074221e-01 -2.840517e+00 1.301612e+00 -7.123004e-01 3.871205e-01 7.757151e-01 4.973360e-01 1.155990e+00 4.433304e-01 3.849512e-01 2.123819e-01 3.475921e-01 5.565385e-01 5.372586e-02 1.302866e+00 -5.762854e-01 3.107151e-01 -3.011891e-02 -5.197021e-01 3.015569e-01 -6.666919e-01 -6.863537e-02 -2.841263e-01 2.724260e-02 -1.080443e-01 -3.966208e-01 -1.176267e-02
<VARIANCE> 39
 8.150856e+00 2.068516e+01 1.433494e+01 2.544757e+01 2.210281e+01 1.975278e+01 1.618966e+01 2.172602e+01 1.632199e+01 1.648278e+01 1.389789e+01 1.083833e+01 1.713990e-02 2.220057e+00 2.792670e+00 3.568031e+00 3.213852e+00 2.417904e+00 2.671721e+00 2.446457e+00 2.666504e+00 2.469875e+00 2.086990e+00 1.934715e+00 1.602873e+00 1.552710e-03 3.440635e-01 3.802485e-01 4.664563e-01 6.927041e-01 5.422451e-01 5.429589e-01 4.875444e-01 4.986850e-01 4.317579e-01 4.985788e-01 4.187697e-01 3.256108e-01 4.418396e-04
<GCONST> 8.844473e+01
<MIXTURE> 3 5.577944e-02
<MEAN> 39
 -1.656445e+01 2.805192e+00 1.001216e+00 -6.881149e+00 -4.287425e+00 -1.396169e+01 -4.544431e+00 -1.057740e+00 -5.600523e+00 -2.469321e+00 -2.760938e+00 1.330960e+00 5.545443e-01 -5.806497e+00 1.900461e+00 -2.360023e+00 -5.691251e-01 4.043606e+00 1.238687e+00 2.574886e+00 1.096044e+00 1.288787e+00 6.810294e-01 -9.946479e-02 1.042522e+00 -1.016326e-02 -1.767169e-01 -9.390223e-01 -3.843655e-01 -2.385119e-01 -4.678492e-01 6.722530e-01 -2.291902e-01 3.303264e-01 1.403150e-01 -1.557499e-02 2.990245e-01 -2.848997e-01 1.867832e-02
<VARIANCE> 39
 1.517370e+01 1.356240e+01 2.273882e+01 2.438280e+01 2.767760e+01 1.995185e+01 3.577295e+01 2.551988e+01 2.674258e+01 2.021934e+01 1.744550e+01 1.527611e+01 1.412946e-02 1.353238e+00 2.880840e+00 3.548442e+00 2.888813e+00 2.908059e+00 3.490934e+00 3.783587e+00 3.792985e+00 4.286571e+00 3.120509e+00 3.057815e+00 2.201362e+00 1.367442e-03 3.035254e-01 2.771491e-01 3.987010e-01 3.959015e-01 4.498952e-01 4.694054e-01 5.693424e-01 4.651698e-01 4.905103e-01 4.450146e-01 3.914016e-01 3.238865e-01 7.215257e-05
<GCONST> 9.031693e+01
<MIXTURE> 4 6.222910e-02
<MEAN> 39
 -2.745887e+01 -3.627582e+00 -4.222527e-02 -1.398525e+01 -1.556616e+00 -1.228479e+00 -6.856912e+00 2.495855e+00 3.360231e-01 -2.411220e+00 -9.915739e-01 -3.567839e-01 5.687938e-01 -2.927131e+00 1.476231e+00 -3.487522e-01 -1.439547e+00 1.639853e+00 1.093586e-01 -1.354263e-01 9.287012e-01 -2.153040e-01 4.218457e-02 2.090394e-01 7.097942e-02 5.850692e-02 1.005642e+00 1.294458e-01 -3.696330e-01 8.268389e-01 -6.471942e-02 -4.525064e-01 2.200213e-01 -2.145516e-01 -3.175277e-01 1.766586e-01 -1.135313e-01 -1.040684e-01 -1.166563e-02
<VARIANCE> 39
 1.165770e+01 1.714328e+01 2.450569e+01 1.763967e+01 2.663861e+01 3.207687e+01 2.033197e+01 2.658860e+01 2.510520e+01 1.847027e+01 1.603406e+01 1.242212e+01 1.749787e-02 3.268715e+00 2.187474e+00 2.671797e+00 2.233969e+00 2.910029e+00 3.227779e+00 3.041984e+00 2.332793e+00 2.373038e+00 2.311798e+00 1.801612e+00 1.500555e+00 2.002440e-03 4.500325e-01 3.641966e-01 5.505724e-01 4.359209e-01 4.511894e-01 7.450157e-01 5.648692e-01 5.899794e-01 5.702964e-01 4.348222e-01 3.987398e-01 3.675130e-01 3.181960e-04
<GCONST> 9.111897e+01
<MIXTURE> 5 5.599185e-02
<MEAN> 39
 -2.642159e+01 3.818514e+00 -3.130852e+00 -1.032113e+01 3.970905e+00 -8.853106e+00 -1.840085e+00 1.959008e+00 -4.414587e+00 -3.866836e-01 -3.297863e+00 3.090091e-01 6.050843e-01 -5.162690e+00 6.045772e-01 -1.584754e+00 -3.642699e-01 2.292105e+00 1.381838e+00 1.890382e+00 1.518873e+00 4.180551e-01 3.718551e-01 6.826801e-01 6.999924e-01 3.165407e-02 1.311105e+00 -9.882145e-01 -3.322716e-03 7.652468e-02 -1.155568e+00 1.525469e-01 -6.083908e-01 -2.228937e-01 1.267522e-01 -2.056696e-02 1.160929e-01 -2.655331e-01 1.032807e-02
<VARIANCE> 39
 8.964869e+00 1.386923e+01 1.804177e+01 1.815183e+01 1.819373e+01 1.970713e+01 3.002654e+01 2.322124e+01 1.773221e+01 1.935888e+01 1.470640e+01 1.331524e+01 1.576591e-02 1.457989e+00 1.958588e+00 2.734282e+00 2.707964e+00 2.406497e+00 2.710731e+00 3.270873e+00 2.809175e+00 3.278222e+00 2.617604e+00 2.330912e+00 1.753760e+00 1.168587e-03 2.530203e-01 3.317214e-01 5.056601e-01 4.114105e-01 3.998888e-01 5.536902e-01 6.761373e-01 6.587863e-01 5.091496e-01 5.058319e-01 4.117945e-01 3.497123e-01 1.251095e-04
<GCONST> 8.699201e+01
<MIXTURE> 6 4.133432e-02
<MEAN> 39
 -1.743371e+01 8.406487e-01 -2.717953e+00 -1.926821e+00 -1.108738e+00 -4.212162e+00 -3.577538e+00 -3.205226e+00 -3.908111e+00 -2.700953e+00 -4.097396e+00 -2.420093e+00 1.198224e-01 -4.071730e+00 -2.647434e-01 -1.391229e+00 -6.929861e-01 1.618655e+00 1.369486e+00 1.473296e+00 1.189023e+00 1.194411e+00 5.979903e-01 9.946688e-01 8.264463e-01 1.736225e-03 1.289013e-01 -5.490240e-01 -4.876889e-01 -9.089012e-01 -7.085239e-01 -4.930829e-01 -1.494475e-01 3.358410e-01 1.358526e-01 2.352359e-01 2.382690e-01 1.404306e-01 5.550477e-02
<VARIANCE> 39
 2.555566e+01 2.021447e+01 2.319179e+01 1.872839e+01 2.430053e+01 2.536713e+01 2.591336e+01 2.377606e+01 2.012049e+01 1.769708e+01 1.781212e+01 1.507560e+01 3.525804e-02 3.827996e+00 3.605103e+00 3.974729e+00 4.605613e+00 4.116329e+00 4.629871e+00 3.877089e+00 4.077918e+00 3.366732e+00 2.871192e+00 3.288059e+00 2.466973e+00 5.524368e-03 6.301882e-01 5.510328e-01 5.140458e-01 5.392547e-01 6.426427e-01 5.733973e-01 6.551190e-01 5.899594e-01 5.240613e-01 4.671289e-01 4.679645e-01 4.475429e-01 6.536083e-04
<GCONST> 1.007788e+02
<MIXTURE> 7 7.305760e-02
<MEAN> 39
 -2.194745e+01 -3.273276e+00 -9.816290e+00 -7.222383e+00 -3.473618e+00 -6.128621e+00 -1.096733e+00 -3.388824e-01 -9.975892e-01 -4.309799e-01 -1.136434e+00 1.752096e-01 3.120448e-01 -2.276779e+00 8.731801e-01 -8.823145e-01 -6.161268e-01 9.718230e-02 -3.672940e-01 2.533873e-01 9.883499e-02 7.931713e-02 2.734816e-02 -2.065025e-02 1.831498e-01 8.708765e-02 1.383092e-01 4.152584e-01 3.114958e-01 3.231911e-01 8.941968e-02 2.019422e-01 -4.575546e-02 -9.886911e-02 -1.332714e-01 -5.636973e-02 -1.513315e-01 -6.769397e-02 2.051742e-03
<VARIANCE> 39
 1.389432e+01 1.704313e+01 2.218954e+01 2.682856e+01 2.561560e+01 2.625480e+01 1.938254e+01 1.700483e+01 1.448787e+01 1.315715e+01 1.455157e+01 1.033114e+01 3.824081e-02 1.807501e+00 2.261132e+00 2.266586e+00 2.810691e+00 2.139310e+00 2.657493e+00 2.138193e+00 2.010333e+00 1.660851e+00 1.606558e+00 1.451116e+00 1.222166e+00 2.652124e-03 3.865514e-01 3.814168e-01 4.785930e-01 4.686187e-01 4.085954e-01 5.114256e-01 4.051819e-01 3.847369e-01 3.465964e-01 3.381072e-01 3.449732e-01 2.719134e-01 6.000639e-04
<GCONST> 8.615691e+01
<MIXTURE> 8 6.534948e-02
<MEAN> 39
 -2.275940e+01 3.421789e+00 -9.564376e+00 -2.732196e+00 -5.832120e+00 -4.991574e+00 -1.056684e+00 -4.667527e+00 -4.600571e+00 -5.622867e+00 -3.137240e+00 -2.816547e+00 5.138671e-01 -4.561083e+00 1.875830e-01 -1.799561e+00 1.599538e+00 1.809935e+00 2.796303e+00 1.815612e+00 1.863096e+00 1.571619e+00 1.693965e+00 2.256838e+00 3.020504e-01 8.287742e-04 8.287087e-01 -7.661167e-01 6.796502e-02 -8.239064e-01 -4.704973e-01 -3.659858e-01 -3.244297e-01 2.118328e-01 6.371646e-02 4.514980e-01 -3.432868e-01 4.499080e-01 1.871099e-02
<VARIANCE> 39
 1.038459e+01 1.565022e+01 1.282103e+01 1.345150e+01 1.937274e+01 2.339566e+01 2.433146e+01 1.831475e+01 2.140077e+01 1.675003e+01 1.567832e+01 1.358479e+01 1.649748e-02 1.434010e+00 1.937148e+00 2.308670e+00 2.593681e+00 2.861490e+00 3.067462e+00 2.750777e+00 3.465500e+00 2.743145e+00 2.729094e+00 2.497368e+00 2.279151e+00 1.360848e-03 2.308693e-01 4.276018e-01 3.911375e-01 3.962504e-01 4.596635e-01 5.478012e-01 6.158733e-01 5.689907e-01 5.262135e-01 5.191331e-01 4.603079e-01 4.104035e-01 1.099468e-04
<GCONST> 8.697622e+01
<MIXTURE> 9 7.240099e-02
<MEAN> 39
 -2.888854e+01 2.214702e-01 -8.426881e+00 -1.058602e+01 1.993602e+00 -8.897867e+00 1.140710e+00 2.162404e+00 -2.738675e+00 2.780024e-01 -3.387987e+00 1.421858e+00 6.306487e-01 -1.953465e+00 -5.468591e-02 -1.150887e+00 -4.674099e-01 4.863092e-01 3.935846e-01 4.933290e-01 3.491894e-01 4.097624e-02 2.397153e-01 2.259629e-01 1.724696e-01 3.307497e-02 1.380809e+00 -5.187280e-02 5.297055e-01 2.048488e-01 -4.737874e-01 -1.529763e-01 -6.995049e-01 -3.371030e-01 -2.850375e-03 3.388077e-03 -3.679181e-02 -2.306081e-01 -4.157833e-03
<VARIANCE> 39
 5.092736e+00 1.105602e+01 1.172249e+01 1.369260e+01 1.463642e+01 1.383877e+01 1.717967e+01 1.824152e+01 1.654909e+01 1.421479e+01 1.234287e+01 1.160380e+01 1.261173e-02 1.061434e+00 1.055329e+00 1.274829e+00 1.011526e+00 1.275617e+00 1.598376e+00 1.563771e+00 1.723083e+00 1.671904e+00 1.403187e+00 1.169700e+00 1.218574e+00 3.623264e-04 1.505538e-01 1.985763e-01 2.590062e-01 2.318990e-01 2.761686e-01 3.410093e-01 3.520944e-01 3.556843e-01 4.165355e-01 3.798199e-01 3.143995e-01 2.687088e-01 1.006753e-04
<GCONST> 6.897101e+01
<MIXTURE> 10 6.749381e-02
<MEAN> 39
 -2.694106e+01 1.601599e+00 -1.285679e+01 -1.620980e+00 -6.130677e+00 -4.136899e-01 -3.544293e-01 -1.634709e-01 -1.517258e+00 -1.347844e+00 2.344233e-01 -7.248610e-01 5.361878e-01 -2.237664e+00 -4.092823e-01 -1.255584e+00 5.488449e-01 6.437684e-01 1.597033e+00 8.743269e-01 1.537970e+00 1.321867e+00 1.564389e+00 1.255480e+00 8.017570e-01 2.294787e-02 1.274662e+00 -1.871334e-01 4.306772e-01 -6.186455e-01 -5.135806e-01 -9.117538e-01 -4.744952e-01 -5.594920e-01 -3.754663e-01 -3.767769e-01 -6.408675e-01 4.341310e-02 6.401573e-03
<VARIANCE> 39
 6.198731e+00 1.451115e+01 9.113309e+00 1.319362e+01 1.235559e+01 1.458492e+01 1.461138e+01 1.409799e+01 1.385317e+01 1.223369e+01 1.179169e+01 1.074452e+01 2.122022e-02 1.405879e+00 1.475996e+00 1.350337e+00 1.482350e+00 1.722077e+00 1.876049e+00 1.804047e+00 1.854883e+00 1.716251e+00 1.955803e+00 1.662860e+00 1.394185e+00 1.050823e-03 1.430467e-01 3.056204e-01 3.041517e-01 3.566732e-01 3.880974e-01 3.947215e-01 3.841052e-01 4.541107e-01 4.103392e-01 4.068564e-01 3.941381e-01 3.581177e-01 2.076323e-04
<GCONST> 7.540648e+01
<MIXTURE> 11 7.693511e-02
<MEAN> 39
 -1.000986e+01 -7.980635e-01 -5.062727e+00 -9.749942e+00 -2.421710e+00 -9.779249e+00 -6.787124e+00 -1.129351e+00 1.600474e+00 1.988568e+00 -6.211820e+00 -2.565828e+00 5.911161e-01 -5.731452e+00 2.816208e+00 -5.087914e-02 7.388297e-01 2.483017e+00 5.751803e-01 2.757165e+00 7.070034e-01 -3.812760e-01 -9.371369e-01 5.620803e-01 1.517831e+00 -4.429622e-02 -9.022625e-01 -6.323754e-01 -2.439283e-01 -2.980846e-01 -1.955568e-01 4.033615e-01 1.232103e-02 2.779290e-01 -2.944936e-01 -1.787051e-01 4.999826e-01 -1.033656e-02 1.745880e-02
<VARIANCE> 39
 1.359397e+01 1.612489e+01 2.265782e+01 2.091151e+01 1.844846e+01 3.193269e+01 3.830598e+01 2.920544e+01 1.949701e+01 2.264574e+01 1.973468e+01 1.830037e+01 1.387556e-02 1.664843e+00 2.731274e+00 3.425224e+00 3.666106e+00 2.986742e+00 4.927716e+00 5.766583e+00 4.671631e+00 3.455302e+00 3.366950e+00 3.416391e+00 2.719112e+00 1.209422e-03 2.307455e-01 2.800939e-01 2.843492e-01 3.090728e-01 3.230652e-01 4.301037e-01 5.097088e-01 4.643179e-01 3.589672e-01 3.661762e-01 3.277304e-01 2.953182e-01 1.016691e-04
<GCONST> 9.017738e+01
<MIXTURE> 12 8.378566e-02
<MEAN> 39
 -1.992583e+01 1.205331e+00 -4.288376e+00 -8.571775e+00 1.065912e+00 -6.692909e+00 -1.732059e+00 1.227665e+00 -1.031794e-01 -2.590062e-01 -3.325783e+00 -2.173487e-02 5.119444e-01 -6.007469e+00 1.019616e+00 -6.625869e-01 2.720245e-02 1.493057e+00 5.432740e-01 1.685556e+00 7.326005e-01 -4.871098e-01 -7.468512e-01 8.559170e-01 1.038519e+00 -5.984935e-03 5.654755e-01 -8.551008e-01 -3.168643e-01 -4.778575e-01 -6.072319e-01 1.654068e-02 -6.475848e-01 -1.080111e-01 -1.689181e-01 1.660426e-01 7.087697e-02 -3.496231e-01 2.518902e-02
<VARIANCE> 39
 1.358674e+01 1.466907e+01 1.935300e+01 1.840654e+01 1.566283e+01 2.275507e+01 3.060670e+01 1.983415e+01 1.673181e+01 1.714412e+01 1.511357e+01 1.262396e+01 1.280414e-02 1.181072e+00 2.027094e+00 2.555192e+00 3.339699e+00 2.323219e+00 4.124462e+00 4.583322e+00 3.732877e+00 2.952869e+00 2.828838e+00 3.002599e+00 2.277763e+00 1.097985e-03 3.084149e-01 3.127418e-01 3.702163e-01 3.529973e-01 3.547736e-01 5.585176e-01 6.111848e-01 5.076599e-01 4.387790e-01 4.485019e-01 4.252919e-01 3.209765e-01 7.757899e-05
<GCONST> 8.678815e+01
<MIXTURE> 13 5.112603e-02
<MEAN> 39
 -2.507507e+01 -2.675529e+00 -6.872020e+00 -1.082229e+01 -4.315740e-01 -6.474479e+00 -2.260241e+00 2.095060e+00 -1.963877e+00 -9.772758e-01 -2.257231e+00 3.517715e-01 5.268051e-01 -2.999713e+00 -2.985827e-01 -1.258642e+00 -9.986417e-01 9.210288e-02 3.913909e-02 3.193412e-02 -1.510286e-02 -5.534321e-01 -2.342558e-01 2.579749e-01 1.652574e-01 2.497733e-02 1.265822e+00 -8.136959e-02 1.713229e-01 2.983943e-02 -3.405529e-01 -9.887461e-02 -4.458303e-01 -2.670210e-01 6.973338e-02 2.143109e-01 -1.512381e-01 -2.920396e-01 1.052001e-02
<VARIANCE> 39
 6.442925e+00 1.001454e+01 1.621058e+01 1.843921e+01 1.519425e+01 1.966669e+01 2.190682e+01 2.016163e+01 1.663983e+01 1.625402e+01 1.382703e+01 1.335411e+01 1.241269e-02 1.692371e+00 9.081377e-01 1.177787e+00 1.212276e+00 1.250534e+00 1.739078e+00 2.029982e+00 1.665989e+00 1.776879e+00 1.544388e+00 1.475784e+00 1.299889e+00 3.944727e-04 1.638327e-01 2.427757e-01 2.938389e-01 3.651553e-01 2.913035e-01 4.756666e-01 5.420315e-01 4.925182e-01 4.332486e-01 4.411916e-01 3.804769e-01 3.401767e-01 1.025795e-04
<GCONST> 7.473066e+01
<MIXTURE> 14 5.117033e-02
<MEAN> 39
 -2.983326e+01 6.363361e-01 -1.876091e+00 -1.227085e+01 3.427375e+00 -3.170254e+00 -3.847481e+00 5.065197e+00 -2.157258e+00 -9.261550e-01 -1.091805e+00 -6.819190e-01 6.209103e-01 -3.213322e+00 -2.348989e-01 -1.134621e+00 -5.071218e-01 9.609490e-01 1.012060e+00 1.079721e+00 9.695468e-01 6.638677e-02 2.303944e-01 4.669380e-01 3.083488e-01 3.577622e-02 1.720927e+00 -4.677861e-01 -9.882064e-02 1.873687e-01 -9.048373e-01 -5.137238e-01 -5.461724e-01 -6.336320e-01 -4.975040e-02 8.584803e-02 -2.133592e-01 -1.743802e-01 4.098379e-04
<VARIANCE> 39
 7.728207e+00 1.356504e+01 1.809379e+01 1.543189e+01 2.078029e+01 1.973754e+01 1.806479e+01 1.565170e+01 1.822056e+01 1.854042e+01 1.360013e+01 1.241618e+01 1.693658e-02 2.108119e+00 1.529447e+00 1.846850e+00 1.624467e+00 1.871040e+00 2.082274e+00 2.131929e+00 1.751453e+00 2.168714e+00 2.035778e+00 1.636715e+00 1.379916e+00 6.978730e-04 1.908865e-01 2.827367e-01 3.643929e-01 3.505817e-01 3.606671e-01 4.511246e-01 4.347545e-01 4.140986e-01 4.532397e-01 4.320571e-01 3.528329e-01 3.175172e-01 1.654850e-04
<GCONST> 7.944141e+01
<MIXTURE> 15 4.741457e-02
<MEAN> 39
 -1.891676e+01 -5.532446e+00 -4.864875e+00 -8.948497e+00 -2.603757e+00 -4.282059e+00 -3.236273e+00 3.997535e-01 -1.265981e+00 -1.358146e+00 -1.763607e+00 -8.844323e-01 3.662707e-01 -4.541328e+00 -2.624475e-01 -1.098214e+00 -2.277069e+00 1.158315e+00 2.225391e-01 2.677761e-01 1.729769e+00 1.309276e+00 2.922021e-01 8.665011e-01 8.541490e-01 6.430200e-02 2.232860e-01 5.952620e-01 2.001990e-02 1.683320e-01 -2.545669e-01 -3.152645e-01 -1.295058e-01 -3.158730e-01 -3.855339e-01 6.394750e-03 -1.757082e-01 -1.028698e-01 2.116507e-02
<VARIANCE> 39
 2.165414e+01 1.800522e+01 4.966936e+01 2.735634e+01 2.926996e+01 3.197405e+01 3.171440e+01 2.831539e+01 2.586669e+01 1.856252e+01 1.662344e+01 1.424575e+01 2.323930e-02 3.109112e+00 2.567433e+00 5.871168e+00 4.007058e+00 4.118502e+00 4.189651e+00 3.967183e+00 4.305022e+00 3.872843e+00 3.461686e+00 3.248253e+00 2.809587e+00 2.702226e-03 6.334127e-01 4.133741e-01 1.050342e+00 7.818821e-01 7.298152e-01 6.900239e-01 8.462249e-01 7.074488e-01 6.473110e-01 6.363446e-01 5.260630e-01 4.446220e-01 3.326267e-04
<GCONST> 1.031087e+02
<MIXTURE> 16 6.412226e-02
<MEAN> 39
 -2.843408e+01 2.408168e+00 -1.312375e+01 -4.887396e+00 -2.439730e+00 -5.552053e+00 3.851422e+00 -2.096932e+00 9.071865e-01 -1.360932e+00 2.552875e-01 9.573274e-01 5.970587e-01 -1.518990e+00 1.063272e-01 -1.099204e+00 1.535372e-01 1.474059e-01 5.505883e-01 3.874119e-01 2.763309e-01 4.732402e-01 4.060561e-01 6.108825e-01 2.963590e-01 2.949166e-02 1.244538e+00 -1.619838e-01 6.767120e-01 -1.889729e-01 -2.815749e-01 -4.792313e-01 -7.220982e-01 -1.756975e-01 -4.290016e-01 -1.820291e-01 -5.313349e-01 -2.110333e-01 -4.849312e-03
<VARIANCE> 39
 6.621152e+00 1.169107e+01 9.558713e+00 1.136445e+01 1.663288e+01 1.452496e+01 1.212769e+01 1.255366e+01 1.382626e+01 1.276295e+01 1.035751e+01 1.063915e+01 1.637476e-02 1.345521e+00 1.443899e+00 1.344421e+00 1.618433e+00 1.659704e+00 1.716550e+00 1.465782e+00 1.614285e+00 1.570243e+00 1.484869e+00 1.330931e+00 1.061105e+00 7.139182e-04 2.156350e-01 2.616998e-01 2.920086e-01 2.801385e-01 3.855793e-01 3.591771e-01 3.408279e-01 3.928893e-01 3.795141e-01 3.768082e-01 3.061881e-01 2.947583e-01 1.762113e-04
<GCONST> 7.192754e+01
<STATE> 3
<NUMMIXES> 16
<MIXTURE> 1 9.057369e-02
<MEAN> 39
 -2.735463e+01 -1.198183e+00 -1.088395e+01 -1.051326e+01 -2.085993e+00 -8.432889e+00 -1.057870e+00 -4.900823e-01 -2.534959e+00 -4.074298e-01 -2.493266e+00 9.886157e-01 5.608922e-01 -5.121789e-01 4.160261e-01 -3.991478e-02 9.905840e-02 3.980472e-01 1.545592e-01 3.751904e-02 -3.405530e-02 2.592490e-02 1.305576e-01 2.185044e-02 3.744038e-02 1.129172e-02 4.354290e-01 6.330229e-02 4.850185e-01 3.478125e-01 2.286197e-01 2.735126e-01 2.510805e-02 1.263032e-01 1.370760e-01 1.993568e-02 1.664024e-02 -9.800425e-02 -1.096012e-02
<VARIANCE> 39
 7.156491e+00 1.150169e+01 1.568745e+01 1.862019e+01 1.843913e+01 1.956401e+01 1.860008e+01 1.825729e+01 1.668979e+01 1.598243e+01 1.310086e+01 1.222128e+01 1.528455e-02 6.023183e-01 9.255539e-01 1.029416e+00 1.114057e+00 1.230670e+00 1.349456e+00 1.403261e+00 1.448863e+00 1.399519e+00 1.321836e+00 1.278946e+00 1.141446e+00 7.090303e-04 2.105121e-01 1.791869e-01 2.167040e-01 1.992385e-01 2.236454e-01 2.764813e-01 2.685621e-01 2.928475e-01 3.071143e-01 3.058882e-01 2.533334e-01 2.466866e-01 1.167184e-04
<GCONST> 6.853374e+01
<MIXTURE> 2 4.745930e-02
<MEAN> 39
 -3.094936e+01 1.050725e-01 -1.381750e+00 -1.395730e+01 2.531289e+00 -2.732171e+00 -5.993935e+00 4.799774e+00 -1.723012e+00 -1.598387e+00 -5.754678e-01 -9.525496e-01 6.649668e-01 -9.607776e-01 5.985131e-01 5.581745e-02 7.121541e-02 5.490187e-01 2.172320e-01 5.421173e-02 1.194478e-01 4.073787e-03 1.071296e-01 4.743959e-02 1.275870e-02 1.452436e-02 1.204734e+00 -4.437285e-01 -5.378255e-02 5.638658e-01 -5.220062e-01 -8.517272e-02 9.445360e-02 -4.324481e-01 1.072384e-01 1.047507e-01 -1.419681e-01 1.590542e-02 -2.367822e-02
<VARIANCE> 39
 8.273726e+00 2.054848e+01 1.945059e+01 1.838593e+01 2.640449e+01 2.845025e+01 1.812288e+01 2.099452e+01 2.267209e+01 1.874728e+01 1.577987e+01 1.124657e+01 1.660699e-02 1.318978e+00 2.024743e+00 2.510935e+00 1.550903e+00 2.245604e+00 3.122335e+00 2.272992e+00 2.128477e+00 2.255915e+00 2.002155e+00 1.665446e+00 1.359044e+00 1.313829e-03 4.667483e-01 3.339249e-01 3.649225e-01 3.949159e-01 4.002260e-01 4.654213e-01 3.735911e-01 4.204517e-01 4.129324e-01 3.824234e-01 3.505285e-01 2.782606e-01 2.328548e-04
<GCONST> 8.407859e+01
<MIXTURE> 3 5.034875e-02
<MEAN> 39
 -3.038981e+01 5.233045e+00 -1.190955e+01 -4.624701e+00 1.651142e+00 -6.332055e+00 4.231721e+00 -1.428201e+00 4.500019e-01 -4.455765e-01 -1.276107e+00 9.373953e-01 7.066886e-01 -1.427271e-01 3.168101e-01 1.399398e-01 3.834830e-01 2.892180e-01 2.386711e-01 1.795532e-01 1.322029e-01 1.016092e-01 1.064532e-01 8.376697e-02 5.914700e-02 6.926548e-03 2.825905e-01 -2.104062e-01 1.953775e-01 -2.168988e-01 -1.566831e-01 -1.773754e-01 -2.492476e-01 3.705876e-02 -9.102775e-02 -1.652227e-02 -7.277834e-02 2.158819e-02 -7.234242e-03
<VARIANCE> 39
 3.529716e+00 1.275753e+01 8.718772e+00 1.339576e+01 1.144286e+01 1.285346e+01 1.178510e+01 1.476037e+01 1.607066e+01 1.221183e+01 1.173824e+01 9.059444e+00 1.465420e-02 2.947921e-01 6.529380e-01 7.085721e-01 9.456738e-01 1.068786e+00 1.114141e+00 1.039402e+00 1.004862e+00 1.174105e+00 1.102926e+00 1.075629e+00 1.022940e+00 2.588864e-04 1.113242e-01 1.187222e-01 1.513377e-01 1.642420e-01 1.747394e-01 2.257405e-01 2.255807e-01 2.597723e-01 2.441990e-01 2.098703e-01 2.246684e-01 1.850034e-01 4.718708e-05
<GCONST> 5.617894e+01
<MIXTURE> 4 6.346313e-02
<MEAN> 39
 -2.876011e+01 8.799627e-01 -1.150432e+01 -8.162102e+00 -7.434296e-02 -8.737906e+00 3.190928e+00 -8.446196e-01 -2.117641e-01 -4.077944e-01 -2.685762e+00 1.956869e+00 6.144633e-01 1.037168e+00 -8.276968e-01 6.275696e-01 -4.910462e-01 -3.426265e-01 -3.747734e-01 -5.814848e-01 2.091645e-01 -9.370125e-02 1.207789e-01 -3.376302e-01 -1.708753e-01 -2.455815e-02 1.048531e+00 -1.515315e-01 5.280318e-01 5.656362e-02 -1.915971e-01 3.033052e-02 -6.824565e-01 -7.697789e-02 -1.230601e-01 2.719367e-02 -4.513030e-02 -3.277485e-01 -1.025551e-02
<VARIANCE> 39
 6.154549e+00 9.394312e+00 9.476195e+00 1.305507e+01 1.278339e+01 1.406040e+01 1.417133e+01 1.592065e+01 1.569488e+01 1.336107e+01 1.267846e+01 1.030474e+01 1.471765e-02 9.068576e-01 1.075446e+00 1.277038e+00 1.481266e+00 1.704367e+00 1.384314e+00 1.473575e+00 1.760977e+00 1.559802e+00 1.411438e+00 1.238192e+00 1.202610e+00 6.691824e-04 3.111249e-01 1.896663e-01 2.618283e-01 3.045834e-01 2.792451e-01 3.357920e-01 3.351686e-01 3.415584e-01 3.394407e-01 3.077743e-01 3.013193e-01 2.491390e-01 2.465124e-04
<GCONST> 7.041503e+01
<MIXTURE> 5 5.173036e-02
<MEAN> 39
 -3.097241e+01 6.052898e-01 -2.414278e+00 -1.304903e+01 2.759090e+00 -1.174011e+00 -5.897402e+00 4.530762e+00 -6.349606e-01 -6.120139e-01 2.170845e-01 -5.513556e-02 6.723456e-01 -5.452022e-02 1.131728e-01 1.411111e-01 1.088973e-01 2.138337e-01 1.656526e-01 2.777123e-02 8.297265e-02 9.892996e-02 3.851085e-02 7.123777e-02 3.480229e-03 2.984646e-03 2.032276e-01 -1.645677e-01 1.131820e-02 2.024198e-02 -1.771404e-01 -1.854772e-01 3.015145e-02 -9.690797e-02 -9.166782e-02 -1.174599e-01 -1.589932e-01 -6.868270e-02 -5.989209e-03
<VARIANCE> 39
 6.058512e+00 1.925181e+01 1.551584e+01 1.374222e+01 2.481008e+01 2.231111e+01 1.525336e+01 1.729399e+01 1.910900e+01 1.995761e+01 1.322528e+01 1.205248e+01 1.577813e-02 2.819586e-01 6.589242e-01 7.222480e-01 8.130215e-01 1.038466e+00 1.222367e+00 1.103179e+00 1.023597e+00 1.338861e+00 1.278250e+00 1.125298e+00 1.065299e+00 2.129369e-04 7.710250e-02 1.359937e-01 1.523703e-01 1.837705e-01 2.085633e-01 2.374211e-01 2.074779e-01 2.185552e-01 2.620871e-01 2.811954e-01 2.054763e-01 2.135673e-01 3.765733e-05
<GCONST> 6.081163e+01
<MIXTURE> 6 7.989503e-02
<MEAN> 39
 -2.906636e+01 5.113923e+00 -1.387524e+01 -6.826535e-01 -3.807568e+00 -2.788019e+00 2.087868e+00 -2.204855e+00 7.302176e-01 -2.481976e+00 5.251980e-01 -4.210829e-01 6.607832e-01 1.341909e-02 6.847412e-02 2.711552e-01 -1.568286e-01 3.775705e-01 -2.405780e-01 2.067044e-01 -6.777006e-02 1.143613e-01 4.087687e-02 -2.820643e-02 4.727425e-02 -7.430634e-03 6.145352e-01 -4.848242e-01 4.469676e-01 -4.464406e-01 1.184679e-01 -2.357226e-01 -2.140354e-01 1.248619e-01 -1.773965e-01 1.369838e-01 -1.779927e-01 4.774039e-02 -2.070524e-02
<VARIANCE> 39
 5.537560e+00 1.544302e+01 8.284866e+00 1.344361e+01 1.560451e+01 1.666556e+01 1.486166e+01 1.320364e+01 1.384994e+01 1.222192e+01 1.253835e+01 9.663009e+00 1.714774e-02 9.336004e-01 1.764076e+00 1.440092e+00 2.174936e+00 2.169725e+00 2.471791e+00 1.605882e+00 1.673877e+00 1.494005e+00 1.425868e+00 1.305087e+00 1.149650e+00 1.690730e-03 2.076637e-01 2.518570e-01 2.654217e-01 2.770307e-01 3.405530e-01 3.211062e-01 2.908670e-01 3.267295e-01 3.235458e-01 2.869412e-01 2.883902e-01 2.321492e-01 2.514533e-04
<GCONST> 7.313367e+01
<MIXTURE> 7 6.498346e-02
<MEAN> 39
 -3.056646e+01 7.352271e-01 -4.974077e+00 -1.343987e+01 4.656277e+00 -5.880747e+00 -3.393561e+00 5.739471e+00 -3.367404e+00 1.131869e-01 -1.805718e+00 -2.565407e-01 6.802167e-01 -3.746702e-01 2.248496e-01 -5.173774e-02 -9.058549e-02 2.340658e-01 1.716026e-01 -9.172639e-02 7.453822e-02 6.241557e-02 1.106801e-01 3.381039e-02 -2.680327e-02 1.134269e-02 6.735651e-01 -1.703106e-01 2.255056e-01 2.357662e-01 -3.405868e-01 -2.495471e-02 -1.339707e-01 -3.451095e-01 9.855573e-02 -3.345783e-02 -2.474872e-02 -1.975137e-02 -1.364499e-02
<VARIANCE> 39
 6.353364e+00 1.291468e+01 1.236912e+01 1.237401e+01 1.596842e+01 2.039432e+01 1.535638e+01 1.318324e+01 1.392885e+01 1.547469e+01 1.421314e+01 1.142758e+01 1.413368e-02 4.394295e-01 8.285007e-01 1.119576e+00 1.024603e+00 1.006276e+00 1.504981e+00 1.413575e+00 1.326329e+00 1.283116e+00 1.411896e+00 1.222756e+00 1.028667e+00 4.134203e-04 1.859981e-01 1.862349e-01 2.027737e-01 1.789860e-01 2.201814e-01 2.990646e-01 2.571276e-01 2.384416e-01 2.938173e-01 2.745306e-01 2.743166e-01 2.299480e-01 6.220001e-05
<GCONST> 6.446172e+01
<MIXTURE> 8 3.628232e-02
<MEAN> 39
 -2.749218e+01 7.836621e-01 -1.375369e+01 -3.125404e+00 -5.959960e+00 -1.550887e+00 7.519340e-01 -3.073407e-01 -3.741225e-02 -1.692482e+00 6.096509e-01 3.712982e-01 5.744808e-01 2.285262e+00 -4.851608e-01 8.965656e-01 -1.250341e+00 -8.479732e-01 -1.772328e+00 -6.683822e-01 -7.373693e-01 -2.556376e-01 -8.305034e-01 -7.140513e-01 -1.669922e-01 -1.486666e-02 1.493422e+00 -3.190240e-01 3.855273e-01 -6.831492e-01 -4.417278e-01 -9.445145e-01 -7.648178e-01 -3.295846e-01 -3.010610e-01 -1.587527e-01 -7.733331e-01 -1.410512e-01 1.072174e-02
<VARIANCE> 39
 6.681134e+00 1.379438e+01 9.254647e+00 1.286595e+01 1.423685e+01 1.698116e+01 1.657526e+01 1.313777e+01 1.463726e+01 1.266492e+01 1.113059e+01 1.016587e+01 1.504036e-02 1.752022e+00 9.957517e-01 1.227418e+00 1.329584e+00 1.484105e+00 2.040210e+00 1.879883e+00 1.689734e+00 1.591102e+00 1.792222e+00 1.579559e+00 1.174039e+00 9.364715e-04 1.737441e-01 2.948400e-01 3.267076e-01 3.663126e-01 3.781974e-01 4.082818e-01 4.517892e-01 4.103062e-01 4.654505e-01 4.268399e-01 4.163087e-01 3.767374e-01 2.173830e-04
<GCONST> 7.505750e+01
<MIXTURE> 9 7.714149e-02
<MEAN> 39
 -2.750220e+01 1.237896e+00 -1.355734e+01 -1.641935e+00 -6.127896e+00 -3.323097e-01 -1.393817e+00 -8.463187e-02 -1.732125e+00 -1.670413e+00 -6.125336e-01 -6.905398e-01 5.527714e-01 -5.011354e-02 3.022981e-02 -4.368106e-03 7.268581e-02 8.238383e-02 5.651667e-02 8.136113e-02 1.100375e-01 1.369845e-01 5.055134e-03 -1.346897e-03 1.736594e-02 1.337176e-03 9.561385e-02 -5.622985e-02 3.133167e-02 -1.314551e-01 3.087434e-02 -1.554034e-01 1.136786e-01 -1.024313e-03 1.312405e-01 6.985351e-02 9.824640e-02 9.563389e-02 -2.790967e-03
<VARIANCE> 39
 5.083690e+00 1.692206e+01 9.131789e+00 1.303931e+01 1.038998e+01 1.458747e+01 1.244366e+01 1.212335e+01 1.357030e+01 1.145487e+01 1.035934e+01 7.863796e+00 1.711952e-02 2.055105e-01 4.656751e-01 5.169410e-01 7.173532e-01 7.879927e-01 1.089111e+00 1.029045e+00 1.112754e+00 1.140721e+00 1.155097e+00 1.052930e+00 9.035558e-01 2.603818e-04 5.474257e-02 1.065448e-01 1.112094e-01 1.549065e-01 1.701627e-01 2.119070e-01 2.075661e-01 2.171525e-01 2.282921e-01 2.192476e-01 1.846182e-01 1.803326e-01 4.546697e-05
<GCONST> 5.292127e+01
<MIXTURE> 10 4.566103e-02
<MEAN> 39
 -2.819110e+01 -8.476440e-01 -7.687345e+00 -1.242007e+01 3.287061e+00 -8.952240e+00 -1.389757e+00 2.616364e+00 -3.022416e+00 2.201971e+00 -2.542034e+00 2.531939e-01 5.719305e-01 6.201171e-01 -6.396424e-01 -3.752614e-02 -1.771556e-01 -4.895756e-01 -1.476163e-01 -4.430985e-01 -2.776023e-02 -2.928990e-03 -2.702007e-02 8.810113e-02 -1.498560e-01 -1.947492e-02 3.223131e-01 -1.146559e-01 9.696627e-02 1.010093e-01 -9.197324e-02 1.337514e-01 -8.187488e-02 -4.675421e-02 2.085847e-02 -2.264124e-01 -4.822357e-02 -6.552486e-02 -9.365370e-03
<VARIANCE> 39
 5.513066e+00 1.033062e+01 1.034861e+01 1.423911e+01 1.651332e+01 1.396743e+01 1.770151e+01 1.512199e+01 1.248729e+01 1.225289e+01 1.248987e+01 1.030313e+01 1.858687e-02 3.206308e-01 5.074610e-01 7.557852e-01 7.848746e-01 1.039730e+00 1.038402e+00 1.309759e+00 1.315108e+00 1.419945e+00 1.357101e+00 1.138044e+00 1.109319e+00 3.035861e-04 9.758812e-02 1.016305e-01 1.255244e-01 1.476796e-01 1.942182e-01 2.088850e-01 2.326499e-01 2.060955e-01 2.604800e-01 2.559350e-01 2.347400e-01 2.047507e-01 4.618321e-05
<GCONST> 5.814712e+01
<MIXTURE> 11 1.002955e-01
<MEAN> 39
 -2.779225e+01 8.863362e-01 -1.375491e+01 -1.011646e+00 -6.463622e+00 1.129031e+00 -1.141906e+00 1.592168e+00 -6.160802e-01 4.097644e-01 8.996941e-01 5.909301e-01 5.570077e-01 -6.517506e-02 -9.601786e-02 -7.543052e-02 -6.389872e-02 -4.829085e-02 -1.725676e-02 2.442379e-02 1.327413e-02 1.040504e-01 2.445085e-03 3.395751e-02 6.612888e-02 3.420386e-03 5.040162e-01 1.444358e-02 2.510606e-01 -2.571770e-01 -5.646878e-02 -5.229468e-01 -8.226427e-02 -3.903627e-01 -2.033943e-01 -3.916297e-01 -2.911198e-01 -1.701226e-01 -5.248475e-03
<VARIANCE> 39
 4.582725e+00 1.500444e+01 8.816146e+00 1.319913e+01 1.002587e+01 1.189168e+01 1.295618e+01 1.169118e+01 1.234020e+01 1.102668e+01 1.084189e+01 8.308916e+00 1.904652e-02 5.056801e-01 9.109825e-01 7.451357e-01 1.235738e+00 9.979023e-01 1.193287e+00 1.217848e+00 1.237681e+00 1.313337e+00 1.279199e+00 1.098544e+00 1.042001e+00 6.676902e-04 1.957860e-01 1.860974e-01 1.991746e-01 2.442689e-01 2.618186e-01 2.709178e-01 2.857401e-01 2.567658e-01 2.723731e-01 2.831211e-01 2.557729e-01 2.141580e-01 1.371529e-04
<GCONST> 6.303368e+01
<MIXTURE> 12 7.419576e-02
<MEAN> 39
 -3.132832e+01 5.507684e+00 -7.582481e+00 -8.677242e+00 6.387197e+00 -8.277800e+00 2.798787e+00 1.453091e+00 -2.112175e+00 1.901726e+00 -2.945944e+00 2.204757e+00 7.183543e-01 -1.626662e-01 -1.667050e-01 2.173823e-01 -2.705536e-01 1.423481e-01 2.110703e-02 -2.092921e-01 2.800303e-01 -1.027371e-01 1.379422e-01 -6.027442e-02 -2.025441e-02 3.221115e-03 8.555920e-01 -6.049458e-01 2.174822e-01 -1.546655e-01 -6.325483e-01 6.301981e-02 -5.473750e-01 -1.030326e-01 5.364924e-03 -2.164438e-01 2.057168e-02 -2.836773e-01 -1.870832e-02
<VARIANCE> 39
 4.416111e+00 1.187600e+01 1.154980e+01 1.462391e+01 1.356958e+01 1.300859e+01 1.583102e+01 1.815878e+01 1.470944e+01 1.389443e+01 1.273743e+01 1.039002e+01 1.467307e-02 7.627868e-01 1.518593e+00 1.800469e+00 1.942706e+00 1.530584e+00 1.647012e+00 1.929412e+00 1.837234e+00 1.487318e+00 1.462533e+00 1.311714e+00 1.171229e+00 9.048019e-04 3.337103e-01 2.210889e-01 2.641800e-01 2.589859e-01 2.755713e-01 3.739333e-01 3.271776e-01 3.253930e-01 3.118467e-01 3.356005e-01 2.861518e-01 2.484134e-01 1.646851e-04
<GCONST> 7.195869e+01
<MIXTURE> 13 4.075770e-02
<MEAN> 39
 -3.055030e+01 3.293265e-01 -4.322810e+00 -1.356331e+01 3.922011e+00 -4.629172e+00 -3.690389e+00 5.072428e+00 -3.140267e+00 -3.469617e-01 -1.897825e+00 -7.057498e-01 6.619712e-01 8.535710e-01 -1.036540e+00 -2.343257e-01 -2.604807e-01 -1.023515e+00 -4.994734e-01 -3.245975e-01 -1.359078e-01 1.592605e-01 -1.540611e-01 -1.272380e-01 -2.023348e-01 -1.886671e-02 1.067821e+00 -2.732724e-01 1.345984e-01 1.884334e-01 -4.637834e-01 -1.681390e-01 -3.718908e-01 -3.962622e-01 1.993850e-01 6.444091e-02 -5.865917e-02 -1.256793e-01 -1.120522e-02
<VARIANCE> 39
 5.833147e+00 1.290087e+01 1.464337e+01 1.339589e+01 1.816545e+01 2.006062e+01 1.726547e+01 1.585850e+01 1.615532e+01 1.647152e+01 1.355965e+01 1.044797e+01 1.322204e-02 6.298948e-01 7.952115e-01 1.209640e+00 1.034599e+00 1.014378e+00 1.688960e+00 1.407000e+00 1.517571e+00 1.545392e+00 1.320315e+00 1.222638e+00 1.127481e+00 4.451216e-04 3.261671e-01 1.929908e-01 2.294770e-01 2.295856e-01 2.750849e-01 3.262860e-01 2.968697e-01 3.125204e-01 3.324716e-01 3.143635e-01 2.779313e-01 2.251893e-01 1.292285e-04
<GCONST> 6.866552e+01
<MIXTURE> 14 5.425123e-02
<MEAN> 39
 -2.746845e+01 5.678602e-01 -1.366513e+01 -5.863103e+00 -3.149812e+00 -6.385500e+00 2.019841e+00 -2.958261e+00 6.697099e-01 -1.604717e+00 -2.472357e-01 1.137244e+00 5.382867e-01 1.915484e-01 -2.996463e-01 7.590270e-03 -2.724415e-01 -1.716439e-01 -3.072207e-01 -2.380931e-01 -2.009992e-01 -1.991740e-01 -1.192258e-01 -1.555073e-01 -1.252761e-03 -7.236439e-03 1.888696e-01 -5.495458e-02 2.224200e-01 -3.472849e-02 6.112045e-02 -5.464531e-02 -4.704571e-02 1.190509e-01 -6.460090e-02 -2.101637e-02 -1.523410e-01 -9.325361e-02 -5.017546e-03
<VARIANCE> 39
 5.411053e+00 1.045230e+01 8.495069e+00 1.056646e+01 1.167157e+01 1.746498e+01 1.340490e+01 1.297221e+01 1.265103e+01 1.177957e+01 1.204879e+01 9.406027e+00 1.612095e-02 2.870709e-01 4.300066e-01 5.482119e-01 7.677597e-01 8.764005e-01 1.156562e+00 1.093749e+00 1.177188e+00 1.073815e+00 1.113497e+00 1.089257e+00 1.007867e+00 2.816477e-04 7.305755e-02 8.231336e-02 1.159921e-01 1.431478e-01 1.552880e-01 1.970908e-01 2.150076e-01 2.298839e-01 2.204855e-01 2.268068e-01 2.155614e-01 1.987260e-01 3.436733e-05
<GCONST> 5.356834e+01
<MIXTURE> 15 7.894935e-02
<MEAN> 39
 -2.964039e+01 2.230289e+00 -9.073603e+00 -8.614653e+00 3.746246e+00 -7.940435e+00 1.717538e+00 1.092191e+00 -2.304288e+00 9.800683e-01 -3.081787e+00 1.715723e+00 6.476610e-01 -2.847328e-02 -1.004070e-01 -3.223460e-02 -1.072680e-01 1.409300e-02 -3.980745e-02 -1.038046e-01 3.029390e-02 -3.768007e-02 3.199056e-03 -7.595749e-02 -1.002830e-01 8.845215e-04 1.659664e-01 -1.330616e-01 6.450976e-02 -1.578722e-01 -1.826330e-01 -8.345680e-02 -1.392765e-01 1.924428e-03 2.030209e-02 -3.923261e-02 4.181340e-03 -8.709503e-02 -4.667968e-03
<VARIANCE> 39
 5.058734e+00 1.287337e+01 9.596319e+00 1.257811e+01 1.315955e+01 1.267675e+01 1.363742e+01 1.775461e+01 1.502842e+01 1.154350e+01 1.125114e+01 1.003419e+01 1.502588e-02 1.866503e-01 3.894512e-01 5.087191e-01 7.272733e-01 7.828811e-01 8.403537e-01 9.663502e-01 1.196010e+00 1.085821e+00 1.080087e+00 1.041256e+00 9.700473e-01 1.491621e-04 7.107801e-02 9.156887e-02 1.110870e-01 1.353158e-01 1.592373e-01 1.757573e-01 2.071060e-01 2.424049e-01 2.376712e-01 2.245547e-01 2.162934e-01 2.040344e-01 2.772292e-05
<GCONST> 5.206266e+01
<MIXTURE> 16 4.395470e-02
<MEAN> 39
 -2.780141e+01 -2.389453e+00 -4.699658e+00 -1.470959e+01 1.421029e+00 -5.068485e+00 -6.673003e+00 2.945006e+00 -3.360735e+00 -2.011069e+00 -1.771401e+00 -2.211149e+00 5.460907e-01 1.894573e-01 -2.010327e-01 -3.136471e-02 -1.119301e-01 -1.491315e-01 -7.554135e-02 -2.815951e-01 -1.122757e-01 1.791788e-02 -1.406642e-01 -5.332735e-02 -1.621385e-01 -6.601632e-03 1.304948e-01 -9.352065e-02 5.384677e-02 8.735634e-02 5.283274e-03 5.420931e-02 1.450172e-01 6.515294e-02 2.024927e-01 1.630589e-01 9.513599e-02 1.318340e-01 -4.580937e-03
<VARIANCE> 39
 6.919976e+00 1.069158e+01 1.417614e+01 1.289848e+01 1.628952e+01 2.109981e+01 1.796222e+01 1.599130e+01 1.683805e+01 1.350714e+01 1.411893e+01 1.116009e+01 1.763112e-02 2.657721e-01 4.273872e-01 6.133004e-01 6.599681e-01 9.131367e-01 1.136148e+00 1.209645e+00 1.380409e+00 1.318126e+00 1.311060e+00 1.037080e+00 9.529766e-01 2.477343e-04 6.369400e-02 7.632396e-02 1.092520e-01 1.362615e-01 1.660377e-01 2.063331e-01 2.519246e-01 2.631301e-01 2.548473e-01 2.348169e-01 2.013965e-01 1.961085e-01 3.529858e-05
<GCONST> 5.691991e+01
<STATE> 4
<NUMMIXES> 16
<MIXTURE> 1 5.336252e-02
<MEAN> 39
 -2.717666e+01 7.439889e-01 -9.798258e+00 -4.383278e+00 -4.462500e-01 -1.068417e+01 2.050364e+00 1.080707e-01 -1.479717e-01 -1.725875e+00 -1.387868e+00 1.411627e+00 6.147816e-01 1.883305e+00 -1.315216e+00 1.386756e+00 -7.317228e-02 1.266666e+00 -4.157301e-01 -8.762116e-01 7.785884e-01 -1.961189e-01 5.489351e-01 -3.230408e-01 -1.504568e-01 -7.912976e-02 5.405685e-01 -2.810329e-01 1.195677e-01 1.387387e-01 -1.391768e-01 1.038068e+00 -3.876483e-01 2.996669e-05 -8.073907e-02 1.821299e-01 6.952456e-02 -2.224712e-01 -3.710973e-02
<VARIANCE> 39
 1.109445e+01 2.760709e+01 1.868632e+01 2.518677e+01 3.064019e+01 2.791318e+01 3.300300e+01 3.565422e+01 2.332094e+01 1.991654e+01 1.974043e+01 1.458233e+01 1.587866e-02 1.372185e+00 2.294935e+00 2.770588e+00 3.957542e+00 3.164288e+00 3.684642e+00 2.932574e+00 3.339074e+00 2.948605e+00 2.211191e+00 2.247576e+00 1.891387e+00 2.932465e-03 2.461105e-01 4.234523e-01 3.797198e-01 4.939497e-01 6.692127e-01 4.692987e-01 6.453970e-01 6.847866e-01 5.632480e-01 4.914801e-01 4.353250e-01 3.833998e-01 3.851544e-04
<GCONST> 9.396169e+01
<MIXTURE> 2 6.578489e-02
<MEAN> 39
 -1.925029e+01 -1.833890e+00 -4.752401e+00 -9.915163e+00 2.527593e-03 -7.796441e+00 -4.305270e+00 1.038637e+00 -8.753133e-01 5.553898e-01 -4.512218e+00 -2.081339e+00 4.980158e-01 6.645500e+00 -1.749704e+00 6.678936e-01 -3.847080e-01 -2.554384e+00 1.374697e-01 -3.075399e+00 -1.394614e+00 4.202478e-01 5.891955e-01 6.064095e-02 -1.658156e+00 2.855116e-02 3.691398e-01 -4.715273e-01 -2.252176e-01 -3.023604e-01 -5.350737e-01 3.566863e-01 -3.739465e-01 -1.033558e-01 6.389582e-02 1.552112e-02 3.824348e-01 -1.204539e-01 2.833115e-02
<VARIANCE> 39
 1.477624e+01 1.355427e+01 1.798236e+01 1.811108e+01 1.704214e+01 2.275814e+01 2.568282e+01 2.133728e+01 1.895754e+01 1.851346e+01 1.589278e+01 1.452391e+01 1.544061e-02 1.175953e+00 2.676321e+00 3.186014e+00 4.395065e+00 3.246518e+00 4.227285e+00 4.482767e+00 4.376398e+00 3.915034e+00 3.423133e+00 2.985031e+00 2.311562e+00 1.690798e-03 2.837583e-01 3.262862e-01 3.296331e-01 4.005101e-01 4.139374e-01 5.087906e-01 5.746859e-01 5.639841e-01 4.923134e-01 4.559042e-01 4.165759e-01 3.936942e-01 1.684657e-04
<GCONST> 9.060748e+01
<MIXTURE> 3 6.243797e-02
<MEAN> 39
 -2.163788e+01 -5.579726e+00 -4.398102e+00 -8.785780e+00 3.529864e+00 -6.721330e+00 -7.862456e+00 4.658730e+00 4.494465e-02 -5.035186e-01 -9.476505e-01 -1.342654e+00 4.284720e-01 2.745619e+00 -9.440087e-01 -1.934305e-01 1.782955e+00 -6.441244e-01 2.078828e+00 -2.381990e-01 -8.685824e-01 3.812946e-01 3.550590e-01 4.148728e-01 -1.457659e-01 -1.432766e-01 -1.791647e-01 4.060199e-01 -3.794666e-01 2.952817e-01 -4.732750e-01 3.904588e-01 8.092406e-01 -4.850272e-01 -2.558982e-01 8.700876e-02 -5.213355e-02 1.359384e-01 -1.134281e-02
<VARIANCE> 39
 1.988057e+01 2.496020e+01 2.235989e+01 3.140456e+01 3.925965e+01 3.545409e+01 3.599057e+01 3.323582e+01 3.310423e+01 2.774335e+01 2.044987e+01 1.713091e+01 3.363139e-02 1.196318e+00 2.270696e+00 2.572199e+00 2.322587e+00 3.266449e+00 2.906944e+00 3.442731e+00 3.010668e+00 2.522286e+00 2.506051e+00 2.111800e+00 1.827191e+00 3.148155e-03 4.203578e-01 4.509425e-01 5.052893e-01 7.081442e-01 8.317959e-01 7.386926e-01 5.451903e-01 6.701121e-01 7.100938e-01 6.516010e-01 4.894793e-01 3.973908e-01 7.463125e-04
<GCONST> 9.906921e+01
<MIXTURE> 4 6.079582e-02
<MEAN> 39
 -2.366141e+01 -2.662742e+00 -8.840123e+00 -6.843560e+00 -5.205261e+00 -4.965762e+00 6.511642e-01 -6.071239e-01 -1.086969e-01 -1.393885e+00 -9.757530e-01 5.022846e-01 4.678251e-01 4.845137e+00 -3.341929e-01 1.356232e+00 -9.548246e-01 -1.443259e+00 -2.043687e+00 -2.140902e+00 -1.387838e+00 -1.181251e+00 -7.584386e-01 -1.438350e+00 -6.326994e-01 2.933885e-03 1.028397e+00 -1.167072e-01 3.661857e-02 -4.834294e-01 -3.077687e-01 -3.882677e-01 -8.709422e-01 -1.985864e-01 -4.388964e-01 5.558029e-02 -3.926601e-01 -1.617002e-01 2.641540e-02
<VARIANCE> 39
 1.129753e+01 1.958369e+01 2.886058e+01 1.902397e+01 2.276475e+01 2.480168e+01 2.228941e+01 2.311350e+01 2.005924e+01 1.881249e+01 1.825137e+01 1.534043e+01 1.696264e-02 2.057804e+00 2.046350e+00 3.412137e+00 4.100683e+00 3.138678e+00 4.345391e+00 3.213920e+00 3.324081e+00 2.980808e+00 2.857137e+00 3.031039e+00 1.981606e+00 2.150112e-03 2.798813e-01 4.746846e-01 6.236781e-01 5.654365e-01 6.494763e-01 6.606746e-01 6.916970e-01 7.075685e-01 5.927951e-01 5.922264e-01 7.162109e-01 4.929736e-01 2.084144e-04
<GCONST> 9.512169e+01
<MIXTURE> 5 7.419899e-02
<MEAN> 39
 -2.296925e+01 -3.667776e+00 -9.141364e+00 -4.579558e+00 -5.315440e+00 -3.315470e+00 -6.641997e-01 -5.069795e-01 -5.123653e-01 -1.698892e-01 -2.655344e-01 -4.737363e-01 3.394824e-01 1.850913e+00 -7.650921e-01 4.535155e-01 7.890140e-02 2.732778e-01 -2.338256e-01 -2.477544e-02 -8.612333e-02 -1.004549e-01 7.177951e-02 -8.859823e-02 -1.406386e-01 -7.381383e-02 2.226902e-01 2.172830e-01 7.059664e-02 -2.023137e-01 2.452422e-01 -2.783426e-02 -2.433167e-01 -3.668296e-02 -1.209443e-01 -1.274122e-01 -1.602314e-01 3.193654e-03 8.312297e-03
<VARIANCE> 39
 1.556460e+01 2.466968e+01 2.743219e+01 2.470199e+01 2.165707e+01 2.043514e+01 1.958172e+01 1.650689e+01 1.840307e+01 1.530076e+01 1.256572e+01 1.180614e+01 3.785137e-02 1.603743e+00 2.160048e+00 2.706465e+00 2.774268e+00 2.847993e+00 2.667464e+00 2.482027e+00 2.225979e+00 2.185501e+00 1.880938e+00 1.547805e+00 1.558995e+00 3.588183e-03 3.999872e-01 3.955936e-01 3.987418e-01 5.207190e-01 4.295391e-01 4.514103e-01 5.403197e-01 4.651699e-01 4.327811e-01 3.810648e-01 2.980207e-01 3.026596e-01 8.661684e-04
<GCONST> 8.934666e+01
<MIXTURE> 6 4.256203e-02
<MEAN> 39
 -3.142904e+01 3.797402e+00 -4.286589e+00 -1.064667e+01 4.113443e+00 -5.168701e+00 -1.464963e+00 2.459087e+00 -3.399597e+00 1.163444e+00 -2.152107e+00 4.472094e-01 6.081761e-01 1.098889e+00 1.997033e-01 1.446544e+00 8.414692e-01 3.364419e-01 1.082816e+00 -2.215062e-01 -1.484450e-01 -3.250705e-02 3.985304e-01 2.534187e-01 -3.567408e-01 -9.612238e-02 9.857465e-01 -7.185842e-01 -1.819509e-01 4.296511e-01 -5.092319e-01 1.993978e-01 2.166097e-02 -1.278747e-01 2.351534e-01 -1.303129e-01 1.130871e-01 -7.988036e-03 -3.669171e-02
<VARIANCE> 39
 8.538742e+00 1.277288e+01 2.099759e+01 1.425844e+01 1.574359e+01 1.715846e+01 1.873200e+01 1.363521e+01 1.146360e+01 1.041939e+01 1.083951e+01 8.687860e+00 1.851386e-02 1.329183e+00 1.417371e+00 1.672142e+00 1.820631e+00 1.292672e+00 1.286328e+00 1.665150e+00 1.607720e+00 1.387787e+00 1.464671e+00 1.161034e+00 1.006928e+00 2.633021e-03 2.149018e-01 2.642695e-01 3.054192e-01 3.013672e-01 2.792298e-01 2.842452e-01 2.687567e-01 2.632976e-01 2.583933e-01 2.432132e-01 2.387674e-01 2.113025e-01 3.942405e-04
<GCONST> 7.268900e+01
<MIXTURE> 7 5.277431e-02
<MEAN> 39
 -7.118255e+00 -4.198861e+00 -6.449367e+00 -1.259774e+01 -5.175500e+00 -8.187630e+00 -1.096467e+01 -3.879866e+00 6.981389e-01 3.729789e+00 -3.924865e+00 -5.809795e+00 6.913387e-01 6.150216e+00 -2.997316e+00 6.490067e-02 -1.203057e+00 -2.814408e+00 5.682451e-01 -3.316166e+00 -1.051653e+00 9.560062e-01 9.117058e-01 5.845026e-01 -1.853540e+00 6.810856e-02 -1.233088e+00 -2.355992e-01 -2.618239e-01 -3.212707e-02 1.533296e-01 3.976932e-01 6.474983e-01 5.359012e-01 -3.762518e-02 -3.969448e-01 2.594211e-01 3.434871e-01 7.894370e-03
<VARIANCE> 39
 1.418064e+01 1.923445e+01 2.312422e+01 2.326943e+01 2.015121e+01 3.004787e+01 2.889042e+01 2.675640e+01 2.116971e+01 1.752599e+01 2.065090e+01 1.268701e+01 1.196077e-02 1.653425e+00 2.696618e+00 3.202212e+00 4.581109e+00 3.694473e+00 5.254227e+00 5.587642e+00 5.454412e+00 4.373694e+00 3.815373e+00 3.974992e+00 3.168584e+00 1.041410e-03 2.915851e-01 2.594907e-01 2.340228e-01 3.402601e-01 3.388338e-01 4.155231e-01 5.138944e-01 4.437450e-01 3.320172e-01 3.010007e-01 3.161965e-01 2.537115e-01 1.199891e-04
<GCONST> 9.032805e+01
<MIXTURE> 8 3.356315e-02
<MEAN> 39
 -2.011068e+01 1.263721e+00 -9.967522e+00 -5.236524e+00 -8.533325e+00 -6.506955e+00 -2.255934e+00 -3.331596e+00 -2.460739e+00 -5.080568e+00 -1.717739e+00 -6.917689e-01 5.382842e-01 5.705399e+00 -1.948331e+00 1.123912e+00 -3.505668e+00 -1.951323e+00 -4.020366e+00 -2.413851e+00 -1.043998e+00 -8.239813e-01 -8.724772e-01 -3.079092e+00 -3.184424e-03 5.180485e-02 3.102770e-01 -8.651660e-01 -2.526410e-02 -6.628104e-01 1.593592e-01 2.168251e-02 -3.116301e-02 4.981292e-01 -2.392046e-02 5.086927e-01 -5.329899e-01 1.512429e-01 2.113328e-02
<VARIANCE> 39
 1.781526e+01 1.097362e+01 1.357960e+01 1.046566e+01 2.009895e+01 2.440093e+01 1.969699e+01 1.902061e+01 2.302215e+01 1.448388e+01 1.229359e+01 1.258560e+01 1.370996e-02 1.203122e+00 2.369393e+00 3.550789e+00 2.735107e+00 3.610045e+00 3.454656e+00 3.842817e+00 3.648274e+00 3.839968e+00 3.597767e+00 2.966149e+00 3.071517e+00 1.590771e-03 3.769304e-01 2.714676e-01 3.558019e-01 3.625183e-01 4.618287e-01 5.781808e-01 5.768930e-01 4.614001e-01 4.948027e-01 4.411600e-01 3.741667e-01 3.660808e-01 1.414689e-04
<GCONST> 8.812367e+01
<MIXTURE> 9 7.004520e-02
<MEAN> 39
 -2.933019e+01 -4.816196e-01 -4.639039e+00 -1.379507e+01 4.451296e+00 -7.340248e+00 -4.402056e+00 5.596712e+00 -3.506956e+00 4.732330e-01 -1.515177e+00 -9.945633e-01 6.534425e-01 1.353300e+00 -1.673416e+00 1.532175e+00 -7.119783e-02 -7.919931e-01 1.590229e+00 -1.750416e+00 3.547898e-01 7.599857e-01 -7.274600e-01 6.408246e-01 -4.584693e-01 -4.584990e-02 7.772840e-01 -2.472177e-01 -8.153620e-02 8.570706e-01 -5.535458e-01 4.475833e-01 2.687121e-01 -6.612878e-01 3.468295e-01 -7.224784e-02 -4.484348e-02 1.441889e-01 -3.169319e-02
<VARIANCE> 39
 8.847455e+00 1.513462e+01 1.378472e+01 1.638060e+01 2.000022e+01 1.941088e+01 2.202695e+01 1.801825e+01 1.365795e+01 1.536850e+01 1.362846e+01 1.212653e+01 1.483357e-02 1.405758e+00 1.753726e+00 2.392355e+00 2.180988e+00 2.410138e+00 2.806514e+00 2.216879e+00 2.438306e+00 2.117792e+00 1.936154e+00 1.658288e+00 1.361329e+00 1.414629e-03 2.386401e-01 3.214715e-01 3.581702e-01 3.409941e-01 4.394857e-01 4.058993e-01 3.737749e-01 3.910954e-01 3.418044e-01 3.711616e-01 3.435730e-01 2.910607e-01 3.395911e-04
<GCONST> 8.132841e+01
<MIXTURE> 10 6.277902e-02
<MEAN> 39
 -2.516474e+01 -5.976478e+00 2.531456e+00 -8.753072e+00 -4.780222e+00 3.310770e+00 -4.548838e+00 -1.750555e+00 3.187893e+00 -1.087177e+00 -2.163912e+00 4.616832e-01 4.610521e-01 2.592558e+00 -1.132432e+00 -7.325178e-01 2.678268e+00 -1.022447e+00 -3.670129e-01 1.374080e+00 -1.113345e+00 -5.048159e-01 8.420001e-01 -1.142305e-01 -2.203053e-01 -1.118607e-01 3.301455e-01 2.314654e-01 -9.208615e-01 6.967292e-02 3.894042e-01 -8.915892e-01 3.068434e-02 4.005065e-01 -6.409657e-01 4.092206e-02 2.019203e-01 -1.466047e-01 -3.775198e-03
<VARIANCE> 39
 2.394217e+01 1.819233e+01 2.093522e+01 2.046004e+01 2.432471e+01 1.930102e+01 2.345363e+01 2.028284e+01 2.283228e+01 1.698453e+01 1.640305e+01 1.332856e+01 3.489460e-02 2.354896e+00 2.869015e+00 2.776546e+00 2.528252e+00 2.578170e+00 2.883931e+00 2.298540e+00 2.747996e+00 2.744300e+00 1.857012e+00 1.882995e+00 1.756298e+00 4.434549e-03 6.638830e-01 5.244243e-01 4.429976e-01 4.474854e-01 5.048747e-01 5.045548e-01 5.796946e-01 4.707891e-01 5.676852e-01 4.344009e-01 3.870861e-01 3.368886e-01 8.661184e-04
<GCONST> 9.340938e+01
<MIXTURE> 11 9.929653e-02
<MEAN> 39
 -2.347358e+01 -4.900019e+00 -7.536012e+00 -1.203293e+01 1.361968e-01 -7.497817e+00 -4.175241e+00 1.144736e+00 -1.927694e+00 -7.345487e-01 -2.084603e+00 -1.151409e+00 3.862680e-01 1.810448e+00 -1.093677e+00 -9.835320e-03 1.795613e-01 -2.781042e-01 2.020450e-01 -4.731694e-01 -1.704259e-01 1.453746e-01 -1.721007e-01 -7.002217e-02 -2.474834e-01 -6.069855e-02 2.516996e-01 9.760689e-02 -6.217639e-02 2.146745e-01 3.009078e-02 2.851571e-01 1.097546e-01 -1.531691e-02 7.015026e-02 3.574735e-02 1.505838e-02 8.146564e-03 -6.797519e-03
<VARIANCE> 39
 8.328348e+00 9.353045e+00 1.598147e+01 2.212354e+01 2.326072e+01 2.263692e+01 2.877130e+01 2.233113e+01 1.917313e+01 1.771198e+01 1.679942e+01 1.527971e+01 1.908352e-02 7.638099e-01 7.711536e-01 9.627171e-01 1.065424e+00 1.631154e+00 1.588895e+00 1.678905e+00 1.730934e+00 1.643669e+00 1.524730e+00 1.455489e+00 1.281438e+00 6.652002e-04 1.351398e-01 1.352076e-01 1.677441e-01 2.306608e-01 2.787368e-01 3.219083e-01 3.190632e-01 3.335190e-01 3.382006e-01 3.147907e-01 2.906392e-01 2.913792e-01 1.124723e-04
<GCONST> 7.208342e+01
<MIXTURE> 12 8.962490e-02
<MEAN> 39
 -2.938302e+01 -2.685919e+00 6.571241e-01 -1.372824e+01 -3.926412e-01 9.826849e-01 -8.295781e+00 3.700679e+00 1.524167e+00 -3.558717e+00 -2.480270e-02 -1.255284e-01 6.200092e-01 1.685667e+00 -1.418228e+00 7.627292e-01 1.345575e+00 -1.403487e+00 1.062737e+00 3.020388e-02 -1.267468e+00 1.024823e+00 -1.832042e-02 -2.999276e-01 2.103364e-01 -6.299922e-02 8.444858e-01 -1.278641e-01 -5.400741e-01 7.178971e-01 -1.362995e-01 -4.910621e-01 5.557229e-01 -3.766653e-01 -3.285260e-01 4.321167e-01 -1.705785e-01 -4.965233e-02 -2.424363e-02
<VARIANCE> 39
 1.335922e+01 1.551553e+01 1.714101e+01 1.634412e+01 1.811656e+01 1.924783e+01 1.908465e+01 2.007503e+01 2.010919e+01 1.472718e+01 1.379634e+01 1.223328e+01 1.831837e-02 2.503595e+00 2.226099e+00 2.321023e+00 1.928519e+00 2.676041e+00 2.700084e+00 2.205271e+00 2.190892e+00 2.356839e+00 1.914658e+00 1.661699e+00 1.490850e+00 2.579874e-03 3.581606e-01 3.537132e-01 3.471974e-01 4.033508e-01 3.547525e-01 4.349737e-01 4.394964e-01 4.369335e-01 4.221638e-01 3.308793e-01 3.358646e-01 2.964358e-01 5.120487e-04
<GCONST> 8.508914e+01
<MIXTURE> 13 4.779105e-02
<MEAN> 39
 -2.772071e+01 5.952216e+00 -5.899786e+00 -5.221418e+00 3.190308e+00 -4.584058e+00 1.375804e+00 -3.678502e-01 -1.099077e+00 8.391458e-01 -1.533786e+00 3.917945e-01 4.587920e-01 2.201994e+00 -1.356156e+00 1.219298e+00 6.819293e-01 -1.501193e-01 1.078741e+00 -5.051292e-01 4.486183e-02 1.034058e-01 2.547324e-01 1.345592e-01 -2.034331e-01 -1.481357e-01 4.580359e-01 -1.042338e+00 -3.403694e-01 -3.390164e-01 -6.976687e-01 5.011239e-03 -2.334605e-01 3.455584e-02 -6.409115e-02 -1.247103e-01 7.837696e-02 -5.444175e-03 2.459840e-03
<VARIANCE> 39
 1.295073e+01 1.391746e+01 2.049609e+01 2.078350e+01 1.727412e+01 1.353701e+01 1.176690e+01 1.315660e+01 1.350785e+01 1.189181e+01 9.096515e+00 7.866077e+00 2.270747e-02 1.356151e+00 2.139357e+00 2.353345e+00 2.832875e+00 2.386596e+00 1.777927e+00 1.889410e+00 1.811698e+00 1.644004e+00 1.374339e+00 1.223798e+00 1.095357e+00 3.855551e-03 2.588978e-01 3.798945e-01 3.737563e-01 4.403264e-01 3.783567e-01 3.508648e-01 2.837661e-01 3.084933e-01 3.467146e-01 3.127434e-01 2.388666e-01 2.166361e-01 7.030463e-04
<GCONST> 7.915368e+01
<MIXTURE> 14 5.553829e-02
<MEAN> 39
 -1.307899e+01 5.410455e-01 -4.363289e+00 -8.150599e+00 -7.069546e+00 -1.445080e+01 -6.921310e+00 -3.945521e+00 -3.013366e+00 -3.431863e+00 -6.493310e+00 -7.965223e-01 5.927145e-01 5.709283e+00 -2.125036e+00 1.768181e+00 -9.897676e-01 -2.893165e+00 -2.140591e+00 -3.417738e+00 -6.536978e-01 -8.718145e-01 -1.863663e-01 -1.155984e+00 -7.820862e-01 3.548578e-02 -6.801409e-01 -4.732572e-01 -2.360080e-01 -1.138164e-01 3.997198e-02 7.360732e-01 3.285116e-01 5.305822e-01 3.711959e-03 2.923189e-01 4.620168e-01 1.930611e-02 1.144555e-02
<VARIANCE> 39
 1.664570e+01 1.274556e+01 3.088873e+01 1.880601e+01 3.007471e+01 2.220679e+01 2.656790e+01 2.688109e+01 2.398980e+01 2.140687e+01 1.559752e+01 1.550843e+01 1.558527e-02 1.456127e+00 3.034296e+00 4.260202e+00 5.761137e+00 4.623649e+00 4.543675e+00 4.724035e+00 4.794401e+00 4.789531e+00 4.116668e+00 5.187752e+00 3.085734e+00 1.901197e-03 2.845162e-01 2.474792e-01 2.743799e-01 3.166473e-01 4.344504e-01 4.284102e-01 5.546641e-01 4.627215e-01 3.744031e-01 4.006529e-01 3.030401e-01 2.909453e-01 1.241189e-04
<GCONST> 9.292542e+01
<MIXTURE> 15 5.539659e-02
<MEAN> 39
 -2.864761e+01 -4.512987e-01 -5.859385e+00 -1.229072e+01 3.241422e+00 -8.042772e+00 -1.247855e+00 3.603747e+00 -2.617071e+00 9.618955e-01 -2.791419e+00 1.755255e-01 6.263027e-01 3.041461e+00 -9.776477e-01 9.229427e-01 2.044442e-01 -1.241854e+00 -6.148115e-01 -1.255774e+00 -6.359423e-01 -1.337893e-01 -1.710894e-01 -4.930379e-01 -7.522358e-01 -4.690874e-02 1.600508e+00 -1.934395e-01 2.021265e-01 2.432206e-01 -8.329550e-01 -2.323728e-02 -7.224733e-01 -6.176574e-01 -4.593168e-03 -1.051824e-01 -4.036561e-02 -2.979744e-01 2.936947e-03
<VARIANCE> 39
 8.589899e+00 1.581555e+01 1.397453e+01 1.584219e+01 1.674148e+01 2.048969e+01 2.331601e+01 2.094008e+01 1.570850e+01 1.827539e+01 1.422078e+01 1.318354e+01 1.562261e-02 1.742651e+00 1.642766e+00 2.046362e+00 1.903791e+00 2.106446e+00 2.206000e+00 2.541325e+00 2.258807e+00 2.129998e+00 1.741508e+00 1.560808e+00 1.386136e+00 7.725879e-04 2.229432e-01 3.468170e-01 3.596716e-01 3.995552e-01 4.234757e-01 5.199054e-01 4.547228e-01 5.462332e-01 4.713543e-01 4.755591e-01 4.076938e-01 2.977228e-01 1.806819e-04
<GCONST> 8.173502e+01
<MIXTURE> 16 7.401779e-02
<MEAN> 39
 -2.637128e+01 -1.304776e+00 -7.751180e+00 -1.107980e+01 2.705670e-01 -8.423394e+00 -9.804219e-01 1.578713e+00 -1.628411e+00 2.198419e-02 -3.944950e+00 3.729306e-01 5.705636e-01 4.899528e+00 -9.433376e-01 1.178421e+00 -8.219951e-02 -1.655730e+00 -8.257619e-01 -2.291134e+00 -1.051958e+00 2.697480e-01 3.508462e-01 -5.029752e-01 -1.164454e+00 -7.501952e-03 1.478717e+00 -5.331717e-01 2.347222e-01 -1.038503e-01 -6.819865e-01 1.708794e-01 -9.834957e-01 -2.204895e-01 1.067967e-01 1.688249e-01 2.423440e-01 -4.148920e-01 2.111472e-02
<VARIANCE> 39
 7.281846e+00 1.152295e+01 1.508473e+01 1.704099e+01 1.513977e+01 1.874938e+01 2.438614e+01 1.894351e+01 1.784639e+01 1.546161e+01 1.244382e+01 1.336330e+01 1.144423e-02 2.027801e+00 1.578869e+00 2.026696e+00 2.035044e+00 2.000585e+00 2.165012e+00 2.701879e+00 1.995162e+00 1.759127e+00 1.880833e+00 1.657612e+00 1.307166e+00 7.776720e-04 1.803712e-01 2.953812e-01 4.047884e-01 4.038765e-01 3.955576e-01 5.181102e-01 5.156617e-01 5.266033e-01 5.038986e-01 4.854963e-01 4.015478e-01 3.506682e-01 1.066263e-04
<GCONST> 8.009914e+01
<TRANSP> 5
 0.000000e+00 1.000000e+00 0.000000e+00 0.000000e+00 0.000000e+00
 0.000000e+00 7.256171e-01 2.743829e-01 0.000000e+00 0.000000e+00
 0.000000e+00 0.000000e+00 8.253691e-01 1.746309e-01 0.000000e+00
 0.000000e+00 0.000000e+00 0.000000e+00 6.892375e-01 3.107624e-01
 0.000000e+00 0.000000e+00 0.000000e+00 0.000000e+00 0.000000e+00
<ENDHMM>
