~o
<STREAMINFO> 1 39
<VECSIZE> 39<NULLD><MFCC_E_D_A><DIAGC>
~h "sh"
<BEGINHMM>
<NUMSTATES> 5
<STATE> 2
<NUMMIXES> 16
<MIXTURE> 1 5.758805e-02
<MEAN> 39
 -1.678910e+01 4.157654e-01 3.721578e+00 -1.350379e+01 -1.012207e+01 -9.729321e+00 -5.688944e+00 -6.810414e+00 -9.910470e+00 -5.659192e+00 -4.798125e+00 -4.017323e+00 5.746234e-01 -5.728395e+00 1.339491e+00 -1.746869e-01 1.690879e+00 3.780604e+00 2.663240e+00 1.334065e+00 1.764124e+00 1.672666e+00 3.919815e-01 1.947444e+00 -4.528760e-03 -1.447498e-02 -3.462289e-01 -8.218983e-01 -3.460706e-01 -4.327909e-01 1.410741e-01 3.268909e-01 3.652334e-01 8.475320e-01 4.927307e-01 8.317657e-01 1.967792e-01 4.459260e-01 2.082392e-02
<VARIANCE> 39
 1.714509e+01 1.486776e+01 2.184899e+01 2.119196e+01 2.957227e+01 2.247062e+01 1.984757e+01 2.200899e+01 1.823696e+01 2.377814e+01 1.813326e+01 1.403153e+01 1.224734e-02 1.469684e+00 2.900193e+00 3.750318e+00 3.614262e+00 3.039303e+00 3.911738e+00 2.957032e+00 4.364291e+00 3.360705e+00 3.714829e+00 3.188433e+00 2.550224e+00 9.876468e-04 3.141355e-01 2.710654e-01 3.900727e-01 3.662094e-01 5.180886e-01 4.836514e-01 4.354337e-01 4.844674e-01 3.609031e-01 4.345221e-01 3.541937e-01 3.131773e-01 7.640172e-05
<GCONST> 8.905262e+01
<MIXTURE> 2 4.861742e-02
<MEAN> 39
 -3.047843e+01 -1.930713e+00 3.858045e+00 -1.293830e+01 -1.948492e+00 -4.581067e-01 -4.754072e+00 3.183896e+00 -2.682491e+00 -3.418451e+00 6.241575e-01 -1.067995e+00 6.817556e-01 -3.441551e+00 9.711931e-02 2.838123e-01 -2.853515e-01 1.093051e+00 1.601246e+00 6.692505e-01 9.110270e-01 1.053306e+00 8.352339e-01 1.035515e+00 3.830675e-01 3.936988e-02 1.626665e+00 -3.880315e-01 -2.898159e-01 1.310396e-01 -8.550381e-01 -5.211074e-01 -3.969630e-02 -5.671076e-01 -3.043179e-01 1.698468e-02 -4.232782e-01 -1.397113e-02 -2.978973e-03
<VARIANCE> 39
 9.517808e+00 1.587537e+01 1.482041e+01 2.093925e+01 2.070864e+01 2.232698e+01 1.769718e+01 1.920557e+01 1.775278e+01 1.481747e+01 1.274214e+01 1.391298e+01 1.191738e-02 2.446421e+00 2.227706e+00 2.453819e+00 1.803293e+00 3.083049e+00 2.084590e+00 2.471010e+00 2.996104e+00 2.455097e+00 2.311049e+00 2.012735e+00 1.931041e+00 6.579813e-04 2.047359e-01 3.550378e-01 2.688653e-01 4.763418e-01 4.582256e-01 5.005915e-01 4.747545e-01 4.791782e-01 4.816784e-01 4.203168e-01 3.801999e-01 3.743532e-01 1.731119e-04
<GCONST> 8.369228e+01
<MIXTURE> 3 9.118790e-02
<MEAN> 39
 -6.809034e+00 -7.404521e+00 2.847745e+00 -9.973710e+00 -1.453363e+01 -1.151869e+01 -5.770463e+00 -1.147644e+00 -6.224987e+00 -4.869262e+00 -4.518440e+00 -1.151278e-01 6.510473e-01 -4.109772e+00 2.358278e+00 1.328557e+00 1.200695e+00 1.800743e+00 2.023942e+00 1.459431e+00 -5.928012e-01 4.695872e-01 -3.712494e-01 5.361648e-01 1.088176e-01 -5.362909e-02 -1.421962e+00 -3.243409e-01 -2.832162e-01 -1.763541e-01 6.025330e-01 6.762986e-01 1.789464e-01 3.060801e-01 5.137187e-01 4.775923e-01 3.511208e-01 -1.236990e-01 1.089288e-02
<VARIANCE> 39
 8.614806e+00 1.662027e+01 3.251613e+01 5.165957e+01 2.840504e+01 2.837741e+01 3.443052e+01 3.551452e+01 4.624784e+01 2.741408e+01 2.452479e+01 1.986275e+01 1.022888e-02 2.345844e+00 2.411306e+00 3.688607e+00 3.044507e+00 3.610691e+00 4.325926e+00 6.284871e+00 4.187960e+00 3.818044e+00 3.494836e+00 2.751686e+00 2.279914e+00 5.364249e-04 1.268312e-01 2.499341e-01 2.563050e-01 3.605803e-01 4.499855e-01 3.611808e-01 4.334973e-01 4.932311e-01 3.997574e-01 3.834154e-01 3.026194e-01 3.848305e-01 7.306274e-05
<GCONST> 9.094448e+01
<MIXTURE> 4 4.500246e-02
<MEAN> 39
 -2.833718e+01 -6.601624e+00 8.097076e+00 -6.441766e+00 -9.649198e+00 6.370496e-01 -2.506367e-01 -2.340470e+00 6.937621e-01 -1.962990e+00 -2.051546e+00 -5.493193e-01 6.236724e-01 -4.759958e+00 -3.230879e-01 5.714377e-01 -4.901711e-01 7.550120e-01 2.141460e+00 8.291304e-01 -1.402453e-01 7.486553e-01 7.153090e-01 6.362703e-01 9.560702e-02 3.536914e-02 1.557890e+00 -3.593838e-01 -7.644246e-01 -2.150098e-01 -1.451942e-01 -7.900338e-01 -6.413012e-01 2.817736e-01 -3.439071e-01 -1.024610e-01 -2.137716e-02 -1.072675e-01 6.308425e-03
<VARIANCE> 39
 1.331424e+01 1.002420e+01 1.059647e+01 1.825422e+01 1.385561e+01 1.638363e+01 1.985455e+01 1.241116e+01 1.819222e+01 1.490695e+01 1.115221e+01 1.219920e+01 1.073299e-02 2.324573e+00 1.430326e+00 1.893091e+00 2.141296e+00 2.307913e+00 2.947799e+00 2.877494e+00 2.265582e+00 3.007899e+00 1.816823e+00 1.628440e+00 1.500458e+00 8.616589e-04 2.899186e-01 2.588065e-01 2.903627e-01 2.796878e-01 4.333758e-01 4.554797e-01 4.735484e-01 3.979700e-01 4.370389e-01 3.777720e-01 3.693016e-01 3.261410e-01 1.565858e-04
<GCONST> 7.960603e+01
<MIXTURE> 5 5.566048e-02
<MEAN> 39
 -2.578288e+01 -8.741075e+00 2.503026e+00 -8.292390e+00 -6.728004e+00 -4.169398e+00 -8.106374e-01 1.970375e+00 -1.657348e+00 -2.034529e+00 -3.167403e-01 -6.997422e-01 4.552647e-01 -3.002191e+00 9.901688e-01 1.214015e+00 -4.625535e-01 1.254806e-01 5.592589e-01 3.657994e-01 -2.656244e-01 1.036953e-01 -1.775404e-01 2.498232e-01 -3.013177e-01 1.002572e-01 3.398968e-01 4.565333e-01 -3.285312e-01 2.491807e-01 1.992887e-01 3.164527e-01 -1.678023e-01 -2.056804e-01 -1.999819e-02 1.055857e-01 3.125278e-02 6.714433e-02 -1.829180e-02
<VARIANCE> 39
 1.342158e+01 2.069305e+01 1.719653e+01 2.935027e+01 2.623942e+01 2.156974e+01 1.609481e+01 2.390532e+01 1.967257e+01 1.691252e+01 1.428353e+01 1.027949e+01 2.148649e-02 9.747967e-01 1.884863e+00 1.672096e+00 2.023832e+00 1.973972e+00 1.934778e+00 2.032397e+00 1.627892e+00 1.658009e+00 1.822620e+00 1.430972e+00 1.112135e+00 1.367077e-03 2.689561e-01 3.397000e-01 2.452639e-01 4.358184e-01 3.609746e-01 2.715743e-01 3.526025e-01 3.664268e-01 3.398226e-01 3.012950e-01 2.737032e-01 2.477183e-01 2.042193e-04
<GCONST> 7.965045e+01
<MIXTURE> 6 3.562453e-02
<MEAN> 39
 -1.654239e+01 -6.322600e+00 9.952097e-01 -3.067295e+00 -3.709193e+00 -3.207638e+00 -5.233013e+00 7.769327e-01 -3.422679e+00 -3.501419e+00 -2.928318e+00 -1.173465e+00 2.611476e-01 -4.394961e+00 -1.459121e+00 3.967890e-01 -4.755981e-01 6.339200e-01 1.599685e+00 1.001944e+00 8.207939e-01 1.910823e+00 5.049620e-01 6.233878e-01 8.038322e-01 4.680471e-04 5.411159e-02 -3.535393e-01 -1.948321e-01 -8.511665e-01 -8.489125e-01 -4.346796e-01 6.086235e-02 -5.263978e-02 -9.806848e-02 2.126402e-01 2.178471e-01 -9.838488e-03 5.046844e-02
<VARIANCE> 39
 3.389116e+01 3.125827e+01 2.817448e+01 2.831829e+01 1.969938e+01 3.490890e+01 3.422205e+01 3.814487e+01 4.275737e+01 2.571772e+01 2.426628e+01 1.804844e+01 4.523312e-02 2.976642e+00 2.848314e+00 4.625018e+00 3.851393e+00 4.580562e+00 6.219424e+00 3.828056e+00 6.950566e+00 3.682492e+00 3.872639e+00 3.714351e+00 1.973634e+00 5.136878e-03 8.379791e-01 6.777688e-01 6.538582e-01 5.323766e-01 5.016761e-01 9.434451e-01 8.008777e-01 8.313203e-01 9.867350e-01 6.754283e-01 5.078561e-01 5.645511e-01 8.040116e-04
<GCONST> 1.084908e+02
<MIXTURE> 7 6.053761e-02
<MEAN> 39
 -2.363261e+01 -1.131141e+01 2.018298e+00 -1.023505e+00 -8.960526e+00 -7.132857e+00 6.424047e-01 2.015432e+00 -5.101434e-02 -1.750095e+00 7.784124e-03 -6.513389e-01 5.555514e-01 -4.327037e+00 -1.039308e+00 3.423730e-01 -8.530105e-01 -8.849811e-01 1.128913e+00 1.101987e+00 -7.787446e-01 -4.803036e-01 3.726162e-01 3.915577e-01 -3.590199e-01 2.719760e-02 1.297444e+00 1.012779e-01 -4.083036e-01 -5.037370e-01 -7.435387e-02 -1.099070e-02 -8.980020e-01 -2.132468e-01 -8.365342e-02 -1.123803e-01 -1.707305e-01 -2.520058e-02 1.420122e-02
<VARIANCE> 39
 1.349279e+01 8.959691e+00 1.389039e+01 2.032103e+01 1.639459e+01 1.899909e+01 2.779456e+01 1.547860e+01 2.333043e+01 1.462583e+01 1.539386e+01 1.281121e+01 1.128129e-02 2.446320e+00 9.243665e-01 1.836549e+00 1.703358e+00 1.703470e+00 2.087001e+00 3.416731e+00 2.502666e+00 1.827720e+00 1.855049e+00 1.468197e+00 1.189914e+00 6.996302e-04 2.491404e-01 2.345459e-01 3.653231e-01 3.458183e-01 3.871702e-01 4.632576e-01 8.134003e-01 6.420748e-01 5.867590e-01 4.439757e-01 3.688147e-01 3.681949e-01 1.269801e-04
<GCONST> 8.084779e+01
<MIXTURE> 8 6.238323e-02
<MEAN> 39
 -2.354468e+01 -1.287614e+00 4.454866e+00 -1.079936e+01 -5.250824e+00 -3.372407e+00 -4.024253e+00 -1.439113e+00 -5.316457e+00 -4.958988e+00 -2.706340e+00 -1.670742e+00 5.735705e-01 -5.722478e+00 1.672308e-01 -1.845225e-01 4.951504e-02 2.471229e+00 2.585645e+00 1.124015e+00 1.764302e+00 1.733668e+00 1.096888e+00 1.850576e+00 4.657971e-01 1.479237e-02 7.661523e-01 -7.071183e-01 -3.342622e-01 -4.737725e-01 -6.029096e-01 -3.616518e-01 -1.200482e-01 6.211599e-02 -2.449385e-02 4.863574e-01 -1.126912e-01 1.133538e-01 1.995318e-02
<VARIANCE> 39
 1.319656e+01 1.533134e+01 2.454385e+01 1.491126e+01 2.525306e+01 2.026626e+01 2.351154e+01 2.400053e+01 2.182359e+01 1.938095e+01 1.823803e+01 1.372899e+01 1.001855e-02 1.435070e+00 2.288499e+00 2.201982e+00 2.195729e+00 3.205175e+00 2.849554e+00 2.956533e+00 3.298176e+00 3.065729e+00 2.553468e+00 2.379732e+00 2.135049e+00 7.735216e-04 2.668260e-01 3.754914e-01 4.524875e-01 4.118345e-01 4.620921e-01 4.955398e-01 5.068731e-01 6.000194e-01 4.285439e-01 4.071423e-01 4.348140e-01 3.577349e-01 6.093391e-05
<GCONST> 8.624539e+01
<MIXTURE> 9 5.737313e-02
<MEAN> 39
 -2.932587e+01 -5.340660e-01 -6.399182e-01 -1.243845e+01 -4.728374e-01 -3.949525e+00 5.248003e-01 1.321453e+00 -4.616718e+00 1.133515e+00 -1.229465e-01 -1.070126e+00 6.272346e-01 -2.826589e+00 -2.062296e-01 -7.234710e-01 -2.676137e-01 1.444699e+00 1.554416e+00 7.279087e-01 1.643012e+00 1.317377e+00 1.242525e+00 1.246897e+00 6.876286e-01 3.045218e-02 1.345554e+00 -2.571156e-01 2.708474e-01 -3.766493e-01 -1.029346e+00 -5.131496e-01 -6.201851e-01 -5.517477e-01 -3.447379e-01 -4.181845e-01 -4.592792e-01 -4.731470e-02 3.870048e-03
<VARIANCE> 39
 1.185755e+01 1.317914e+01 2.019261e+01 1.523351e+01 1.589153e+01 1.806065e+01 1.750615e+01 1.885933e+01 1.720398e+01 1.317211e+01 1.272565e+01 1.160829e+01 1.319515e-02 1.748923e+00 1.205707e+00 1.041717e+00 1.381201e+00 1.995583e+00 1.692697e+00 1.860303e+00 1.938795e+00 1.452586e+00 1.816492e+00 1.334348e+00 1.360084e+00 4.707508e-04 1.738130e-01 3.194802e-01 2.278602e-01 2.980391e-01 3.223146e-01 3.626807e-01 3.334033e-01 4.693472e-01 3.788355e-01 3.562072e-01 3.438193e-01 3.021945e-01 1.486903e-04
<GCONST> 7.485986e+01
<MIXTURE> 10 7.176007e-02
<MEAN> 39
 -2.708166e+01 -7.596625e+00 1.587242e+00 -1.213315e+01 -7.581829e+00 -2.387829e-01 -4.311991e+00 5.601819e-03 5.972735e-01 -2.378826e+00 2.259376e-03 5.964712e-01 5.704546e-01 -2.610472e+00 3.612895e-02 6.567469e-01 -2.125677e-01 -6.451257e-01 4.506207e-01 4.128518e-01 -2.942991e-01 4.705901e-01 2.028450e-01 3.030798e-01 2.630691e-01 5.853742e-02 9.551733e-01 2.877020e-01 9.653439e-02 6.353490e-01 -3.337609e-02 -3.391001e-01 2.154718e-01 -1.053014e-01 -4.889399e-01 -4.451085e-02 -2.579823e-01 -1.740005e-01 -1.030997e-02
<VARIANCE> 39
 1.364158e+01 1.307551e+01 2.334189e+01 1.697859e+01 1.643697e+01 2.135754e+01 1.765311e+01 1.741095e+01 1.711528e+01 1.652415e+01 1.487385e+01 1.254081e+01 1.734955e-02 2.313702e+00 1.582042e+00 1.768952e+00 1.813509e+00 1.780748e+00 1.947558e+00 1.912381e+00 2.322943e+00 2.110972e+00 2.193957e+00 1.510367e+00 1.375361e+00 9.719348e-04 3.245303e-01 2.900285e-01 5.435700e-01 3.356469e-01 3.049268e-01 4.415207e-01 3.787392e-01 5.156481e-01 4.360045e-01 4.549921e-01 3.963783e-01 2.559901e-01 2.831978e-04
<GCONST> 8.199929e+01
<MIXTURE> 11 7.332245e-02
<MEAN> 39
 -1.215983e+01 -3.320703e+00 8.671633e+00 -5.211678e+00 -1.391172e+01 -9.264273e+00 -4.702900e+00 -2.189899e+00 -6.420623e+00 -4.332449e+00 -7.827324e-02 1.017490e+00 5.705907e-01 -5.392292e+00 1.045113e+00 -8.442054e-01 3.311259e-01 2.538404e+00 2.395594e+00 2.481585e+00 -5.763454e-01 2.010018e+00 9.665220e-01 -6.235523e-01 1.957662e-01 -3.110725e-02 -7.210200e-01 -9.578029e-01 -4.772950e-01 -5.206910e-01 1.141093e-02 3.338035e-01 -2.683724e-01 5.078425e-01 2.930097e-01 1.513705e-01 1.782289e-01 -1.997505e-01 1.925813e-02
<VARIANCE> 39
 1.206787e+01 8.890791e+00 1.017043e+01 1.871661e+01 1.361621e+01 1.302798e+01 1.885848e+01 1.584622e+01 2.324709e+01 1.512791e+01 1.257527e+01 1.403133e+01 1.046022e-02 1.606705e+00 2.614764e+00 2.966315e+00 2.511345e+00 2.789444e+00 2.771131e+00 3.484842e+00 3.021203e+00 3.806129e+00 3.223249e+00 2.059082e+00 2.014521e+00 6.521067e-04 2.301269e-01 1.951481e-01 2.386987e-01 2.515119e-01 3.337349e-01 2.979657e-01 4.076702e-01 3.317356e-01 3.373792e-01 2.924134e-01 2.559754e-01 2.393345e-01 5.451893e-05
<GCONST> 7.824200e+01
<MIXTURE> 12 8.128234e-02
<MEAN> 39
 -1.324372e+01 -6.178268e+00 2.219008e+00 -3.862859e+00 -7.926769e+00 -7.462301e+00 -2.689246e+00 2.817385e+00 7.174722e-01 -3.561432e+00 -2.453049e+00 8.215517e-01 5.265512e-01 -6.349269e+00 7.492653e-01 1.821429e+00 1.833075e-01 3.568181e-01 1.823440e+00 2.585571e+00 -7.247989e-01 -1.929046e-01 1.456557e-01 7.917668e-01 2.712261e-01 -2.971379e-02 -2.451048e-01 -7.487567e-01 -5.719955e-01 -7.033468e-01 -2.704408e-01 2.778458e-01 -6.857185e-01 -2.521510e-01 -5.895643e-02 3.099129e-01 1.786072e-01 -4.464382e-01 2.699862e-02
<VARIANCE> 39
 2.486906e+01 1.301485e+01 1.610048e+01 2.922540e+01 2.089813e+01 2.835373e+01 3.060246e+01 2.533711e+01 2.155759e+01 1.871481e+01 1.532245e+01 1.468229e+01 9.704339e-03 1.614354e+00 2.583323e+00 2.847109e+00 3.096683e+00 3.904015e+00 4.332320e+00 6.987294e+00 4.763532e+00 3.957169e+00 3.366614e+00 2.656708e+00 2.851121e+00 1.141817e-03 4.581109e-01 2.550355e-01 3.007902e-01 3.993202e-01 4.188389e-01 5.633366e-01 6.329017e-01 5.758893e-01 5.006758e-01 4.482376e-01 4.363258e-01 3.922167e-01 6.825741e-05
<GCONST> 9.163480e+01
<MIXTURE> 13 6.688084e-02
<MEAN> 39
 -2.681547e+01 -8.126955e+00 4.687556e+00 -6.952905e+00 -9.153798e+00 -8.861657e-01 -8.377333e-01 -5.672514e-01 -8.211525e-01 -1.366155e+00 -1.300341e+00 -6.669727e-02 5.946648e-01 -3.660752e+00 -1.543516e+00 -1.281775e+00 -1.002166e+00 3.996665e-01 1.574759e+00 7.922664e-01 3.748487e-01 9.173146e-01 4.183065e-01 -6.692464e-04 -3.795339e-01 2.781240e-02 1.430075e+00 -1.044289e-01 1.697546e-01 -1.082700e-01 -6.390382e-01 -7.514966e-01 -6.490089e-01 6.754804e-02 -4.696072e-01 -3.289600e-01 1.182659e-01 1.795004e-02 1.010144e-02
<VARIANCE> 39
 8.461384e+00 9.887268e+00 1.164265e+01 1.907001e+01 1.387381e+01 1.115167e+01 1.711870e+01 1.246523e+01 1.432524e+01 1.434087e+01 1.075501e+01 1.053693e+01 1.188759e-02 1.011482e+00 6.669959e-01 8.466153e-01 1.137576e+00 1.534487e+00 1.489920e+00 1.517361e+00 1.413939e+00 1.874465e+00 1.480191e+00 1.225992e+00 1.090966e+00 3.946442e-04 1.368850e-01 2.180957e-01 2.865958e-01 2.872422e-01 3.142314e-01 2.596311e-01 3.605221e-01 3.378567e-01 4.427967e-01 3.504897e-01 2.925411e-01 2.730210e-01 6.654625e-05
<GCONST> 6.753947e+01
<MIXTURE> 14 6.839036e-02
<MEAN> 39
 -2.928300e+01 -5.868478e+00 2.214378e+00 -1.164905e+01 -6.900042e+00 -5.423270e-01 -2.237447e+00 4.108853e-01 -1.466383e+00 -1.315140e+00 -4.250460e-02 -1.084424e-01 6.310163e-01 -1.566325e+00 -5.035484e-01 -7.925038e-01 -7.816022e-01 8.715403e-02 5.255266e-01 8.138350e-02 2.836792e-01 4.196509e-01 3.137908e-01 5.668378e-01 6.747802e-02 2.439076e-02 1.337228e+00 1.965083e-01 3.344052e-01 2.355737e-01 -4.938733e-01 -7.238641e-01 -3.584029e-01 -2.989291e-01 -4.170933e-01 -3.023905e-01 -1.866239e-01 -6.915518e-03 -1.959171e-03
<VARIANCE> 39
 7.828814e+00 1.101289e+01 1.274514e+01 1.295840e+01 1.549648e+01 1.382437e+01 1.191157e+01 1.558184e+01 1.405163e+01 1.308865e+01 1.063371e+01 1.055132e+01 9.513271e-03 6.551041e-01 6.465245e-01 8.280597e-01 7.922798e-01 1.123660e+00 1.007152e+00 1.189994e+00 1.222148e+00 1.345607e+00 1.216432e+00 1.239528e+00 9.783234e-01 1.476262e-04 1.418081e-01 1.547657e-01 1.591154e-01 1.860620e-01 2.007666e-01 2.059097e-01 2.559006e-01 2.491542e-01 2.893060e-01 3.094678e-01 2.637493e-01 2.823917e-01 6.019219e-05
<GCONST> 6.018790e+01
<MIXTURE> 15 5.552960e-02
<MEAN> 39
 -1.818171e+01 -9.367229e+00 -1.161862e-02 -8.451691e+00 -7.024657e+00 -2.317912e+00 -2.972732e+00 2.823340e-01 -1.562036e+00 -1.292657e+00 -7.188275e-01 1.510185e-03 2.263992e-01 -2.878469e+00 -1.161673e+00 1.179038e+00 -1.752661e+00 -6.525534e-01 8.299090e-02 3.794054e-02 1.148418e-01 7.905240e-01 -1.575205e-01 2.384923e-01 -1.692587e-02 1.096862e-01 -4.392436e-01 5.569438e-01 5.660519e-02 2.615780e-01 -1.935655e-02 -1.310662e-01 1.532072e-01 -3.301338e-02 -1.681674e-01 -5.882240e-02 -6.389521e-03 -1.138633e-01 2.099480e-02
<VARIANCE> 39
 1.588449e+01 1.667430e+01 1.888517e+01 2.825673e+01 2.467706e+01 2.303514e+01 1.846765e+01 2.444564e+01 2.391081e+01 2.152947e+01 1.277404e+01 1.122785e+01 3.484679e-02 3.338802e+00 2.695440e+00 3.707175e+00 3.210604e+00 2.828446e+00 2.586041e+00 2.448551e+00 2.996514e+00 3.011878e+00 2.253320e+00 1.837804e+00 1.853260e+00 2.365640e-03 4.960390e-01 3.211084e-01 4.742679e-01 5.079477e-01 5.233421e-01 6.547070e-01 4.122013e-01 4.416929e-01 5.339603e-01 4.987687e-01 3.648789e-01 2.877926e-01 5.387125e-04
<GCONST> 9.245676e+01
<MIXTURE> 16 6.884290e-02
<MEAN> 39
 -2.012237e+01 -4.241783e+00 6.972442e+00 -4.954172e+00 -8.872702e+00 -4.021708e+00 -1.953515e+00 -1.628468e+00 -2.434874e+00 -1.841079e+00 -6.753103e-01 1.020094e+00 5.222286e-01 -5.527749e+00 -6.566539e-01 -1.339333e+00 -6.140003e-01 1.556075e+00 2.334143e+00 1.621930e+00 -1.150275e-01 1.611285e+00 8.781914e-01 -2.078506e-01 -2.052650e-01 -2.329829e-04 4.962084e-01 -8.365339e-01 -1.727234e-01 -5.136155e-01 -6.796347e-01 -3.140986e-01 -7.132837e-01 3.371041e-01 -2.518862e-01 -2.211706e-01 1.798108e-01 -2.364215e-01 2.333452e-02
<VARIANCE> 39
 1.199817e+01 9.992563e+00 1.361140e+01 1.883043e+01 1.653379e+01 1.228494e+01 2.090185e+01 1.772789e+01 1.593637e+01 1.344324e+01 1.216109e+01 1.221435e+01 1.199284e-02 9.328666e-01 1.577701e+00 1.968000e+00 1.896989e+00 2.297146e+00 2.055980e+00 2.412191e+00 2.437790e+00 3.006788e+00 2.257122e+00 1.489938e+00 1.707746e+00 6.069904e-04 2.517806e-01 1.930112e-01 3.203516e-01 2.745556e-01 4.057817e-01 3.312026e-01 4.902777e-01 4.095276e-01 4.347423e-01 3.901377e-01 3.340040e-01 2.930603e-01 4.791075e-05
<GCONST> 7.654105e+01
<STATE> 3
<NUMMIXES> 16
<MIXTURE> 1 8.025315e-02
<MEAN> 39
 -3.126127e+01 -7.660073e+00 7.496730e+00 -6.599690e+00 -8.816806e+00 6.304746e-01 4.824579e-01 -2.799779e+00 8.758583e-01 -2.918587e+00 -1.853438e+00 -8.833984e-01 6.947975e-01 -3.612601e-01 4.623472e-01 3.824398e-01 -1.043238e-01 2.225359e-01 3.964085e-01 2.018188e-01 1.887807e-02 4.204227e-01 7.502332e-02 2.568709e-02 1.099660e-01 1.415148e-02 5.997826e-01 -7.064142e-02 -3.447358e-01 -4.074742e-02 -7.121804e-02 -3.778659e-01 -1.046207e-01 1.780903e-01 -7.084691e-02 1.022006e-01 1.739648e-01 9.180029e-02 -1.129480e-02
<VARIANCE> 39
 6.824807e+00 1.143412e+01 1.023837e+01 1.797207e+01 1.223361e+01 1.475242e+01 2.185299e+01 1.435368e+01 1.465293e+01 1.440728e+01 1.122503e+01 9.429150e+00 1.104522e-02 5.111572e-01 5.895324e-01 6.932226e-01 1.075371e+00 1.025222e+00 1.305506e+00 1.253513e+00 1.066710e+00 1.260931e+00 1.280262e+00 1.191428e+00 9.707353e-01 4.482340e-04 2.042390e-01 1.176902e-01 1.354817e-01 1.716566e-01 1.973101e-01 1.971709e-01 2.139160e-01 2.124000e-01 2.464909e-01 2.407636e-01 2.184780e-01 1.775157e-01 5.643914e-05
<GCONST> 6.002082e+01
<MIXTURE> 2 5.093165e-02
<MEAN> 39
 -2.801594e+01 -1.161409e+01 2.417183e+00 -5.467662e+00 -1.121162e+01 -5.220659e+00 -1.448867e+00 5.446452e-01 -7.554573e-01 -3.335024e+00 -1.737018e-01 4.207504e-01 6.213471e-01 -9.638137e-01 4.482880e-01 6.173652e-01 -3.775748e-01 -3.288559e-02 8.342687e-01 1.141299e-01 -5.002948e-01 6.814455e-02 -9.191293e-02 -1.761203e-01 -1.334949e-02 1.989809e-02 8.056876e-01 3.554655e-01 1.614743e-02 9.615326e-02 3.795559e-01 1.484836e-01 -3.148416e-02 -1.528283e-02 6.993481e-02 1.295330e-01 -1.190204e-01 -8.320217e-02 -1.332971e-02
<VARIANCE> 39
 8.766782e+00 8.033023e+00 1.170881e+01 2.115297e+01 1.436498e+01 1.945540e+01 2.133442e+01 1.879736e+01 1.802438e+01 1.776365e+01 1.530877e+01 1.380669e+01 1.132914e-02 7.843627e-01 6.228151e-01 8.523499e-01 1.141043e+00 1.186355e+00 1.488572e+00 1.488908e+00 1.451400e+00 1.310341e+00 1.519795e+00 1.049753e+00 1.033003e+00 6.734634e-04 1.976020e-01 1.356039e-01 2.031294e-01 2.276248e-01 2.056402e-01 2.348139e-01 2.948234e-01 3.224622e-01 3.384095e-01 3.527322e-01 2.641409e-01 2.759833e-01 1.066133e-04
<GCONST> 6.780701e+01
<MIXTURE> 3 4.164254e-02
<MEAN> 39
 -3.093210e+01 -1.764528e+00 1.856582e+00 -1.350403e+01 -2.020972e+00 1.098810e+00 -3.908599e+00 -3.848599e-02 -2.877755e+00 -2.593876e+00 -7.721194e-02 -4.910675e-01 7.107680e-01 -4.650833e-02 8.954329e-02 2.938648e-01 2.130901e-01 2.350077e-01 3.100674e-01 1.328627e-01 2.409067e-01 2.636728e-01 1.004792e-01 2.606493e-01 2.527304e-01 3.968122e-03 1.586583e-01 -1.204498e-01 2.283443e-02 -2.317655e-02 -2.070636e-01 -2.255235e-01 7.788840e-02 1.464431e-01 1.507418e-01 1.894425e-01 3.256191e-02 3.867053e-03 -4.057152e-03
<VARIANCE> 39
 7.021100e+00 1.092951e+01 1.305545e+01 1.197165e+01 1.822304e+01 1.132089e+01 1.599464e+01 1.273009e+01 1.332906e+01 1.224151e+01 1.213045e+01 7.689943e+00 1.796056e-02 2.354820e-01 3.737694e-01 4.307964e-01 6.254150e-01 8.262342e-01 8.760909e-01 8.463352e-01 8.690528e-01 9.946225e-01 9.621277e-01 9.359655e-01 7.857617e-01 1.130435e-04 5.401414e-02 6.434239e-02 1.237019e-01 1.316011e-01 1.478467e-01 1.504488e-01 1.986085e-01 1.841116e-01 2.285663e-01 1.865795e-01 1.958186e-01 1.422099e-01 2.150976e-05
<GCONST> 4.913757e+01
<MIXTURE> 4 6.757240e-02
<MEAN> 39
 -3.246162e+01 -3.035091e+00 6.365386e+00 -1.114628e+01 -4.167508e+00 3.150936e+00 -3.007473e+00 2.093821e+00 9.479829e-01 -2.341951e+00 1.917316e+00 8.528966e-01 7.172811e-01 -4.528910e-01 1.808084e-01 1.380099e-01 1.903860e-02 1.454306e-01 4.728898e-01 1.358005e-01 1.100675e-02 1.995567e-01 1.886104e-02 8.492523e-02 1.636681e-01 1.099042e-02 9.768077e-01 -2.531339e-01 -3.750591e-01 3.768669e-02 -4.245096e-01 -6.565739e-01 -7.853827e-02 -2.900252e-01 -4.096367e-01 -7.301490e-02 -3.561642e-01 -1.892659e-01 -1.515942e-02
<VARIANCE> 39
 5.338080e+00 1.433209e+01 7.997893e+00 1.337333e+01 1.605158e+01 1.183992e+01 1.316197e+01 1.551532e+01 1.827699e+01 1.387799e+01 1.377205e+01 1.063484e+01 1.064148e-02 8.235791e-01 1.184359e+00 8.966695e-01 1.262402e+00 1.533499e+00 1.392172e+00 1.390782e+00 1.370570e+00 1.158917e+00 1.204802e+00 1.246692e+00 1.133904e+00 5.209107e-04 3.258744e-01 2.043113e-01 1.937113e-01 2.117347e-01 2.476144e-01 2.549928e-01 3.270319e-01 2.818579e-01 2.823111e-01 3.068366e-01 2.988265e-01 2.568344e-01 1.111198e-04
<GCONST> 6.668784e+01
<MIXTURE> 5 7.704395e-02
<MEAN> 39
 -3.143799e+01 -3.620283e+00 2.820055e+00 -1.322559e+01 -5.052470e+00 7.900445e-01 -3.516067e+00 7.714998e-01 -1.742150e+00 -2.375140e+00 1.025848e+00 1.147522e-01 7.019714e-01 2.539353e-01 -3.908974e-01 -2.693599e-01 -9.063935e-02 -5.409727e-01 -2.277929e-01 3.953588e-02 -1.779242e-01 9.821601e-02 1.698388e-02 -1.258124e-01 5.099393e-02 -5.014142e-03 5.062053e-01 -1.938388e-02 3.871213e-02 2.044014e-01 -1.151750e-01 -2.417656e-01 6.151195e-02 -1.308534e-02 -5.832411e-02 1.150278e-02 -1.933076e-01 -1.054466e-01 -8.788577e-03
<VARIANCE> 39
 7.539030e+00 9.946975e+00 8.356643e+00 9.939545e+00 1.535887e+01 1.270749e+01 1.240635e+01 1.298582e+01 1.432591e+01 1.282407e+01 1.023217e+01 9.559834e+00 1.085649e-02 4.079086e-01 4.732935e-01 5.778670e-01 6.843119e-01 9.294448e-01 9.936975e-01 1.076956e+00 1.350285e+00 1.330283e+00 1.173312e+00 1.251116e+00 8.775287e-01 1.758906e-04 1.036944e-01 1.051642e-01 1.102739e-01 1.356581e-01 1.633832e-01 1.835366e-01 2.060250e-01 2.214224e-01 2.353919e-01 2.139018e-01 2.024016e-01 1.788227e-01 2.942299e-05
<GCONST> 5.360231e+01
<MIXTURE> 6 8.169332e-02
<MEAN> 39
 -3.173439e+01 1.915083e+00 -7.833703e-01 -1.281582e+01 1.251641e+00 -3.566580e+00 -7.164847e-01 2.131392e+00 -4.119106e+00 1.317297e+00 2.595791e-01 -9.153814e-01 6.984889e-01 -2.365255e-01 1.304006e-01 2.303741e-01 -3.973020e-02 4.685108e-02 3.510039e-01 -2.565852e-01 -7.866879e-03 1.479428e-01 -1.467663e-01 1.456595e-02 -5.189876e-02 6.215465e-03 4.661505e-01 -2.973962e-01 5.141365e-02 3.506809e-02 -3.689869e-01 -5.622867e-02 -4.969581e-02 -1.958239e-01 -1.689765e-02 -2.275847e-01 -1.569004e-01 2.562159e-02 -1.088720e-02
<VARIANCE> 39
 6.439924e+00 1.280554e+01 1.981438e+01 1.404092e+01 1.291327e+01 1.728025e+01 1.942878e+01 1.478276e+01 1.318327e+01 1.206978e+01 1.270112e+01 1.247153e+01 1.298775e-02 4.546488e-01 9.841306e-01 1.003556e+00 9.038161e-01 1.256211e+00 1.061126e+00 1.274874e+00 1.178236e+00 1.284757e+00 1.372105e+00 1.100506e+00 1.049910e+00 6.373322e-04 1.610049e-01 1.524562e-01 1.719633e-01 1.947808e-01 2.168705e-01 2.022692e-01 2.499150e-01 2.583712e-01 2.762956e-01 2.542704e-01 2.275250e-01 2.338667e-01 7.971570e-05
<GCONST> 6.372642e+01
<MIXTURE> 7 8.279795e-02
<MEAN> 39
 -2.739982e+01 -8.848669e+00 1.403165e+00 -1.041597e+01 -1.178624e+01 -2.747389e+00 -1.567802e+00 -2.074859e+00 -1.876649e+00 -2.116993e+00 -1.126900e+00 -2.901529e-01 6.058777e-01 7.596535e-01 -2.244194e-01 -3.522611e-01 5.489013e-02 -1.940006e-01 -5.451248e-01 -2.457692e-02 -4.371088e-03 -1.309503e-01 -1.669509e-01 -3.723236e-01 -1.621342e-01 -1.884737e-02 8.126913e-01 2.187352e-01 2.932993e-01 3.877614e-01 2.479391e-01 -1.147818e-01 -1.548454e-01 1.970388e-01 8.631153e-02 -5.075154e-02 -5.155665e-02 -4.345077e-02 -8.447077e-03
<VARIANCE> 39
 7.443340e+00 8.265054e+00 1.004088e+01 1.571663e+01 1.427746e+01 1.351382e+01 1.574527e+01 1.704279e+01 1.366207e+01 1.540730e+01 1.239373e+01 9.596246e+00 1.034975e-02 5.414665e-01 4.131082e-01 6.351100e-01 8.650951e-01 8.992360e-01 1.061556e+00 1.367588e+00 1.235302e+00 1.199333e+00 1.342744e+00 1.329450e+00 1.185081e+00 4.145789e-04 2.218865e-01 1.016047e-01 1.646239e-01 1.738278e-01 1.848080e-01 2.312233e-01 2.488065e-01 2.762877e-01 2.565964e-01 3.000338e-01 2.408224e-01 2.248091e-01 6.150400e-05
<GCONST> 6.044120e+01
<MIXTURE> 8 4.709078e-02
<MEAN> 39
 -2.991656e+01 -3.964960e+00 1.732673e+00 -1.296932e+01 -4.783224e+00 -6.008596e-01 -2.205834e+00 8.024272e-01 -1.834010e+00 -1.701956e+00 5.170269e-01 2.181854e-01 6.412107e-01 2.246720e+00 -5.684769e-02 2.143867e-01 2.002415e-01 -9.333492e-01 -1.130593e+00 -6.412673e-01 -4.835812e-01 -5.879489e-01 -7.432034e-01 -7.167742e-01 -2.938889e-01 -3.851128e-02 1.552240e+00 -4.147956e-02 8.188660e-02 -6.847189e-02 -7.003823e-01 -8.605151e-01 -6.047072e-01 -2.973619e-01 -5.380290e-01 -2.968371e-01 -4.617502e-01 -2.481210e-01 1.528815e-03
<VARIANCE> 39
 7.088749e+00 1.258776e+01 1.636116e+01 1.350821e+01 1.921581e+01 2.169239e+01 1.410691e+01 1.526067e+01 1.804063e+01 1.422898e+01 1.312033e+01 1.195306e+01 1.167952e-02 8.990332e-01 8.383165e-01 1.055082e+00 9.599731e-01 1.481539e+00 1.490242e+00 1.566189e+00 1.617149e+00 1.304300e+00 1.573251e+00 1.297298e+00 1.101222e+00 4.337195e-04 1.559296e-01 2.153992e-01 2.918256e-01 2.896483e-01 3.273621e-01 3.497491e-01 3.370015e-01 3.681005e-01 4.272255e-01 3.072881e-01 3.133165e-01 2.781632e-01 7.724939e-05
<GCONST> 6.985057e+01
<MIXTURE> 9 7.456713e-02
<MEAN> 39
 -2.834513e+01 -8.170394e+00 2.031275e+00 -9.587337e+00 -1.158184e+01 -2.955245e+00 -8.787257e-01 -2.128630e+00 -1.000489e+00 -2.310442e+00 -1.066252e+00 -1.382789e+00 6.288473e-01 -9.822933e-02 -1.127259e-02 2.634122e-01 1.797166e-01 3.416614e-02 1.664478e-01 2.439748e-01 9.127653e-02 2.939332e-01 2.201883e-01 1.376269e-01 -6.408679e-02 5.283180e-03 2.660032e-01 7.343712e-03 1.006319e-01 2.218734e-01 2.269637e-01 5.773425e-02 4.370487e-02 1.397068e-01 1.527607e-03 3.716390e-02 6.796954e-02 1.491797e-01 -6.086653e-03
<VARIANCE> 39
 8.743498e+00 8.458833e+00 1.251201e+01 1.817182e+01 1.130083e+01 1.354216e+01 1.575008e+01 1.672350e+01 1.431924e+01 1.367033e+01 1.371300e+01 9.704707e+00 1.291539e-02 2.685014e-01 3.091289e-01 4.305460e-01 6.774697e-01 7.049337e-01 8.856443e-01 1.154837e+00 1.202008e+00 1.318753e+00 1.170472e+00 1.097865e+00 9.207883e-01 1.863166e-04 5.798403e-02 6.347658e-02 9.320465e-02 1.174681e-01 1.308187e-01 2.212730e-01 2.288873e-01 2.686908e-01 2.660220e-01 2.358093e-01 2.411453e-01 1.892263e-01 2.746808e-05
<GCONST> 5.301404e+01
<MIXTURE> 10 5.868648e-02
<MEAN> 39
 -3.089503e+01 -6.972281e+00 6.580661e+00 -8.089492e+00 -9.171575e+00 1.790555e+00 2.818905e-01 -6.325040e-01 2.334768e+00 -1.342857e+00 -1.382623e-01 9.332767e-01 7.010738e-01 3.803613e-01 -3.835630e-01 -4.885089e-01 -1.118371e-01 -6.760671e-01 -6.560535e-01 1.010527e-01 -2.694274e-01 -4.977515e-01 -1.144869e-01 -1.662994e-01 -2.068013e-01 -5.386536e-03 6.418182e-01 -5.121896e-02 -2.280839e-01 -1.219848e-02 -1.131894e-01 -4.720273e-01 -3.382497e-01 -1.166107e-01 -3.766690e-01 -1.979183e-01 -1.482340e-01 -1.480815e-01 -1.083755e-02
<VARIANCE> 39
 4.794400e+00 8.221101e+00 1.037290e+01 1.125336e+01 1.195034e+01 1.177458e+01 1.636088e+01 1.623788e+01 1.209579e+01 1.172587e+01 1.028607e+01 9.651003e+00 9.996320e-03 4.014632e-01 4.213590e-01 5.941296e-01 9.315068e-01 8.935783e-01 8.791250e-01 1.153329e+00 9.152068e-01 1.073001e+00 1.088623e+00 1.059614e+00 8.577159e-01 3.157230e-04 1.757476e-01 8.964978e-02 1.431522e-01 1.645842e-01 1.673290e-01 1.967897e-01 2.080137e-01 2.219915e-01 2.134261e-01 2.014819e-01 2.053432e-01 1.767402e-01 4.300187e-05
<GCONST> 5.412611e+01
<MIXTURE> 11 6.226237e-02
<MEAN> 39
 -2.982159e+01 -1.089320e+01 6.008823e+00 -4.598739e+00 -1.172297e+01 -2.461733e+00 2.983742e+00 -2.081075e+00 -2.978059e-02 -8.318829e-01 -1.781375e-01 -1.248281e+00 6.937870e-01 1.027403e+00 -3.415520e-01 -6.799379e-01 1.337622e-01 -5.905716e-01 -1.004069e+00 -2.151465e-01 2.831670e-01 -1.945969e-01 -5.769887e-02 -2.866349e-02 -1.218808e-01 -2.119532e-02 1.013897e+00 2.309570e-01 -2.152424e-01 -6.992367e-03 7.624821e-02 -4.492698e-01 -6.006721e-01 6.220995e-02 -8.563965e-02 -2.672869e-01 -1.149659e-01 2.295421e-02 -1.218601e-02
<VARIANCE> 39
 5.708226e+00 8.630486e+00 1.069925e+01 1.567058e+01 1.472583e+01 2.123476e+01 1.936570e+01 1.789848e+01 1.214838e+01 1.483758e+01 1.334846e+01 1.238854e+01 9.941454e-03 5.946984e-01 6.695585e-01 8.345680e-01 1.458533e+00 8.941444e-01 1.463214e+00 1.424072e+00 1.537967e+00 1.428108e+00 1.289933e+00 1.350322e+00 1.189713e+00 3.041492e-04 2.488980e-01 1.150311e-01 2.276214e-01 1.880356e-01 2.636620e-01 2.997957e-01 2.798788e-01 2.892265e-01 2.401316e-01 2.741194e-01 2.670163e-01 2.502324e-01 6.678743e-05
<GCONST> 6.450012e+01
<MIXTURE> 12 5.802355e-02
<MEAN> 39
 -2.806166e+01 -4.752854e+00 -1.306813e+00 -1.265595e+01 -4.512549e+00 -4.193727e+00 -3.758584e+00 1.103619e+00 -3.015062e+00 -2.990588e+00 -1.169395e-01 -1.824787e-02 5.937693e-01 -3.521814e-01 2.247324e-01 1.145820e-01 -2.280743e-01 1.010884e-01 2.336807e-01 -3.379280e-01 -2.770468e-01 -6.890970e-02 -2.201256e-01 -7.313479e-02 5.085727e-02 9.280504e-03 5.504111e-01 3.526094e-02 1.982175e-01 2.364740e-01 2.198789e-03 6.606619e-02 1.506921e-01 -9.520052e-03 5.673730e-02 1.049410e-01 -1.350190e-01 -8.954725e-02 -1.010638e-02
<VARIANCE> 39
 9.648972e+00 9.600294e+00 1.498143e+01 1.661777e+01 1.432991e+01 1.550214e+01 1.808589e+01 1.964845e+01 2.111134e+01 1.720872e+01 1.605884e+01 1.151933e+01 1.086822e-02 9.399742e-01 7.764359e-01 8.501417e-01 6.583492e-01 1.311757e+00 1.252096e+00 1.471180e+00 1.539429e+00 1.240638e+00 1.413551e+00 1.446298e+00 1.222702e+00 8.499323e-04 2.193822e-01 1.238345e-01 1.730713e-01 1.761221e-01 1.839443e-01 2.285153e-01 3.381391e-01 3.193212e-01 3.206949e-01 3.878901e-01 2.929589e-01 2.517016e-01 1.225801e-04
<GCONST> 6.788321e+01
<MIXTURE> 13 5.384701e-02
<MEAN> 39
 -3.163472e+01 -1.424969e+00 1.870724e+00 -1.348178e+01 -1.341112e+00 1.607103e-01 -1.451672e+00 2.578519e+00 -1.910984e+00 1.469373e-01 1.327838e+00 -5.669140e-01 7.070175e-01 7.896717e-01 -6.900031e-01 -4.274047e-01 -2.554848e-01 -9.035936e-01 -4.809869e-01 3.756804e-02 -2.601904e-01 -3.261868e-02 -1.456639e-01 -2.860263e-01 7.575534e-02 -1.890969e-02 9.848453e-01 -3.898598e-02 2.709275e-02 6.009265e-02 -5.708295e-01 -6.790323e-01 -3.940299e-01 -4.351873e-01 -4.352587e-01 -4.300431e-01 -3.878690e-01 -9.571484e-02 -1.052941e-02
<VARIANCE> 39
 5.633940e+00 1.246101e+01 1.358382e+01 1.120343e+01 1.754140e+01 1.915520e+01 1.448410e+01 1.470212e+01 1.556197e+01 1.544529e+01 1.277396e+01 1.093439e+01 9.520433e-03 5.335345e-01 7.232271e-01 9.908938e-01 9.476933e-01 1.454906e+00 1.160990e+00 1.166469e+00 1.324709e+00 1.364403e+00 1.391078e+00 1.250558e+00 1.213426e+00 4.405509e-04 2.372197e-01 1.416648e-01 1.958236e-01 2.122978e-01 2.767870e-01 2.388440e-01 2.544323e-01 2.955910e-01 2.949507e-01 2.728840e-01 2.652833e-01 2.298500e-01 6.293789e-05
<GCONST> 6.430601e+01
<MIXTURE> 14 5.583724e-02
<MEAN> 39
 -2.859527e+01 -1.148904e+01 4.461994e+00 -4.953433e+00 -1.172322e+01 -2.527447e+00 1.385944e+00 -2.549975e+00 -1.225966e+00 -7.197530e-01 -7.502992e-01 -1.526248e+00 6.538609e-01 -1.335049e+00 -4.465376e-01 -2.489415e-01 -5.911936e-01 -4.846419e-01 2.171754e-01 2.399452e-01 -3.771175e-01 -2.309099e-01 -3.132465e-02 -9.745374e-02 -1.833825e-01 2.556692e-02 1.307839e+00 4.498580e-01 -1.934469e-02 8.452782e-02 5.976135e-02 -5.111395e-01 -4.523329e-01 1.835359e-01 -3.403773e-02 -2.726481e-01 -4.634827e-02 1.579444e-01 -1.058326e-02
<VARIANCE> 39
 8.799032e+00 8.690557e+00 1.210791e+01 2.287702e+01 1.434917e+01 2.247874e+01 1.915817e+01 1.601320e+01 1.856966e+01 1.260868e+01 1.238190e+01 9.981378e+00 1.152213e-02 1.012776e+00 7.535648e-01 8.817241e-01 1.586807e+00 1.128485e+00 1.526217e+00 1.323758e+00 1.252081e+00 1.280962e+00 1.235305e+00 1.037382e+00 1.017871e+00 4.028454e-04 2.439690e-01 1.142446e-01 2.465679e-01 2.593493e-01 2.831440e-01 2.581853e-01 3.466663e-01 3.374553e-01 4.074607e-01 2.659194e-01 2.224546e-01 2.147964e-01 1.036770e-04
<GCONST> 6.723169e+01
<MIXTURE> 15 5.267536e-02
<MEAN> 39
 -2.684882e+01 -1.039292e+01 2.278645e+00 -5.259636e+00 -1.061496e+01 -4.120410e+00 4.371576e-01 -1.277375e+00 -1.222223e+00 -1.425118e+00 -9.478652e-01 -1.154476e+00 5.836912e-01 3.274156e-01 -5.268751e-02 -2.437829e-01 2.026735e-02 -1.921178e-01 -4.764502e-01 -3.795949e-01 -1.998491e-01 -2.363090e-01 -1.668986e-01 -4.290447e-02 2.518360e-02 -8.936710e-03 2.107769e-01 1.457961e-02 -2.961170e-02 -1.150962e-01 3.977944e-02 -5.788102e-02 -1.579031e-01 -3.268955e-03 3.724682e-02 -9.450290e-02 -4.891815e-02 7.911708e-02 -5.711127e-03
<VARIANCE> 39
 6.339175e+00 1.133089e+01 1.394165e+01 2.352234e+01 1.410774e+01 2.088602e+01 1.611018e+01 1.523293e+01 1.303478e+01 1.458900e+01 1.318807e+01 8.122552e+00 1.351123e-02 3.102846e-01 3.185914e-01 4.788387e-01 7.796627e-01 9.166262e-01 9.512973e-01 1.035739e+00 9.736996e-01 8.899775e-01 1.359122e+00 1.310122e+00 9.526389e-01 2.010363e-04 4.813827e-02 5.399420e-02 8.138940e-02 1.127104e-01 1.256336e-01 1.938766e-01 2.103865e-01 2.262399e-01 1.975088e-01 2.307494e-01 2.459480e-01 1.862616e-01 3.180034e-05
<GCONST> 5.309103e+01
<MIXTURE> 16 5.504639e-02
<MEAN> 39
 -3.125387e+01 -6.375230e+00 5.843960e+00 -8.300273e+00 -7.755558e+00 1.308942e-01 2.040905e+00 -2.210691e+00 1.609287e+00 -1.545211e+00 7.385949e-01 3.024473e-01 6.882258e-01 -1.188470e-02 -1.341591e-01 3.203509e-02 -8.309856e-03 -1.498448e-01 -7.624839e-02 1.519695e-01 -1.011912e-01 5.064172e-02 1.603214e-01 -1.986829e-02 -1.021514e-01 3.079630e-03 1.202817e-01 -1.080556e-01 -8.832791e-02 -7.320662e-02 -1.590068e-01 -1.222117e-01 -1.933413e-01 7.689769e-04 -1.678946e-01 -1.251238e-01 -1.764979e-01 -9.322332e-02 -2.786128e-03
<VARIANCE> 39
 4.768935e+00 1.419928e+01 1.815546e+01 1.577836e+01 1.569934e+01 1.297825e+01 1.797858e+01 1.263851e+01 9.749452e+00 1.267717e+01 1.179122e+01 1.106502e+01 1.110754e-02 1.742197e-01 4.009172e-01 4.522963e-01 5.680037e-01 6.201029e-01 7.869462e-01 9.100208e-01 9.151651e-01 1.150744e+00 1.078110e+00 9.670785e-01 9.282208e-01 7.788746e-05 3.909878e-02 7.834991e-02 8.769168e-02 1.042219e-01 1.195597e-01 1.528060e-01 1.552967e-01 1.757653e-01 1.800977e-01 2.146874e-01 1.953921e-01 2.038019e-01 1.641578e-05
<GCONST> 4.762712e+01
<STATE> 4
<NUMMIXES> 16
<MIXTURE> 1 6.618633e-02
<MEAN> 39
 -2.977112e+01 -7.296900e+00 5.059972e+00 -8.836375e+00 -8.664282e+00 8.635303e-01 -1.712651e+00 -1.509611e+00 4.090840e-01 -1.431980e+00 -2.013712e+00 -2.212578e-01 6.292754e-01 1.354602e+00 -4.125832e-01 -6.798718e-01 8.374618e-01 3.257703e-01 -2.021464e-01 5.623816e-01 1.839296e-01 -6.384068e-04 5.612925e-01 -9.610643e-02 -1.593295e-01 -5.889937e-02 8.738950e-01 1.207965e-01 -5.879705e-01 2.941883e-01 3.404374e-01 -3.715321e-01 -2.101337e-02 2.496009e-01 -1.630141e-01 1.221245e-02 1.780566e-01 -1.186078e-02 -2.494718e-02
<VARIANCE> 39
 1.279399e+01 1.584527e+01 1.338758e+01 1.990977e+01 2.140421e+01 1.622211e+01 1.809573e+01 1.767179e+01 1.732015e+01 2.014615e+01 1.375220e+01 9.503409e+00 2.023715e-02 1.532821e+00 2.560476e+00 1.484133e+00 2.114373e+00 3.129056e+00 2.372415e+00 2.015736e+00 2.024101e+00 1.681059e+00 1.859569e+00 1.267017e+00 1.600226e+00 1.849914e-03 3.601689e-01 2.245161e-01 2.233611e-01 2.647593e-01 3.708562e-01 3.452897e-01 3.338212e-01 3.439659e-01 3.383824e-01 3.717363e-01 2.517607e-01 2.000929e-01 3.981798e-04
<GCONST> 8.004273e+01
<MIXTURE> 2 4.719269e-02
<MEAN> 39
 -1.902789e+01 -1.002735e+01 -1.934762e+00 -2.004338e+00 -6.689329e+00 -9.325995e+00 -5.169325e+00 8.569450e-01 1.321447e+00 -2.457824e+00 -2.549489e+00 -1.933479e+00 4.853117e-01 6.332683e+00 7.570401e-01 -1.858259e+00 -9.259629e-01 3.999027e-01 -4.923359e-01 -2.968944e+00 -1.354756e+00 -4.753315e-01 1.454435e-01 -8.006928e-02 -5.061951e-01 1.408537e-02 6.988974e-01 -4.684013e-02 -2.349321e-01 -1.030495e+00 -3.362795e-01 6.565204e-01 -3.477744e-01 -3.693641e-01 -3.859098e-01 7.571458e-02 4.869207e-01 8.725078e-02 2.952057e-02
<VARIANCE> 39
 2.433119e+01 1.903048e+01 1.766975e+01 2.618182e+01 2.603883e+01 2.810976e+01 3.096368e+01 2.276054e+01 1.941049e+01 2.297839e+01 1.832498e+01 1.358219e+01 1.240734e-02 1.732211e+00 1.635692e+00 2.368900e+00 2.942681e+00 3.864532e+00 4.421542e+00 6.647427e+00 4.070051e+00 4.574951e+00 3.136276e+00 2.887429e+00 2.554665e+00 1.091063e-03 4.831140e-01 2.875766e-01 3.656060e-01 4.634195e-01 7.258863e-01 4.660978e-01 1.063217e+00 6.291265e-01 6.876284e-01 6.337612e-01 5.223576e-01 4.371561e-01 1.017376e-04
<GCONST> 9.455864e+01
<MIXTURE> 3 5.046576e-02
<MEAN> 39
 -1.539272e+01 -5.510807e+00 5.342216e+00 -7.004327e+00 -1.027956e+01 -4.049171e+00 -4.105052e+00 -4.873127e-01 -9.369393e-02 -4.335064e+00 -3.515104e+00 -3.920850e-01 4.518663e-01 5.799163e+00 6.847819e-01 -8.404921e-01 4.970632e-01 -7.469888e-01 -1.728804e+00 -1.728571e+00 -1.052545e-03 -6.440159e-01 -3.964100e-01 -9.406903e-01 -7.889928e-01 -1.752589e-02 -2.090530e-01 -2.561140e-01 -6.215621e-01 -2.556538e-03 -3.068683e-03 -1.482971e-01 9.668611e-02 -9.541434e-02 -2.455018e-01 3.094374e-01 1.123134e-01 -2.229602e-01 1.659657e-02
<VARIANCE> 39
 1.833056e+01 1.017335e+01 1.181324e+01 1.663233e+01 1.871188e+01 2.236535e+01 2.465240e+01 2.721274e+01 2.298260e+01 1.994116e+01 1.134023e+01 1.411626e+01 1.490838e-02 1.506075e+00 1.851263e+00 2.451533e+00 3.237580e+00 3.389541e+00 4.031160e+00 3.125953e+00 3.294123e+00 4.348387e+00 3.647128e+00 2.560997e+00 2.684079e+00 1.161400e-03 3.107208e-01 1.959551e-01 2.124679e-01 2.993354e-01 3.301797e-01 3.994864e-01 4.789359e-01 5.656499e-01 5.752694e-01 4.730355e-01 3.648247e-01 3.685085e-01 1.302388e-04
<GCONST> 8.656579e+01
<MIXTURE> 4 5.727276e-02
<MEAN> 39
 -2.264182e+01 -1.031972e+01 1.456663e+00 -7.215422e+00 -1.140748e+01 -6.631314e+00 -7.740342e-01 7.955669e-01 -1.576770e+00 -2.550239e+00 1.004329e-01 5.034555e-01 4.946313e-01 4.511565e+00 7.949767e-01 4.138646e-02 8.634757e-01 1.386335e-01 -9.028594e-01 -1.311803e+00 4.181362e-01 1.649742e-01 -5.655391e-01 -6.837814e-01 -1.841509e-01 -3.585493e-02 1.075460e+00 3.950492e-02 -1.742194e-02 2.472035e-02 -1.001927e-01 1.040932e-01 -6.670061e-01 -8.851257e-02 3.828790e-02 -1.566910e-01 -2.598708e-01 -2.881056e-01 1.751208e-02
<VARIANCE> 39
 7.393117e+00 9.467904e+00 1.161332e+01 2.208179e+01 1.907588e+01 1.888417e+01 1.354236e+01 1.778587e+01 1.584561e+01 1.448333e+01 1.544082e+01 1.287397e+01 1.344968e-02 1.719559e+00 1.065666e+00 2.009168e+00 1.482255e+00 1.527362e+00 1.746764e+00 2.173509e+00 2.245183e+00 1.708025e+00 1.813372e+00 1.743594e+00 1.249255e+00 6.707158e-04 1.848699e-01 2.401938e-01 3.784692e-01 3.365441e-01 4.335797e-01 3.233278e-01 3.910797e-01 5.315686e-01 4.618412e-01 3.647524e-01 4.914412e-01 3.071206e-01 9.948700e-05
<GCONST> 7.653003e+01
<MIXTURE> 5 8.019663e-02
<MEAN> 39
 -7.020466e+00 -8.654320e+00 2.387521e+00 -5.921844e+00 -1.383355e+01 -1.141143e+01 -1.037253e+01 -2.362024e-01 -4.998454e-01 -4.921591e+00 -1.810525e+00 -1.049815e+00 6.593106e-01 5.812356e+00 -1.787807e+00 -7.295442e-01 -7.738292e-01 -1.247736e+00 -1.663524e+00 -4.092577e+00 1.247730e+00 3.906015e-01 -6.526498e-01 2.274155e-01 -3.287687e-01 5.353730e-02 -1.196061e+00 -4.356656e-01 -3.067348e-01 -4.857129e-01 2.682176e-01 7.987429e-01 5.227753e-01 1.010582e-01 1.289192e-01 3.627339e-01 1.303408e-01 -2.068220e-01 8.962002e-03
<VARIANCE> 39
 1.260512e+01 1.611351e+01 2.658286e+01 2.033762e+01 1.925609e+01 2.088704e+01 2.388208e+01 2.123163e+01 2.205013e+01 2.303047e+01 1.565361e+01 1.152274e+01 1.292417e-02 1.969720e+00 2.546400e+00 4.124645e+00 3.129422e+00 4.085175e+00 3.751509e+00 5.459251e+00 5.332873e+00 4.113610e+00 4.087124e+00 3.029686e+00 2.512356e+00 7.192032e-04 2.215980e-01 2.219086e-01 2.591946e-01 2.566107e-01 3.514476e-01 4.262474e-01 4.800580e-01 3.988033e-01 3.111639e-01 4.069637e-01 3.241828e-01 2.377508e-01 8.133894e-05
<GCONST> 8.715070e+01
<MIXTURE> 6 5.958432e-02
<MEAN> 39
 -2.593147e+01 -8.496090e+00 2.532002e+00 -9.739641e+00 -7.972396e+00 -2.590643e-01 -2.979627e+00 -6.139885e-01 2.148413e+00 -2.288804e+00 -2.952651e+00 9.393725e-01 5.200797e-01 3.887966e+00 1.012504e+00 4.064352e-02 3.969725e-01 -2.950502e-01 -1.043216e+00 -8.004252e-01 -5.478861e-01 -9.518693e-01 -3.445955e-01 -7.556591e-01 -6.481932e-01 -4.849020e-02 1.300844e+00 2.881711e-01 -1.043273e-01 8.648867e-02 -2.688553e-01 -6.486432e-01 -3.216093e-01 -2.025248e-01 -8.663021e-01 -1.075337e-01 8.881239e-02 -4.011747e-01 8.806231e-03
<VARIANCE> 39
 9.351604e+00 8.594473e+00 1.748103e+01 1.607341e+01 2.011571e+01 1.994145e+01 2.819034e+01 2.160377e+01 2.477847e+01 1.900825e+01 1.340300e+01 1.336601e+01 1.460083e-02 2.868057e+00 1.439575e+00 1.935234e+00 2.287722e+00 2.033939e+00 2.922797e+00 1.845572e+00 2.040971e+00 2.787886e+00 2.255687e+00 1.557703e+00 1.813042e+00 8.047660e-04 2.817393e-01 2.067213e-01 4.736119e-01 5.118117e-01 3.855216e-01 5.370353e-01 6.453917e-01 5.138083e-01 4.952044e-01 6.761034e-01 3.943536e-01 4.062321e-01 1.787309e-04
<GCONST> 8.449703e+01
<MIXTURE> 7 4.863365e-02
<MEAN> 39
 -2.128981e+01 -1.067808e+01 -1.916797e+00 -3.840507e+00 -6.123263e+00 -4.166816e+00 -1.836903e+00 7.281631e-01 5.232193e-01 4.530990e-01 -6.576040e-01 -1.201688e+00 3.879379e-01 2.368058e+00 7.383156e-01 -1.710226e+00 6.746325e-01 1.410792e+00 3.655482e-01 -2.779511e-01 -1.360832e-01 1.541457e-01 5.985910e-01 3.197505e-02 -1.261550e-01 -1.081605e-01 9.807340e-02 5.641703e-01 9.806196e-02 -3.245552e-01 -8.518982e-02 2.656893e-01 -1.935954e-01 -3.006873e-01 -3.026599e-01 -2.650479e-01 -9.951791e-03 4.962121e-02 6.008369e-03
<VARIANCE> 39
 1.564009e+01 1.744329e+01 2.809742e+01 2.416014e+01 2.444187e+01 2.952471e+01 2.938422e+01 2.347891e+01 2.209922e+01 1.742953e+01 1.748262e+01 1.499901e+01 3.470340e-02 1.496012e+00 1.883208e+00 2.994857e+00 2.594369e+00 3.934114e+00 3.411900e+00 2.581678e+00 2.881444e+00 1.964556e+00 2.731526e+00 1.742029e+00 1.538428e+00 4.140382e-03 4.225320e-01 3.434339e-01 4.763668e-01 4.149815e-01 5.110821e-01 5.383354e-01 6.117776e-01 5.515426e-01 5.477156e-01 4.200580e-01 3.587773e-01 3.526155e-01 7.404743e-04
<GCONST> 9.328186e+01
<MIXTURE> 8 5.111138e-02
<MEAN> 39
 -1.640231e+01 -2.132139e-01 4.367980e+00 -1.361231e+01 -1.169649e+01 -9.432755e+00 -8.636760e+00 -5.645193e+00 -7.552473e+00 -6.401993e+00 -4.400936e+00 -2.476075e+00 5.773439e-01 6.141159e+00 -1.395546e+00 2.437280e-01 -1.518134e+00 -3.500159e+00 -3.646458e+00 -2.243141e+00 -1.088212e+00 -2.713537e+00 -6.857427e-01 -1.736550e+00 -3.918607e-01 1.856340e-02 -3.810238e-01 -7.485815e-01 -2.453431e-01 -1.954192e-01 2.904585e-01 3.857033e-01 5.246170e-01 6.248394e-01 1.474037e-01 6.791652e-01 1.494492e-01 2.258442e-01 1.641026e-02
<VARIANCE> 39
 1.564845e+01 9.591257e+00 1.868527e+01 2.303684e+01 2.113870e+01 2.065363e+01 2.080759e+01 2.579672e+01 1.978846e+01 1.551674e+01 1.298849e+01 1.333071e+01 1.313345e-02 1.495883e+00 2.847194e+00 3.825731e+00 3.185868e+00 2.931193e+00 3.203656e+00 3.183091e+00 4.706271e+00 4.160799e+00 3.351171e+00 3.378274e+00 2.486495e+00 7.791079e-04 2.287907e-01 2.200652e-01 2.978027e-01 3.108766e-01 3.358798e-01 4.598587e-01 4.142953e-01 4.574177e-01 3.200905e-01 3.847211e-01 3.460490e-01 3.420422e-01 5.982559e-05
<GCONST> 8.531615e+01
<MIXTURE> 9 8.732253e-02
<MEAN> 39
 -2.683070e+01 -9.139469e+00 2.903399e+00 -8.478572e+00 -1.204725e+01 -2.778171e+00 -3.890389e-01 -1.976884e+00 -1.501182e+00 -1.372102e+00 -1.880246e+00 -1.668139e+00 6.176190e-01 3.034071e+00 6.081336e-01 5.252494e-01 8.088794e-01 -2.130350e-01 -1.061311e+00 -6.751043e-01 -1.798778e-01 -4.646408e-01 -3.967823e-01 -3.187612e-01 -1.584435e-01 -3.417947e-02 1.448960e+00 2.474506e-02 4.132912e-01 1.005583e-01 -2.230819e-01 -4.258311e-01 -8.534573e-01 2.525630e-01 -1.642201e-01 -3.860393e-01 1.813888e-01 1.177127e-01 8.178119e-03
<VARIANCE> 39
 6.175752e+00 9.091733e+00 1.183725e+01 1.664544e+01 1.349097e+01 1.296871e+01 1.576750e+01 1.645790e+01 1.330994e+01 1.477735e+01 1.259546e+01 1.025084e+01 1.038592e-02 1.648247e+00 6.317213e-01 9.081310e-01 9.297405e-01 1.201657e+00 1.537982e+00 1.604555e+00 1.294820e+00 1.373629e+00 1.213402e+00 1.163705e+00 9.718843e-01 3.266370e-04 8.822667e-02 2.021952e-01 3.294183e-01 2.863773e-01 3.091714e-01 2.710988e-01 3.226458e-01 3.864615e-01 4.211174e-01 3.830468e-01 3.429003e-01 2.205837e-01 8.924508e-05
<GCONST> 6.643214e+01
<MIXTURE> 10 7.195504e-02
<MEAN> 39
 -2.785357e+01 -3.560136e+00 1.592411e+00 -1.319555e+01 -4.769695e+00 -1.644454e+00 -2.285434e+00 7.401318e-01 -2.434943e+00 -1.723901e+00 -4.138626e-02 -4.572728e-01 5.899665e-01 4.823116e+00 4.127935e-02 4.181267e-01 -3.548240e-01 -2.648950e+00 -2.872152e+00 -1.894208e+00 -1.458283e+00 -1.799853e+00 -1.446707e+00 -1.481438e+00 -5.589502e-01 -2.226587e-02 1.315762e+00 -4.241222e-01 2.938709e-02 -3.570387e-01 -7.794071e-01 -7.158098e-01 -4.975162e-01 -1.505055e-01 -5.833989e-01 -5.672526e-02 -3.862309e-01 -3.993774e-02 1.587620e-02
<VARIANCE> 39
 9.569836e+00 1.197006e+01 1.664459e+01 1.489832e+01 1.680643e+01 2.199818e+01 1.613650e+01 1.656726e+01 1.772727e+01 1.475862e+01 1.276955e+01 1.248253e+01 1.393779e-02 1.358716e+00 1.125841e+00 2.217145e+00 1.538815e+00 2.013700e+00 1.764261e+00 1.779831e+00 2.560601e+00 2.174559e+00 1.584651e+00 1.612973e+00 1.368843e+00 5.524983e-04 2.181831e-01 2.776621e-01 4.118303e-01 3.957971e-01 3.218078e-01 4.668228e-01 4.536705e-01 4.934449e-01 4.922007e-01 4.083661e-01 4.550882e-01 3.656347e-01 9.457824e-05
<GCONST> 7.808888e+01
<MIXTURE> 11 6.272267e-02
<MEAN> 39
 -7.220636e+00 -7.340086e+00 2.022135e+00 -1.542212e+01 -1.694197e+01 -1.209080e+01 -8.331820e+00 -1.772936e+00 -8.674157e+00 -6.079774e+00 -5.167946e+00 -1.643478e+00 6.222868e-01 4.951459e+00 -2.282680e+00 -6.668284e-01 -1.403054e+00 -2.279315e+00 -2.511235e+00 -1.218132e+00 7.278665e-01 -1.608818e+00 -1.714294e-01 -1.103194e+00 8.994441e-02 4.004475e-02 -1.521611e+00 -1.192508e-01 -2.938404e-01 1.807951e-01 1.087919e+00 8.591226e-01 6.612203e-01 4.122839e-01 5.413425e-01 4.707791e-01 3.603981e-01 1.614106e-01 5.623558e-03
<VARIANCE> 39
 1.053420e+01 1.857354e+01 3.294576e+01 3.950880e+01 2.040731e+01 2.559172e+01 2.328541e+01 2.441702e+01 2.446953e+01 2.005821e+01 2.001728e+01 1.692406e+01 1.657834e-02 1.761959e+00 3.156463e+00 3.594612e+00 2.862858e+00 3.664063e+00 4.168027e+00 4.271453e+00 3.579485e+00 4.181318e+00 3.717951e+00 3.603335e+00 2.434353e+00 7.286787e-04 1.786089e-01 2.787851e-01 2.923987e-01 3.533587e-01 3.196483e-01 4.328939e-01 3.201053e-01 4.566880e-01 3.618977e-01 3.092602e-01 3.769387e-01 2.673731e-01 9.384776e-05
<GCONST> 8.891036e+01
<MIXTURE> 12 9.042978e-02
<MEAN> 39
 -1.892626e+01 -5.657568e+00 5.865102e+00 -5.386506e+00 -1.136072e+01 -5.304612e+00 -2.380256e+00 -2.988918e+00 -3.011118e+00 -2.584559e+00 -2.087497e+00 -1.878422e+00 5.499879e-01 6.138078e+00 -6.237883e-01 1.311633e+00 1.895194e-01 -1.582546e+00 -2.174736e+00 -3.598686e+00 8.042938e-01 -1.157839e+00 -1.425922e+00 4.449034e-01 -1.885753e-01 1.888112e-02 2.682531e-01 -7.623431e-01 2.847915e-02 -5.204430e-01 -2.937247e-01 4.565236e-02 -7.287383e-01 5.887625e-01 -1.422634e-02 -1.799957e-01 4.000284e-01 -2.969747e-02 2.251887e-02
<VARIANCE> 39
 2.054379e+01 1.189835e+01 1.539981e+01 1.638380e+01 1.529577e+01 2.084397e+01 1.696909e+01 1.739082e+01 1.870253e+01 1.259730e+01 1.246432e+01 9.950876e+00 1.095435e-02 9.502301e-01 1.815871e+00 3.822064e+00 2.277270e+00 2.942912e+00 2.584065e+00 2.892993e+00 2.923750e+00 5.150848e+00 3.033273e+00 2.082902e+00 1.642105e+00 7.561371e-04 3.727676e-01 1.687648e-01 3.819446e-01 2.172467e-01 4.328418e-01 3.867024e-01 4.394591e-01 3.752821e-01 4.934087e-01 3.445160e-01 3.385095e-01 2.780220e-01 7.664128e-05
<GCONST> 8.113524e+01
<MIXTURE> 13 7.568686e-02
<MEAN> 39
 -2.508142e+01 -1.195104e+01 2.822682e-01 -3.629643e+00 -1.033831e+01 -8.460262e+00 -1.127388e+00 3.418578e-01 -1.388781e+00 -3.393924e+00 -3.061191e-02 -7.221509e-01 5.529687e-01 1.651660e+00 -2.244753e-01 -1.248544e+00 2.042923e-01 7.536538e-01 -8.719968e-01 -8.055292e-01 4.651953e-01 4.689259e-01 -1.076032e-02 -3.214846e-01 5.792150e-02 -4.827797e-02 6.956280e-01 3.339745e-01 -1.162952e-01 -1.045457e-01 2.851043e-01 4.113304e-01 -2.381835e-01 -1.426439e-01 1.912817e-01 2.094159e-01 -1.421659e-01 -6.500680e-02 -8.287885e-03
<VARIANCE> 39
 1.055825e+01 8.090294e+00 1.450082e+01 2.130910e+01 1.983241e+01 2.288346e+01 3.032277e+01 2.083499e+01 2.325972e+01 1.687322e+01 1.782640e+01 1.246569e+01 1.863782e-02 8.607600e-01 6.821584e-01 1.411833e+00 1.661595e+00 1.644369e+00 1.815289e+00 1.881570e+00 1.772827e+00 1.569981e+00 1.823623e+00 1.269863e+00 1.296819e+00 6.380104e-04 3.779693e-01 1.488839e-01 2.023168e-01 2.768391e-01 3.701562e-01 3.049065e-01 4.693247e-01 3.788468e-01 4.349671e-01 3.561008e-01 3.528079e-01 2.829064e-01 1.531969e-04
<GCONST> 7.600830e+01
<MIXTURE> 14 5.528480e-02
<MEAN> 39
 -2.724148e+01 -1.029755e+01 4.790978e+00 -5.516304e+00 -1.191887e+01 -3.048432e+00 2.080560e+00 -1.573078e+00 -2.681536e-01 -1.122283e+00 -1.396944e+00 -1.975572e+00 6.096097e-01 4.637804e+00 2.246427e-01 -8.688629e-01 5.361030e-01 -5.488471e-01 -2.527124e+00 -2.191471e+00 2.613195e-02 -3.095078e-01 -6.583419e-01 -6.009167e-01 -1.898256e-01 -2.197612e-02 1.621428e+00 -1.544286e-01 -4.365599e-01 -3.555941e-01 9.476250e-02 -5.489761e-01 -1.369979e+00 2.222632e-01 7.859605e-02 -2.263110e-01 2.738955e-02 1.181973e-01 1.412277e-02
<VARIANCE> 39
 8.250145e+00 1.259659e+01 1.219869e+01 2.055563e+01 1.222487e+01 2.555936e+01 1.752781e+01 1.905814e+01 1.701658e+01 1.419302e+01 1.320937e+01 9.750675e+00 9.857922e-03 2.460214e+00 1.231182e+00 1.521650e+00 1.998747e+00 1.743552e+00 2.140186e+00 2.345408e+00 2.126494e+00 1.678443e+00 1.463257e+00 1.224689e+00 1.270328e+00 6.947396e-04 1.798714e-01 3.029914e-01 2.597837e-01 3.993786e-01 5.041732e-01 4.704001e-01 5.620487e-01 6.222956e-01 4.302442e-01 4.807761e-01 2.727473e-01 3.526318e-01 1.505628e-04
<GCONST> 7.795634e+01
<MIXTURE> 15 5.147806e-02
<MEAN> 39
 -2.996002e+01 -1.106690e+00 2.133571e+00 -1.213640e+01 -1.180106e+00 -7.322366e-01 -4.807980e+00 2.812865e+00 -2.054785e+00 -3.457486e+00 2.631914e-01 7.026198e-01 6.263549e-01 2.076561e+00 1.980646e-01 -9.615824e-01 8.795826e-01 3.067422e-01 -3.262555e-01 2.999859e-01 -4.566843e-01 -2.731532e-01 1.318299e-01 -5.161396e-01 -8.118222e-02 -8.322804e-02 9.373251e-01 -3.726628e-01 -3.640102e-01 5.083379e-01 -5.488331e-01 -2.811944e-01 2.844130e-01 -4.374165e-01 -5.392799e-02 3.184589e-01 -2.456319e-01 -2.541366e-01 -1.946101e-02
<VARIANCE> 39
 1.125152e+01 2.157936e+01 2.398074e+01 1.881853e+01 2.092017e+01 3.282340e+01 2.047186e+01 2.006814e+01 2.727411e+01 2.067320e+01 1.719984e+01 1.509748e+01 1.524128e-02 2.658176e+00 2.548429e+00 2.759046e+00 2.387416e+00 3.067872e+00 2.913105e+00 2.555928e+00 2.817031e+00 2.552486e+00 2.603019e+00 1.729784e+00 1.674117e+00 3.362156e-03 4.302156e-01 4.307311e-01 3.767664e-01 4.123844e-01 4.324577e-01 7.387567e-01 5.325749e-01 5.386785e-01 5.706247e-01 5.554240e-01 3.806273e-01 3.847565e-01 4.765515e-04
<GCONST> 9.210996e+01
<MIXTURE> 16 4.446481e-02
<MEAN> 39
 -2.264720e+01 -3.609207e+00 1.880829e+00 -1.222131e+01 -6.019678e+00 -3.412112e+00 -2.468837e+00 7.292379e-01 -3.567774e+00 -3.702812e+00 -1.694212e+00 -6.450217e-01 4.978595e-01 6.428206e+00 -1.222256e+00 -4.682190e-01 -8.533574e-01 -2.738987e+00 -2.927270e+00 -2.028963e+00 -6.538666e-01 -1.484549e+00 -8.453116e-01 -2.145768e+00 -5.369274e-01 5.026078e-03 5.991230e-01 -6.329611e-01 -2.513723e-01 -4.252094e-01 -2.558104e-01 -2.824564e-01 -2.917523e-01 8.918919e-02 -1.322251e-01 3.506383e-01 -2.973111e-01 3.127450e-02 2.653269e-02
<VARIANCE> 39
 1.197187e+01 1.553224e+01 1.379448e+01 1.126854e+01 2.179130e+01 2.198879e+01 2.086934e+01 2.076520e+01 2.213775e+01 2.037201e+01 1.757737e+01 1.728704e+01 1.590782e-02 9.911680e-01 2.079276e+00 2.243876e+00 3.143727e+00 3.837979e+00 3.722805e+00 2.601213e+00 2.631419e+00 3.099825e+00 2.623589e+00 1.906312e+00 2.155469e+00 9.036721e-04 2.604179e-01 2.797334e-01 2.911707e-01 3.746279e-01 5.100517e-01 5.411726e-01 4.813413e-01 5.240307e-01 4.905772e-01 3.979253e-01 4.267098e-01 3.910154e-01 1.161378e-04
<GCONST> 8.565461e+01
<TRANSP> 5
 0.000000e+00 1.000000e+00 0.000000e+00 0.000000e+00 0.000000e+00
 0.000000e+00 7.546383e-01 2.453617e-01 0.000000e+00 0.000000e+00
 0.000000e+00 0.000000e+00 8.353025e-01 1.646976e-01 0.000000e+00
 0.000000e+00 0.000000e+00 0.000000e+00 7.168077e-01 2.831922e-01
 0.000000e+00 0.000000e+00 0.000000e+00 0.000000e+00 0.000000e+00
<ENDHMM>
