~o
<STREAMINFO> 1 39
<VECSIZE> 39<NULLD><MFCC_E_D_A><DIAGC>
~h "t"
<BEGINHMM>
<NUMSTATES> 5
<STATE> 2
<NUMMIXES> 16
<MIXTURE> 1 7.253241e-02
<MEAN> 39
 -1.935988e+01 -3.335132e+00 -1.772752e+00 -1.981818e+00 -1.855893e+00 -2.942992e+00 -2.469685e+00 -1.149043e+00 -2.443688e+00 -8.326601e-01 -1.302322e+00 -1.014896e+00 5.984720e-02 -2.491600e+00 -1.859111e-01 -7.238576e-01 7.299327e-01 1.568134e+00 2.119964e+00 1.273477e+00 6.114407e-01 9.143645e-01 8.495764e-01 6.250309e-01 2.834876e-01 -1.041791e-01 1.099508e+00 -6.213421e-01 -4.571618e-01 -1.012859e+00 -7.586799e-01 -4.384086e-01 -3.573371e-01 1.029948e-01 -6.310046e-02 -5.920326e-02 -6.284608e-02 1.028787e-02 5.565991e-02
<VARIANCE> 39
 1.956752e+01 3.122445e+01 3.220398e+01 3.412510e+01 3.156153e+01 3.222911e+01 3.439296e+01 3.224066e+01 2.513598e+01 2.116370e+01 1.814084e+01 1.442782e+01 2.430803e-02 3.410866e+00 3.576997e+00 3.643365e+00 5.268029e+00 4.251686e+00 4.510385e+00 4.323544e+00 5.097327e+00 4.263211e+00 3.195442e+00 2.570993e+00 2.220247e+00 5.345682e-03 5.156994e-01 8.743069e-01 7.950450e-01 1.019727e+00 9.286263e-01 1.029925e+00 9.567866e-01 9.183648e-01 7.641097e-01 6.559685e-01 5.959612e-01 4.700582e-01 8.394687e-04
<GCONST> 1.075558e+02
<MIXTURE> 2 4.667081e-02
<MEAN> 39
 -1.976647e+01 -1.073681e+00 -4.470180e+00 4.877283e-01 -7.013528e-01 1.570564e+00 2.298992e-01 1.600514e+00 7.401794e-01 1.413394e+00 5.990876e-01 5.773489e-01 -9.925196e-02 1.407562e-01 -1.709477e+00 -4.524519e-01 -1.542409e+00 -4.497748e-01 -7.587570e-02 7.660678e-02 1.167214e-01 2.379088e-01 1.729181e-01 2.894647e-01 2.599054e-01 5.417781e-02 2.691253e-01 -4.273782e-01 7.182057e-03 -1.192968e+00 -6.385561e-01 -9.995977e-01 -4.873150e-01 -3.224529e-01 -4.245006e-01 -3.959886e-01 -2.598207e-01 -8.410352e-02 7.363029e-02
<VARIANCE> 39
 1.297281e+00 2.924732e+00 2.979214e+00 5.483646e+00 5.830553e+00 7.461689e+00 6.784850e+00 7.879345e+00 8.745594e+00 7.537480e+00 7.750440e+00 7.334867e+00 2.914468e-03 1.933588e+00 4.291953e+00 2.774269e+00 4.345838e+00 2.745792e+00 3.035921e+00 2.710484e+00 2.582124e+00 2.601372e+00 1.795598e+00 1.877306e+00 1.636028e+00 8.729422e-03 5.331226e-01 4.420904e-01 4.482137e-01 5.428526e-01 4.870452e-01 4.598145e-01 4.568536e-01 4.945350e-01 4.985306e-01 3.265612e-01 3.224187e-01 2.621521e-01 8.191743e-04
<GCONST> 7.530549e+01
<MIXTURE> 3 5.795436e-02
<MEAN> 39
 -1.128923e+01 8.699384e-02 7.845215e-01 -4.991071e+00 -8.035624e+00 -9.265552e+00 -6.319638e+00 -2.143225e+00 -3.257609e+00 -3.172415e+00 -2.927318e+00 -6.432340e-01 3.580053e-01 -3.439104e+00 1.994205e+00 -5.725852e-01 2.508845e+00 3.242089e+00 3.216626e+00 1.572067e+00 -3.398453e-01 5.114908e-01 3.654116e-01 5.348116e-01 -1.637945e-01 -1.928274e-01 -1.048072e-01 -1.161454e+00 -6.401117e-01 -4.457250e-01 8.256271e-03 4.364356e-01 1.932190e-01 4.515255e-01 1.352925e-01 3.670744e-01 1.536916e-01 -3.929595e-02 6.858360e-03
<VARIANCE> 39
 1.582173e+01 2.361341e+01 2.921690e+01 3.532904e+01 3.353951e+01 3.020514e+01 3.317272e+01 3.023725e+01 3.668959e+01 2.787018e+01 2.254839e+01 1.780569e+01 2.578764e-02 2.046383e+00 3.527687e+00 4.992956e+00 4.685769e+00 4.556218e+00 3.994819e+00 4.565429e+00 5.229760e+00 5.316563e+00 3.872673e+00 3.590189e+00 2.854549e+00 2.375050e-03 3.544541e-01 4.042085e-01 4.719440e-01 6.358017e-01 7.085371e-01 7.173057e-01 7.558388e-01 7.042373e-01 6.442637e-01 6.093302e-01 5.420609e-01 3.809020e-01 6.275021e-04
<GCONST> 1.038110e+02
<MIXTURE> 4 4.859844e-02
<MEAN> 39
 -1.359569e+01 -4.453045e+00 -9.931356e+00 -6.956627e+00 -5.569824e+00 -2.462986e+00 -2.347887e+00 -1.681591e+00 -2.304024e+00 -1.147461e-01 -1.015648e+00 -9.112961e-01 -4.795402e-02 -2.593534e-01 -2.785642e-01 -3.334454e-01 -1.624917e-01 2.494949e-01 5.561792e-01 2.919099e-01 -1.171881e-02 2.219895e-01 1.760797e-01 6.770179e-02 1.993000e-02 1.798220e-03 -4.923921e-01 -9.608420e-02 7.945658e-01 2.614346e-01 2.551093e-01 -7.018437e-02 4.400856e-02 2.507341e-01 -1.698943e-03 -6.578746e-02 1.770393e-02 6.010714e-02 2.918263e-02
<VARIANCE> 39
 1.389964e+01 2.013797e+01 3.084059e+01 2.050895e+01 2.285212e+01 2.743603e+01 1.947354e+01 2.270873e+01 1.758521e+01 1.646425e+01 1.557032e+01 1.446703e+01 1.156186e-02 2.363722e+00 2.737239e+00 3.794281e+00 3.252497e+00 2.550806e+00 2.830228e+00 2.160222e+00 2.294851e+00 2.000481e+00 1.762960e+00 1.673943e+00 1.403514e+00 3.407772e-03 4.546556e-01 5.877656e-01 9.332061e-01 5.784838e-01 6.175055e-01 7.086875e-01 5.770357e-01 5.419445e-01 5.213342e-01 4.479473e-01 4.125393e-01 3.626814e-01 7.972330e-04
<GCONST> 9.289671e+01
<MIXTURE> 5 6.145367e-02
<MEAN> 39
 -1.937365e+01 -2.238474e+00 -5.115440e+00 -1.076121e+00 -1.671573e+00 2.191945e-01 -1.221997e+00 1.557313e-01 -2.641081e-01 8.241968e-01 -4.328000e-03 -1.258334e-01 -1.500787e-01 -1.585925e-01 -1.724967e-01 -2.617691e-01 -3.538059e-02 6.438340e-02 2.145623e-01 2.187666e-01 2.290582e-01 2.688289e-01 2.197266e-01 1.738833e-01 1.036837e-01 -3.947686e-03 2.612987e-01 -2.432100e-01 9.735769e-02 -5.269941e-01 -2.018922e-01 -4.245895e-01 -2.019522e-01 -1.889129e-01 -2.289286e-01 -1.710279e-01 -1.401749e-01 -5.756539e-02 3.907073e-02
<VARIANCE> 39
 1.094293e+00 2.766598e+00 3.371053e+00 5.216263e+00 6.248040e+00 7.061161e+00 7.105486e+00 8.533658e+00 8.574631e+00 8.263741e+00 8.327093e+00 7.426797e+00 1.097022e-04 4.159667e-01 5.480844e-01 8.041917e-01 7.645552e-01 8.509122e-01 9.587299e-01 9.757552e-01 1.202360e+00 1.420431e+00 1.274323e+00 1.145146e+00 1.106658e+00 2.951745e-04 2.745380e-01 2.777388e-01 3.069556e-01 3.731363e-01 3.507910e-01 3.304505e-01 3.523030e-01 3.513988e-01 3.757465e-01 3.117712e-01 2.966071e-01 2.724122e-01 6.792103e-04
<GCONST> 5.256562e+01
<MIXTURE> 6 5.836002e-02
<MEAN> 39
 -1.881824e+01 -4.937273e+00 -6.491879e+00 -3.768354e+00 -6.696457e-01 5.076932e-01 -8.043538e-01 -5.725182e-01 -1.132953e+00 1.788707e+00 -9.767129e-02 -9.426098e-01 1.530373e-02 -4.312283e-01 -1.897067e+00 -3.424404e-01 -2.122755e+00 -7.344233e-01 -3.834151e-01 -5.562901e-02 7.540455e-01 5.816358e-01 8.761456e-02 4.920821e-01 6.214390e-01 9.592749e-02 2.657214e-01 3.024411e-01 3.686253e-01 -4.919785e-01 -7.027708e-01 -8.982542e-01 -3.565922e-01 -8.514386e-02 -2.838849e-01 -4.294173e-01 -2.410578e-01 6.334461e-02 5.400311e-02
<VARIANCE> 39
 1.959193e+01 1.997523e+01 2.995862e+01 2.463110e+01 2.375681e+01 2.051562e+01 2.414244e+01 2.343875e+01 2.094804e+01 1.568728e+01 1.462942e+01 1.376017e+01 2.463754e-02 2.497361e+00 3.269397e+00 4.734987e+00 4.083815e+00 3.318638e+00 3.745656e+00 3.157641e+00 2.837668e+00 3.138567e+00 2.640782e+00 2.167875e+00 1.882820e+00 5.350867e-03 6.816491e-01 5.291247e-01 7.859985e-01 6.702545e-01 6.594180e-01 6.252158e-01 6.818284e-01 6.514487e-01 6.092600e-01 4.555045e-01 4.305100e-01 3.590664e-01 8.250361e-04
<GCONST> 9.863274e+01
<MIXTURE> 7 6.166201e-02
<MEAN> 39
 -1.104924e+01 4.324181e+00 1.296431e+00 1.211563e+00 -3.721605e+00 -5.856093e+00 -7.906939e+00 -6.769823e+00 -7.526803e+00 -6.134362e+00 -6.738069e+00 -4.889822e+00 8.171096e-02 -3.123502e+00 5.979964e-01 -1.043458e+00 1.359372e+00 2.639089e+00 2.479488e+00 1.591607e+00 2.689687e-01 6.548537e-01 3.344205e-01 3.476167e-01 1.187451e-01 -1.422458e-01 -1.805345e-01 -1.750932e+00 -5.909826e-01 -1.498315e+00 -6.590580e-01 -6.183036e-02 2.604973e-01 8.552680e-01 6.258537e-01 7.721985e-01 7.262199e-01 5.009657e-01 5.093645e-02
<VARIANCE> 39
 9.483711e+00 8.610329e+00 1.459135e+01 1.815577e+01 2.088979e+01 1.962372e+01 1.854733e+01 2.208087e+01 2.297685e+01 1.914695e+01 1.819666e+01 1.556688e+01 1.496296e-02 2.056976e+00 4.435713e+00 4.610939e+00 5.492431e+00 4.566724e+00 4.291950e+00 4.103849e+00 4.661774e+00 5.741778e+00 3.569378e+00 3.426290e+00 2.830523e+00 4.555152e-03 3.031970e-01 3.875270e-01 5.379742e-01 6.011917e-01 7.148882e-01 6.147836e-01 7.472628e-01 6.329809e-01 6.399966e-01 5.436057e-01 4.795850e-01 4.584239e-01 6.781031e-04
<GCONST> 9.778351e+01
<MIXTURE> 8 6.193337e-02
<MEAN> 39
 -1.565467e+01 2.143802e+00 -9.165936e-01 1.780208e+00 -9.325865e-01 -1.632896e+00 -4.480445e+00 -4.355297e+00 -5.514624e+00 -4.412193e+00 -4.828401e+00 -3.639978e+00 -8.744470e-02 -2.703411e+00 -1.624873e+00 -1.765232e+00 -4.907931e-01 1.396485e+00 2.152861e+00 1.637405e+00 1.155225e+00 1.393945e+00 1.252956e+00 1.233278e+00 6.807451e-01 -6.926492e-02 3.924670e-01 -1.235440e+00 -2.153872e-01 -1.457513e+00 -9.791176e-01 -7.324194e-01 -1.484408e-01 3.933187e-01 2.719219e-01 4.162152e-01 4.658167e-01 3.910763e-01 7.634712e-02
<VARIANCE> 39
 4.766230e+00 5.753349e+00 6.025422e+00 6.979835e+00 9.857417e+00 1.006129e+01 1.112773e+01 1.007278e+01 1.066176e+01 1.124045e+01 1.071095e+01 1.114227e+01 4.843264e-03 1.589216e+00 4.040220e+00 3.467138e+00 5.607634e+00 3.858255e+00 4.001062e+00 3.131299e+00 3.897649e+00 4.056160e+00 2.853449e+00 2.605238e+00 2.293321e+00 8.184978e-03 2.937270e-01 5.579098e-01 5.299485e-01 6.548178e-01 5.584018e-01 5.699802e-01 6.459543e-01 5.252283e-01 6.234303e-01 4.322241e-01 3.977011e-01 3.912988e-01 7.939297e-04
<GCONST> 8.637518e+01
<MIXTURE> 9 5.564387e-02
<MEAN> 39
 -1.905220e+01 -3.414717e+00 -6.256630e+00 -1.487930e+00 -5.106753e-01 7.247651e-01 -2.165196e+00 -2.093266e+00 -1.609528e+00 9.738800e-01 -7.714341e-01 -1.575337e+00 -1.505971e-01 2.654643e-01 -1.801698e+00 2.087931e-01 -1.840426e+00 -8.880181e-01 -3.518119e-01 -2.082874e-01 2.419039e-01 2.354081e-02 -2.735745e-01 1.419891e-01 4.513245e-01 1.022345e-01 2.114062e-02 -9.744917e-02 2.931970e-01 -7.546102e-01 -5.453503e-01 -6.973356e-01 -8.936053e-02 3.074425e-01 1.255011e-02 -2.228829e-01 4.795432e-02 2.098464e-01 6.220917e-02
<VARIANCE> 39
 1.670848e+00 4.239813e+00 6.547877e+00 6.685255e+00 1.011944e+01 9.679644e+00 9.759283e+00 9.535325e+00 8.758519e+00 1.305695e+01 9.785153e+00 8.749065e+00 1.097022e-04 2.054242e+00 3.668307e+00 3.633528e+00 3.309579e+00 3.276650e+00 3.085104e+00 2.899127e+00 2.928854e+00 2.121668e+00 2.041644e+00 2.010192e+00 1.940725e+00 5.733632e-03 4.031201e-01 4.648945e-01 4.221494e-01 4.755723e-01 4.836732e-01 5.184191e-01 3.998578e-01 3.854708e-01 3.239026e-01 4.324464e-01 3.084519e-01 2.893256e-01 7.932754e-04
<GCONST> 7.517346e+01
<MIXTURE> 10 1.012887e-01
<MEAN> 39
 -1.862234e+01 -1.630218e+00 -4.285662e+00 -7.156147e-01 -1.618828e+00 -3.593819e-01 -1.963703e+00 -7.853211e-01 -1.051205e+00 1.123015e-02 -7.561700e-01 -8.511851e-01 -1.500870e-01 -1.764857e+00 -1.474350e+00 -1.106411e+00 -7.247122e-01 7.686712e-01 1.377293e+00 1.231298e+00 1.091728e+00 1.168866e+00 1.047080e+00 1.067450e+00 7.249150e-01 -1.517656e-02 8.110301e-01 -6.386294e-01 1.029633e-01 -1.144300e+00 -8.438355e-01 -9.115150e-01 -4.279687e-01 -5.357502e-02 -2.707802e-01 -1.913774e-01 -1.255230e-01 5.029110e-02 8.396993e-02
<VARIANCE> 39
 1.904946e+00 3.376510e+00 4.536113e+00 6.212648e+00 7.381375e+00 8.354498e+00 1.007105e+01 1.055894e+01 1.022678e+01 9.916313e+00 8.475286e+00 9.113669e+00 1.097022e-04 1.607708e+00 3.607691e+00 2.934874e+00 4.721995e+00 3.254829e+00 3.097915e+00 2.666235e+00 3.029635e+00 3.149352e+00 2.553598e+00 2.283329e+00 2.109984e+00 8.132705e-03 2.616886e-01 5.468358e-01 6.120260e-01 7.157635e-01 5.634899e-01 5.679681e-01 5.712129e-01 5.972683e-01 6.261265e-01 4.384688e-01 3.881510e-01 3.921003e-01 7.734597e-04
<GCONST> 7.782168e+01
<MIXTURE> 11 5.508520e-02
<MEAN> 39
 -1.304773e+01 -1.357581e+00 -3.609708e+00 -4.135881e+00 -3.534117e+00 -3.820447e+00 -3.447979e+00 -6.692711e+00 -9.267731e+00 -3.910104e+00 -5.569783e+00 -4.298266e+00 1.612828e-01 -3.060463e+00 -2.877738e+00 -1.257202e+00 -1.698150e+00 8.587429e-01 9.116162e-01 5.782745e-01 2.565850e+00 2.732285e+00 7.824111e-01 1.710423e+00 1.371468e+00 2.308380e-02 -8.412689e-02 -2.143920e-01 2.050013e-02 -5.719330e-01 -7.029175e-01 -4.117629e-01 7.371365e-02 3.393410e-01 4.446294e-01 4.002910e-01 3.437216e-01 3.460730e-01 4.796599e-02
<VARIANCE> 39
 1.497526e+01 2.249260e+01 2.751628e+01 2.628657e+01 2.883369e+01 2.335950e+01 2.858778e+01 3.305895e+01 3.448567e+01 2.336585e+01 2.516081e+01 2.102356e+01 3.199181e-02 3.077515e+00 3.411485e+00 4.019988e+00 4.215974e+00 5.181835e+00 4.284801e+00 4.933269e+00 4.819115e+00 4.939812e+00 4.583763e+00 4.101723e+00 3.283015e+00 3.660956e-03 4.286578e-01 5.841652e-01 6.437345e-01 6.156982e-01 7.739608e-01 5.559962e-01 6.610791e-01 9.411257e-01 8.354728e-01 4.926650e-01 5.726414e-01 5.402214e-01 4.978619e-04
<GCONST> 1.052311e+02
<MIXTURE> 12 8.258290e-02
<MEAN> 39
 -2.532017e+01 1.946477e+00 -1.821504e+00 -6.508950e+00 2.769124e+00 -1.676848e+00 -1.730752e+00 1.762410e+00 -1.852191e+00 1.047403e+00 -4.264681e-01 -4.237515e-01 1.977539e-01 2.322934e+00 -1.950052e+00 -2.628507e-01 3.983901e-01 -9.900051e-01 4.319131e-01 -7.320780e-02 -3.572305e-01 1.525740e-01 5.523797e-02 2.296482e-01 2.175315e-02 -8.844165e-02 7.804731e-02 -5.854008e-01 -5.959288e-01 -6.124284e-01 -6.648349e-01 -5.384312e-01 -5.018669e-02 -1.294885e-01 -4.260362e-02 -1.937093e-01 -1.164275e-01 1.159852e-01 5.101635e-02
<VARIANCE> 39
 1.220234e+01 1.303361e+01 2.402354e+01 2.205351e+01 1.395423e+01 1.500445e+01 1.777397e+01 1.436450e+01 1.257311e+01 1.028811e+01 9.361109e+00 7.920991e+00 3.386278e-02 1.839409e+00 3.249985e+00 2.860616e+00 4.341920e+00 2.587212e+00 2.569029e+00 2.064328e+00 1.903802e+00 1.754950e+00 1.523801e+00 1.292403e+00 1.172921e+00 8.080211e-03 4.058585e-01 3.495609e-01 3.813266e-01 4.250553e-01 3.557428e-01 3.254318e-01 3.338744e-01 3.170431e-01 3.041294e-01 2.653988e-01 2.487323e-01 2.083248e-01 6.832395e-04
<GCONST> 8.290036e+01
<MIXTURE> 13 9.446541e-02
<MEAN> 39
 -1.954142e+01 -2.075350e+00 -4.966279e+00 -9.359387e-01 -1.592986e+00 2.542603e-01 -7.799886e-01 7.187519e-01 3.420808e-01 9.876084e-01 2.396957e-01 1.581612e-01 -1.504683e-01 -1.204652e-01 -2.065305e+00 -3.489191e-01 -3.009080e+00 -3.719654e-01 -9.322459e-01 -9.029617e-02 1.857287e-01 -1.199530e-01 1.086934e-01 2.282311e-01 4.491686e-01 1.532097e-01 7.949719e-02 1.028374e-01 5.767027e-02 -7.830403e-01 -3.402657e-01 -7.574528e-01 -1.792460e-01 -2.066120e-01 -3.461771e-01 -2.486892e-01 -2.543659e-01 -3.417898e-02 6.130564e-02
<VARIANCE> 39
 6.515836e-01 2.148407e+00 2.533823e+00 4.364621e+00 4.976439e+00 5.939751e+00 7.188727e+00 7.502628e+00 8.310303e+00 8.279806e+00 7.175528e+00 6.706024e+00 1.097022e-04 8.322971e-01 1.716266e+00 2.125070e+00 2.141170e+00 2.133521e+00 2.145305e+00 2.427099e+00 2.389024e+00 1.783757e+00 1.784854e+00 1.770664e+00 1.425439e+00 2.186967e-03 2.914287e-01 2.721590e-01 3.440968e-01 3.449971e-01 3.188120e-01 3.388616e-01 3.709168e-01 3.461661e-01 3.521051e-01 3.029043e-01 2.798475e-01 2.349813e-01 4.688725e-04
<GCONST> 6.031888e+01
<MIXTURE> 14 5.590423e-02
<MEAN> 39
 -2.035694e+01 -1.400565e+00 -5.089393e+00 -1.162706e+00 -9.963977e-01 -1.772072e-01 -1.037355e+00 5.594861e-01 -2.403632e-01 8.869535e-01 1.480632e-01 2.389758e-01 -1.494157e-01 1.897634e+00 -2.433832e+00 -7.997766e-01 -7.495628e-02 -1.084366e+00 1.076305e-01 -1.279864e-01 -3.253822e-01 -6.297985e-02 -8.069983e-03 2.844645e-02 -4.517272e-02 -2.499578e-02 -6.379225e-01 -1.755426e-01 -7.183944e-02 -1.241170e+00 -2.413351e-01 -6.430229e-01 -1.500177e-01 4.818250e-03 -1.960509e-01 -1.826515e-01 -1.572594e-01 2.066772e-02 9.113615e-02
<VARIANCE> 39
 1.861121e+00 3.288259e+00 4.215320e+00 6.169945e+00 7.622262e+00 7.837835e+00 9.945796e+00 9.270361e+00 9.020865e+00 8.002269e+00 8.084291e+00 7.064254e+00 1.097022e-04 1.221977e+00 3.890383e+00 2.667232e+00 3.952066e+00 2.890095e+00 2.732752e+00 2.310152e+00 1.694272e+00 1.779888e+00 1.557990e+00 1.406962e+00 1.131172e+00 7.003264e-03 2.495800e-01 3.992385e-01 4.031662e-01 4.120241e-01 4.162438e-01 4.062800e-01 4.471914e-01 3.581877e-01 2.979825e-01 2.860715e-01 2.593256e-01 2.495029e-01 7.340739e-04
<GCONST> 6.830931e+01
<MIXTURE> 15 4.827228e-02
<MEAN> 39
 -2.306492e+01 -8.863924e+00 1.067019e-02 -3.102053e+00 -5.577140e+00 1.843701e+00 -1.549814e+00 -1.247245e+00 3.248844e-01 3.827609e-02 -6.523731e-01 5.264736e-01 2.194794e-01 1.293851e+00 -2.074612e+00 -1.353464e+00 -9.806294e-02 -1.455549e+00 -8.419891e-01 5.114052e-01 -3.115208e-01 -4.208122e-01 1.288182e-01 9.557533e-02 -2.157156e-03 1.577191e-02 4.536625e-02 5.819842e-01 -3.928073e-01 -7.265516e-01 6.592132e-02 -8.585947e-01 -2.818270e-01 2.752410e-01 -2.279622e-01 -1.753277e-01 -5.167571e-02 -1.560665e-01 4.305675e-02
<VARIANCE> 39
 2.665444e+01 3.441939e+01 3.385895e+01 3.674113e+01 2.346885e+01 2.522650e+01 2.233389e+01 1.684263e+01 1.552094e+01 1.293646e+01 1.068254e+01 9.346851e+00 3.890562e-02 2.516434e+00 4.376259e+00 3.309873e+00 4.297179e+00 3.993952e+00 3.075815e+00 2.373359e+00 2.366685e+00 1.973153e+00 1.716725e+00 1.542914e+00 1.217408e+00 5.699325e-03 7.529646e-01 7.189682e-01 6.580896e-01 7.146247e-01 5.423874e-01 6.392946e-01 6.241165e-01 4.629633e-01 4.955542e-01 3.592134e-01 3.181753e-01 3.023255e-01 7.551141e-04
<GCONST> 9.564410e+01
<MIXTURE> 16 3.755476e-02
<MEAN> 39
 -1.428565e+01 -7.648193e+00 -5.256159e+00 -6.783376e+00 -8.386539e+00 -6.288776e+00 -4.289166e+00 -1.612544e+00 -2.863568e+00 -1.921172e+00 -1.564957e+00 -1.508678e+00 2.269364e-01 -1.472917e+00 -7.156861e-01 -2.766340e-01 -1.036022e-01 4.337938e-01 6.971461e-01 5.761064e-01 6.879507e-01 8.564289e-01 4.181078e-01 6.213627e-01 4.485420e-01 -2.435211e-02 6.622807e-02 3.774103e-01 1.096455e-04 -1.783489e-01 3.976940e-01 2.069695e-01 9.947100e-02 5.419893e-02 -1.921519e-02 2.301301e-01 -7.339028e-02 8.580272e-02 1.833365e-02
<VARIANCE> 39
 2.549606e+01 4.548507e+01 4.111852e+01 6.337636e+01 4.938042e+01 5.207712e+01 5.388757e+01 4.924973e+01 5.270446e+01 5.182192e+01 4.706071e+01 3.749219e+01 3.978503e-02 5.568523e+00 5.907942e+00 4.245609e+00 5.500081e+00 6.628129e+00 7.496971e+00 4.643301e+00 5.589656e+00 5.395737e+00 5.060081e+00 4.943258e+00 3.564831e+00 6.845401e-03 8.180165e-01 1.232697e+00 1.003877e+00 1.730828e+00 1.329872e+00 1.666867e+00 1.360048e+00 1.320108e+00 1.292683e+00 1.395037e+00 1.174224e+00 1.051678e+00 1.573507e-03
<GCONST> 1.257850e+02
<STATE> 3
<NUMMIXES> 16
<MIXTURE> 1 4.458909e-02
<MEAN> 39
 -2.032297e+01 -6.057989e+00 -7.868613e+00 -1.007227e+01 -1.529229e+00 -5.540241e+00 -6.764032e-01 -1.712657e+00 -2.072466e+00 -4.139415e-01 -1.874705e+00 -1.942173e-01 3.917432e-01 -3.333519e+00 -7.038352e-01 -2.229867e+00 -1.749193e+00 7.456098e-01 1.148836e-02 1.758901e+00 1.739741e+00 2.358747e+00 1.533263e+00 1.690354e+00 1.473525e+00 9.799801e-02 8.110777e-01 7.179988e-01 6.337976e-01 2.149165e-01 -8.995953e-01 -3.387353e-01 -2.976705e-01 -4.533161e-01 -5.883780e-01 -2.393238e-01 -3.650844e-01 -1.693157e-01 1.774724e-02
<VARIANCE> 39
 1.244193e+01 2.081066e+01 2.303384e+01 2.090247e+01 2.141839e+01 1.980248e+01 1.770379e+01 1.646252e+01 1.658679e+01 1.584921e+01 1.135764e+01 1.017415e+01 2.239701e-02 2.688843e+00 3.182885e+00 2.936862e+00 3.618210e+00 3.890521e+00 3.153934e+00 3.432760e+00 3.380215e+00 3.697768e+00 3.308649e+00 3.029652e+00 2.136652e+00 2.442616e-03 4.734780e-01 4.965416e-01 5.939469e-01 6.447176e-01 6.302807e-01 6.786417e-01 5.998497e-01 6.404508e-01 6.457948e-01 5.921017e-01 4.671123e-01 4.186340e-01 6.180492e-04
<GCONST> 9.528835e+01
<MIXTURE> 2 5.632649e-02
<MEAN> 39
 -1.792438e+01 -1.185168e+01 -1.466346e+00 -1.156905e+01 -3.652764e+00 -1.516626e-01 -4.689421e+00 5.562231e-01 -2.238777e+00 -1.418182e+00 5.306666e-01 -3.528688e-01 4.233089e-01 -2.346469e+00 -2.085204e+00 -2.937463e-01 -2.965021e+00 -2.974811e-01 2.547460e-02 2.023687e-01 2.221612e+00 1.664373e+00 8.310544e-01 1.504623e+00 1.161966e+00 1.121026e-01 7.712877e-01 1.136255e+00 1.273231e-01 6.348013e-01 -6.198011e-01 -1.002541e+00 1.193430e-01 -4.845839e-01 -4.797891e-01 -4.333239e-02 -5.783848e-01 -2.389525e-01 9.135598e-03
<VARIANCE> 39
 1.278203e+01 1.672491e+01 1.851264e+01 2.332494e+01 2.974575e+01 2.191765e+01 2.038637e+01 2.797745e+01 2.305386e+01 1.934955e+01 1.922728e+01 1.663417e+01 1.510694e-02 3.413434e+00 3.482711e+00 3.054530e+00 3.775440e+00 3.947477e+00 3.662240e+00 4.304022e+00 3.609088e+00 4.650024e+00 3.167753e+00 2.920302e+00 3.016047e+00 3.476035e-03 5.310346e-01 4.418280e-01 5.034110e-01 6.245298e-01 7.297583e-01 6.231319e-01 7.147796e-01 8.775666e-01 8.570610e-01 8.085737e-01 7.511391e-01 5.793092e-01 4.094745e-04
<GCONST> 1.002898e+02
<MIXTURE> 3 5.058745e-02
<MEAN> 39
 -2.141170e+01 -3.317862e+00 -1.286315e+01 -9.612247e+00 -6.225844e+00 -5.246623e+00 4.883042e-01 -3.573765e+00 -4.142676e-01 -4.310903e-01 5.500333e-01 4.828534e-02 5.146584e-01 -8.559917e-01 9.244949e-01 -1.493619e-01 -7.573227e-01 -8.447321e-01 -8.941337e-01 8.842151e-01 -4.818164e-02 -5.520381e-02 -2.666598e-01 5.550453e-02 2.187505e-01 9.536560e-02 4.238643e-01 9.125425e-02 1.209516e+00 6.937820e-01 2.995662e-01 2.336783e-01 -1.004420e-01 3.623123e-01 -2.572733e-01 -7.859877e-02 -3.494686e-01 -5.248157e-02 -4.532205e-02
<VARIANCE> 39
 9.396827e+00 1.080176e+01 1.167054e+01 1.303314e+01 1.401668e+01 1.660092e+01 1.519612e+01 1.205844e+01 1.163446e+01 1.068746e+01 1.220561e+01 1.033430e+01 1.202393e-02 1.557511e+00 1.598355e+00 2.497863e+00 2.027432e+00 1.886874e+00 1.936834e+00 1.636477e+00 1.818804e+00 1.406792e+00 1.469204e+00 1.452957e+00 1.133295e+00 4.483758e-03 3.301382e-01 3.265385e-01 3.147342e-01 4.194089e-01 3.853652e-01 4.334424e-01 4.951874e-01 3.994974e-01 3.746172e-01 3.101133e-01 3.680701e-01 3.071398e-01 3.080479e-04
<GCONST> 7.788017e+01
<MIXTURE> 4 5.110677e-02
<MEAN> 39
 -2.698041e+01 -9.928388e+00 7.257727e-01 -7.240997e+00 -9.580740e+00 -1.937098e-01 4.360082e-01 -1.339421e+00 -6.835455e-01 6.968923e-01 -4.121352e-01 -4.219644e-01 5.313413e-01 1.010324e-01 1.631479e-01 -2.352912e-03 3.110558e-01 -9.385420e-01 -2.022285e+00 3.113403e-01 7.203112e-01 -5.234989e-01 -4.093481e-01 8.706477e-02 -8.946476e-02 4.345478e-02 1.553613e+00 4.046970e-01 -3.530169e-01 2.617584e-01 4.025297e-01 -8.620652e-01 -8.865561e-01 2.069551e-01 -2.014218e-01 -4.129645e-01 -2.095045e-01 -6.726821e-02 -1.184836e-02
<VARIANCE> 39
 1.497544e+01 1.997987e+01 1.897993e+01 2.327551e+01 2.219075e+01 1.992035e+01 1.846338e+01 1.513229e+01 1.579750e+01 1.207864e+01 1.020714e+01 9.453016e+00 1.615142e-02 4.818459e+00 2.404037e+00 2.684545e+00 2.982606e+00 2.009606e+00 3.135069e+00 2.622233e+00 2.050442e+00 2.246415e+00 1.941805e+00 1.531003e+00 1.382548e+00 2.278931e-03 6.096671e-01 4.844689e-01 5.423380e-01 5.352277e-01 5.916085e-01 6.319495e-01 7.059602e-01 4.856052e-01 4.599577e-01 3.418260e-01 2.930570e-01 2.616322e-01 6.777424e-04
<GCONST> 8.885358e+01
<MIXTURE> 5 8.719335e-02
<MEAN> 39
 -2.005771e+01 -1.013397e+01 -3.936442e+00 -1.519761e+01 -4.432566e+00 -2.405152e+00 -4.162219e+00 2.629088e+00 -2.292766e+00 -4.734695e-01 2.098456e+00 1.210849e+00 5.215082e-01 -6.385379e-01 6.462021e-02 2.015774e-01 -2.318948e+00 -7.845345e-01 -1.989032e+00 -3.461269e-02 8.735122e-01 -4.223935e-01 -1.203730e-01 -5.566777e-02 3.239973e-01 1.451820e-01 5.233182e-01 8.931553e-01 5.943534e-02 1.565761e+00 2.503150e-02 -2.743693e-01 2.246354e-01 -4.067195e-01 -3.965173e-03 -6.531223e-02 -6.648221e-01 -3.481870e-01 -4.572144e-02
<VARIANCE> 39
 7.868885e+00 1.041154e+01 1.140036e+01 1.168942e+01 1.682892e+01 2.301289e+01 2.294436e+01 1.925051e+01 1.684430e+01 2.067921e+01 1.575177e+01 1.634889e+01 1.144233e-02 1.864924e+00 1.333747e+00 1.491691e+00 1.848094e+00 1.873291e+00 2.125222e+00 2.158679e+00 2.108667e+00 2.008999e+00 1.886642e+00 1.751455e+00 1.433241e+00 1.893369e-03 3.314526e-01 3.738700e-01 4.915550e-01 4.344036e-01 5.066991e-01 6.589183e-01 6.804444e-01 6.353620e-01 4.780180e-01 6.014354e-01 4.809411e-01 4.595051e-01 4.911323e-04
<GCONST> 8.482218e+01
<MIXTURE> 6 6.030782e-02
<MEAN> 39
 -2.107196e+01 -6.738797e+00 -8.245603e+00 -1.219671e+01 -2.945716e+00 -4.226365e+00 4.432826e-01 1.225654e+00 8.838267e-01 3.143810e+00 2.187540e+00 1.986019e+00 5.050274e-01 -9.276142e-01 4.722339e-01 -1.100668e-01 -1.145924e+00 -8.541249e-01 -1.209349e+00 8.200143e-01 4.503461e-01 4.296068e-01 8.059410e-03 2.400561e-01 6.900457e-01 1.020679e-01 1.149829e+00 6.014042e-01 7.924652e-01 7.818208e-01 -5.939285e-01 -3.862123e-01 -5.393471e-01 -8.201663e-01 -1.020361e+00 -9.466622e-01 -1.025409e+00 -5.601330e-01 -2.348840e-02
<VARIANCE> 39
 9.817606e+00 1.490140e+01 1.882210e+01 1.921341e+01 2.070883e+01 2.121353e+01 2.384042e+01 2.289074e+01 2.156274e+01 1.618862e+01 1.986705e+01 2.112062e+01 1.199143e-02 2.814022e+00 1.926694e+00 2.402324e+00 2.481236e+00 2.804985e+00 2.482623e+00 2.546792e+00 2.943553e+00 3.223749e+00 2.514877e+00 2.882670e+00 2.077461e+00 4.600286e-03 6.132821e-01 4.667034e-01 6.507584e-01 7.977999e-01 8.175172e-01 8.273968e-01 8.172837e-01 8.592564e-01 8.104338e-01 5.747218e-01 7.227334e-01 7.151670e-01 5.297765e-04
<GCONST> 9.672563e+01
<MIXTURE> 7 4.770866e-02
<MEAN> 39
 -1.648311e+01 -1.791516e+01 -4.514772e+00 -4.568021e+00 -1.307703e+01 -2.095215e+00 1.062273e+00 -2.962400e+00 -1.821733e+00 6.034161e-01 -2.522345e-01 2.772917e-01 4.340585e-01 -9.312484e-01 -1.750816e+00 3.636893e-01 -1.210497e+00 -2.028922e+00 -1.151928e+00 3.181506e-01 3.684787e-01 5.489489e-01 -1.746446e-01 2.741684e-01 2.859522e-01 1.312626e-01 -9.037491e-02 1.623435e+00 3.292164e-01 1.250507e-01 1.055779e+00 -4.016989e-01 -7.701305e-01 3.540065e-01 4.155699e-02 -3.179192e-01 -2.284464e-01 -1.842379e-01 -1.315903e-02
<VARIANCE> 39
 1.132696e+01 1.457996e+01 1.388216e+01 1.755905e+01 1.108176e+01 2.092087e+01 1.194815e+01 1.580837e+01 1.374790e+01 1.232961e+01 1.325382e+01 1.132530e+01 1.395034e-02 2.927553e+00 4.098169e+00 2.510888e+00 2.547250e+00 3.244345e+00 2.665588e+00 2.454039e+00 2.423617e+00 2.804534e+00 2.101730e+00 1.796403e+00 1.649201e+00 2.937631e-03 5.702811e-01 4.537845e-01 4.398784e-01 6.063243e-01 5.139589e-01 6.009659e-01 5.756657e-01 5.327922e-01 5.271804e-01 4.139280e-01 4.378468e-01 3.836806e-01 9.183295e-04
<GCONST> 8.882085e+01
<MIXTURE> 8 9.127621e-02
<MEAN> 39
 -2.110455e+01 -3.949548e+00 -8.170839e+00 -1.249617e+01 -3.296526e+00 -6.888205e+00 -6.913417e-01 -2.177524e-01 -2.462938e+00 1.965201e-01 -8.086482e-01 1.166076e+00 4.683415e-01 2.954369e+00 6.267793e-02 1.192417e+00 -9.519484e-01 -2.863735e+00 -2.956166e+00 -1.805719e+00 -6.697633e-01 -6.336004e-01 -8.234546e-01 -1.037856e+00 -3.981787e-01 1.176974e-01 1.043628e+00 -2.986660e-01 8.460054e-01 5.711103e-01 -7.575479e-01 4.922333e-02 -7.729418e-01 6.949791e-02 1.887690e-02 -8.334766e-02 -1.714296e-01 -3.378794e-01 -7.521987e-03
<VARIANCE> 39
 1.338933e+01 2.072931e+01 2.226016e+01 1.772921e+01 1.852074e+01 1.840577e+01 1.977527e+01 2.315819e+01 2.003964e+01 1.448629e+01 1.390077e+01 1.254170e+01 1.337804e-02 2.157006e+00 2.986124e+00 4.091426e+00 4.214789e+00 3.417903e+00 2.854160e+00 2.712934e+00 2.961017e+00 3.552387e+00 2.160127e+00 1.914146e+00 1.740051e+00 4.534272e-03 3.639244e-01 5.473102e-01 7.099918e-01 6.697429e-01 5.954332e-01 6.999741e-01 5.783324e-01 7.304185e-01 7.730101e-01 5.458920e-01 6.274320e-01 4.798730e-01 6.372792e-04
<GCONST> 9.515851e+01
<MIXTURE> 9 6.106998e-02
<MEAN> 39
 -2.173879e+01 -5.360328e+00 -7.188548e+00 -1.554727e+01 -3.385254e+00 -7.923462e+00 -2.286264e+00 2.413777e+00 -3.202986e+00 6.740486e-01 1.405406e-01 2.279105e+00 5.257013e-01 -3.615608e-01 1.223088e+00 5.862439e-02 4.762552e-01 -6.621337e-01 -1.615225e+00 5.641370e-01 2.326851e-01 1.649581e-01 -1.583320e-01 -7.014598e-01 3.570500e-02 3.311203e-02 8.185840e-01 1.813604e-01 5.697528e-01 1.642470e+00 -3.393916e-02 5.980022e-01 -9.077958e-03 -2.771583e-01 2.153526e-01 -1.958249e-01 -2.811133e-01 -4.488888e-01 -5.155931e-02
<VARIANCE> 39
 8.570091e+00 7.032554e+00 9.899406e+00 1.164664e+01 1.442607e+01 1.510789e+01 1.732166e+01 1.415802e+01 1.112052e+01 1.217402e+01 1.242883e+01 1.213968e+01 1.356745e-02 1.910156e+00 1.972470e+00 1.800041e+00 2.311172e+00 2.079538e+00 2.201802e+00 2.218017e+00 2.067657e+00 1.876519e+00 2.235338e+00 1.735163e+00 1.527582e+00 2.883648e-03 3.172256e-01 2.432874e-01 3.236902e-01 3.601882e-01 3.633721e-01 4.181073e-01 4.467320e-01 4.029430e-01 3.373925e-01 3.602996e-01 3.650762e-01 3.353510e-01 3.337831e-04
<GCONST> 7.886849e+01
<MIXTURE> 10 6.720036e-02
<MEAN> 39
 -1.705751e+01 -1.093643e+01 -1.021380e+01 -5.395098e+00 -4.736131e+00 -4.084422e+00 -1.952955e+00 -6.893000e-01 -1.405347e+00 -1.031307e+00 -3.916935e-01 7.622404e-02 2.983617e-01 -6.798599e-02 -1.607946e+00 -1.357598e+00 -1.721838e+00 -1.365237e+00 -1.463810e+00 -2.261780e-01 1.863108e-02 -2.104499e-02 -5.670078e-01 9.820382e-02 3.823663e-01 1.296299e-01 -3.318809e-01 1.037140e+00 9.088433e-01 3.552692e-02 8.321682e-03 -1.817017e-01 -1.520412e-01 1.424142e-02 6.490789e-02 -2.228948e-02 -1.965782e-01 -6.365745e-02 1.306641e-02
<VARIANCE> 39
 2.192700e+01 4.421397e+01 2.081672e+01 3.749512e+01 1.832297e+01 1.872855e+01 1.786226e+01 1.624656e+01 1.583536e+01 1.099683e+01 8.154677e+00 7.524945e+00 2.131804e-02 2.356697e+00 3.580771e+00 3.141926e+00 2.403240e+00 2.215250e+00 2.087674e+00 2.324251e+00 2.000366e+00 1.742174e+00 1.703467e+00 1.632135e+00 1.450065e+00 2.982820e-03 6.129941e-01 6.022325e-01 4.969903e-01 6.328957e-01 4.382808e-01 5.215122e-01 5.264894e-01 4.405685e-01 3.950588e-01 3.345664e-01 2.931260e-01 2.636311e-01 9.077826e-04
<GCONST> 8.882944e+01
<MIXTURE> 11 5.789700e-02
<MEAN> 39
 -1.786353e+01 -1.447103e+01 -5.805330e-01 -1.037745e+01 -7.261735e+00 2.909405e+00 -3.901742e+00 4.645246e-01 1.423750e+00 -2.243218e+00 6.124970e-02 2.374909e+00 4.706063e-01 -1.084481e-01 -1.462212e+00 1.036139e+00 -2.554572e+00 -1.798412e+00 -1.274913e+00 -1.088664e+00 5.259277e-01 9.545020e-02 -9.020723e-01 1.213840e-01 4.565046e-01 1.704193e-01 5.260659e-01 1.236955e+00 -2.594771e-01 6.794482e-01 2.124799e-01 -1.262376e+00 -2.795320e-01 -1.457020e-02 -5.705877e-01 6.953559e-02 -2.835129e-01 -5.431505e-01 -1.633706e-02
<VARIANCE> 39
 8.959702e+00 1.324164e+01 1.525809e+01 2.444312e+01 2.599599e+01 2.056353e+01 2.833955e+01 2.844923e+01 2.182591e+01 2.367211e+01 2.027337e+01 1.774402e+01 1.376995e-02 2.445517e+00 2.303075e+00 2.227588e+00 3.007676e+00 2.117965e+00 3.023133e+00 2.669336e+00 2.456147e+00 2.764121e+00 2.254957e+00 1.826803e+00 2.027816e+00 2.672191e-03 5.147887e-01 4.171572e-01 5.792522e-01 7.055196e-01 7.014534e-01 6.560326e-01 8.900208e-01 7.541422e-01 6.533265e-01 6.841667e-01 6.127945e-01 4.824450e-01 8.227628e-04
<GCONST> 9.504374e+01
<MIXTURE> 12 9.890556e-02
<MEAN> 39
 -2.015060e+01 -8.452353e+00 -6.097796e+00 -1.241352e+01 1.937995e-02 -5.641845e+00 -9.067712e-01 -4.615075e-01 -2.431500e+00 1.538590e+00 -9.452449e-01 8.415580e-01 4.262739e-01 -7.306024e-01 -3.345652e-01 -9.718701e-01 -3.096910e+00 -5.658085e-01 -2.216841e+00 5.146615e-01 -7.192179e-02 -3.600110e-01 1.355484e-01 -1.773810e-01 5.760797e-01 1.756725e-01 1.979492e-01 8.651057e-01 3.688383e-01 8.240910e-01 -5.004796e-01 -1.669857e-02 -3.308186e-02 -4.477404e-02 3.023152e-02 -3.264034e-01 -2.092216e-01 -1.267919e-01 -1.522149e-02
<VARIANCE> 39
 7.922742e+00 1.115176e+01 1.731039e+01 1.535993e+01 1.434628e+01 1.317605e+01 1.585670e+01 1.803468e+01 1.293468e+01 1.027490e+01 1.072023e+01 9.167275e+00 1.572446e-02 1.461352e+00 1.462144e+00 1.635409e+00 1.828618e+00 1.651309e+00 1.613978e+00 1.771716e+00 1.901195e+00 1.742984e+00 1.534171e+00 1.387058e+00 1.158702e+00 1.904369e-03 3.835869e-01 3.119553e-01 4.377529e-01 4.012031e-01 4.565662e-01 4.123122e-01 4.358415e-01 4.631867e-01 3.814463e-01 2.967829e-01 3.239840e-01 2.627988e-01 7.666397e-04
<GCONST> 7.826012e+01
<MIXTURE> 13 4.476722e-02
<MEAN> 39
 -1.795862e+01 -1.262589e+01 -1.779136e+00 -1.221906e+01 -4.428380e+00 1.468010e+00 -6.030311e+00 8.632120e-01 -1.157037e+00 -1.647762e+00 1.792752e-01 4.693769e-01 3.812018e-01 -6.034138e-01 -1.433437e+00 9.650587e-02 -3.856683e+00 -1.043293e+00 -9.702802e-01 -9.554326e-01 5.628439e-01 -4.344226e-01 -5.708152e-01 3.765549e-01 3.485750e-01 1.736106e-01 -2.682102e-01 1.266674e+00 6.969479e-02 6.566869e-01 1.593186e-01 -8.176395e-01 3.236221e-01 7.759839e-02 -1.568431e-01 7.585422e-02 -2.106526e-01 -1.729662e-01 -3.591068e-03
<VARIANCE> 39
 8.434022e+00 1.714998e+01 1.254541e+01 1.781530e+01 1.947108e+01 1.290156e+01 1.092915e+01 1.562590e+01 1.139523e+01 7.556966e+00 6.739709e+00 6.031698e+00 1.573434e-02 1.446010e+00 2.025367e+00 1.551944e+00 1.839355e+00 2.161560e+00 2.177758e+00 1.832906e+00 2.272111e+00 1.611350e+00 1.517427e+00 1.420990e+00 1.281816e+00 1.987613e-03 3.812433e-01 3.728780e-01 3.720725e-01 5.025409e-01 3.832923e-01 3.431032e-01 3.972154e-01 4.258899e-01 3.411193e-01 2.516776e-01 2.242507e-01 2.159855e-01 8.168879e-04
<GCONST> 7.708269e+01
<MIXTURE> 14 4.729914e-02
<MEAN> 39
 -2.577556e+01 7.349392e-01 -1.001325e+01 -1.238350e+01 -1.409043e+00 -7.226964e+00 2.825657e+00 -1.416866e+00 -1.369525e+00 2.349663e+00 -3.738544e-01 1.118638e+00 6.307763e-01 -7.102395e-01 9.649919e-01 3.822334e-01 -2.091314e-01 -1.179398e+00 -6.219682e-01 1.012969e+00 -3.088134e-02 -1.528805e-01 -1.322835e-01 -6.689104e-02 4.120185e-01 4.843548e-02 1.155254e+00 -5.709797e-01 9.775746e-01 8.651143e-01 -4.065419e-01 4.061490e-01 -4.959556e-01 -5.510342e-02 -3.162561e-01 -5.307338e-01 -3.096260e-01 -2.407294e-01 -5.746428e-02
<VARIANCE> 39
 8.476558e+00 9.850616e+00 1.776815e+01 1.582469e+01 1.478799e+01 1.427419e+01 1.414749e+01 1.356478e+01 1.619750e+01 1.285176e+01 1.213984e+01 1.231307e+01 9.440331e-03 1.565301e+00 1.922060e+00 2.125653e+00 2.269356e+00 2.130936e+00 2.179837e+00 2.170171e+00 2.410764e+00 2.192488e+00 1.634533e+00 1.748147e+00 1.652576e+00 3.648431e-03 2.571113e-01 3.367583e-01 3.721201e-01 4.409839e-01 4.524574e-01 4.053547e-01 3.995471e-01 3.723736e-01 4.740464e-01 3.955929e-01 3.696300e-01 3.435700e-01 3.672995e-04
<GCONST> 8.112045e+01
<MIXTURE> 15 6.249556e-02
<MEAN> 39
 -2.221221e+01 -4.623635e+00 -3.734839e+00 -8.091492e+00 3.667130e-01 -3.916381e+00 -9.959183e-01 8.363900e-01 -1.367756e+00 -4.970857e-01 -1.422880e+00 -1.948600e-01 3.555393e-01 8.384570e-01 -8.005159e-01 -4.407951e-01 -2.106530e+00 -9.739661e-01 -1.481070e+00 -4.078024e-01 -1.460315e-01 -1.939816e-01 -1.811087e-01 -4.443503e-01 -1.225493e-01 1.108061e-01 9.426398e-01 3.083683e-02 -8.124845e-02 -2.890863e-01 -9.210623e-01 -4.188003e-01 -5.319957e-01 -2.511055e-01 -1.227915e-01 3.319355e-02 -1.550580e-01 -1.492564e-01 2.298008e-02
<VARIANCE> 39
 3.176102e+01 3.997171e+01 3.118978e+01 2.800660e+01 3.150431e+01 3.236705e+01 3.454509e+01 3.216550e+01 2.493468e+01 2.196625e+01 2.277713e+01 1.873992e+01 2.897629e-02 5.185043e+00 2.562415e+00 2.439954e+00 2.947565e+00 3.928465e+00 4.393016e+00 3.973362e+00 3.041437e+00 2.661117e+00 2.787570e+00 2.415631e+00 2.458147e+00 7.089181e-03 6.848243e-01 7.690287e-01 6.533974e-01 6.174425e-01 8.660212e-01 1.028038e+00 9.507316e-01 8.028407e-01 7.119853e-01 6.762738e-01 6.677406e-01 5.835808e-01 9.003551e-04
<GCONST> 1.064722e+02
<MIXTURE> 16 7.124580e-02
<MEAN> 39
 -2.505941e+01 -4.200232e+00 -1.876227e+00 -1.472605e+01 -4.256252e+00 -2.948510e+00 -3.358073e+00 3.166867e+00 -2.207471e+00 -1.891216e-01 1.449206e+00 1.670542e-01 5.938354e-01 2.246531e-01 6.885007e-01 3.065366e-01 9.017454e-01 -1.034640e+00 -1.569789e+00 8.447131e-01 1.434660e-02 -4.809650e-01 -3.654738e-01 -7.839990e-01 -6.683658e-02 8.855066e-03 1.386694e+00 -2.526845e-01 -4.269213e-02 1.308140e+00 -1.993455e-01 -2.212949e-01 2.112878e-02 -4.662203e-01 -1.398362e-01 -2.275105e-01 -5.416507e-01 -1.923847e-01 -4.531683e-02
<VARIANCE> 39
 1.340817e+01 8.143236e+00 1.022126e+01 1.122406e+01 2.085773e+01 1.834934e+01 1.683808e+01 1.791988e+01 1.478616e+01 1.783490e+01 1.454023e+01 1.079432e+01 1.238148e-02 2.237108e+00 2.276057e+00 2.365411e+00 2.020899e+00 2.552243e+00 2.904567e+00 2.848425e+00 2.922401e+00 2.471032e+00 2.339439e+00 2.151501e+00 1.869814e+00 1.382885e-03 3.613724e-01 3.288307e-01 4.055636e-01 3.791688e-01 5.580077e-01 4.788184e-01 4.827360e-01 4.888324e-01 4.408827e-01 4.644804e-01 4.361978e-01 3.153013e-01 4.039924e-04
<GCONST> 8.473646e+01
<STATE> 4
<NUMMIXES> 16
<MIXTURE> 1 4.183557e-02
<MEAN> 39
 -2.196709e+01 -7.073232e+00 -9.984410e+00 -8.866960e+00 -3.619792e+00 -5.783506e+00 -1.768485e+00 -6.804155e-01 -1.187009e+00 -9.672456e-01 -1.258978e+00 3.894637e-01 4.415925e-01 -2.214403e+00 1.397798e+00 -4.847570e-03 -5.954099e-02 4.116005e-01 -1.325726e-01 4.547987e-01 6.931729e-01 6.150652e-01 3.493462e-01 1.853761e-01 3.339033e-01 5.875363e-02 5.063639e-01 7.348394e-01 7.137499e-01 6.395170e-01 -6.083968e-02 1.543837e-01 -1.281721e-01 -1.740380e-01 -1.992465e-01 1.031086e-02 -1.768569e-01 -2.266767e-01 -2.001768e-02
<VARIANCE> 39
 2.628080e+01 5.488336e+01 3.194501e+01 3.743598e+01 2.780240e+01 2.796558e+01 2.602385e+01 2.043126e+01 1.486669e+01 1.609355e+01 1.301724e+01 1.067531e+01 1.914020e-02 3.640527e+00 3.118963e+00 3.700514e+00 3.093011e+00 2.442831e+00 2.368020e+00 2.085868e+00 2.149180e+00 1.797477e+00 1.748799e+00 1.407765e+00 1.341474e+00 5.422102e-03 7.278862e-01 8.850335e-01 6.204861e-01 7.083477e-01 6.982531e-01 7.129465e-01 6.616188e-01 5.812529e-01 4.917067e-01 5.175031e-01 3.778995e-01 3.391478e-01 7.470801e-04
<GCONST> 9.657504e+01
<MIXTURE> 2 5.773504e-02
<MEAN> 39
 -1.015563e+01 -8.866715e+00 -7.231619e+00 -6.444449e+00 -1.717702e+00 -3.897761e+00 -5.049315e+00 9.097607e-01 1.433435e+00 -4.635808e-01 -5.942548e+00 -3.549920e+00 4.915687e-01 4.181663e+00 1.721251e-03 -1.332006e+00 -8.506506e-01 -5.321311e-01 8.656284e-01 -1.475738e+00 -1.575444e+00 -4.108728e-01 2.453372e-01 1.463546e-01 -1.336664e+00 6.885161e-02 -5.034453e-02 -1.106282e-01 -1.277283e-01 -8.226297e-01 -6.370574e-01 1.157685e-01 -3.815041e-02 -2.719218e-01 -3.240503e-01 -2.026499e-02 7.429292e-01 2.338655e-01 2.212046e-02
<VARIANCE> 39
 1.743213e+01 1.770520e+01 1.947483e+01 2.950359e+01 2.198065e+01 3.538522e+01 3.464265e+01 2.866080e+01 2.699550e+01 3.133898e+01 2.789089e+01 1.831683e+01 1.781108e-02 2.031014e+00 2.955100e+00 2.748545e+00 3.304155e+00 3.646568e+00 3.704329e+00 5.632109e+00 4.849370e+00 5.467822e+00 4.362128e+00 4.436134e+00 3.257496e+00 1.942701e-03 3.585848e-01 4.413040e-01 3.618326e-01 4.773650e-01 5.664196e-01 6.716439e-01 6.079319e-01 6.234857e-01 6.633700e-01 7.683986e-01 5.445355e-01 4.776729e-01 3.239545e-04
<GCONST> 1.001850e+02
<MIXTURE> 3 6.905937e-02
<MEAN> 39
 -2.224204e+01 -7.620086e+00 -2.467008e+00 -9.518817e+00 -6.183572e+00 -7.806058e+00 -2.184379e+00 5.389075e+00 -1.600374e+00 -2.749235e+00 2.172494e-01 2.211108e+00 5.069346e-01 2.568825e+00 6.253826e-01 1.112633e+00 2.137141e+00 -3.339052e-01 -1.722137e+00 -8.469232e-01 1.887009e-02 -9.919897e-02 -6.232154e-01 -1.206168e+00 -7.820476e-01 -1.503500e-03 1.583503e+00 -4.882829e-02 4.395133e-02 5.201516e-01 -1.574172e-01 2.964816e-01 -8.237067e-01 -8.758680e-01 -1.628702e-01 9.398280e-02 -2.393006e-01 -5.194332e-01 -1.000447e-02
<VARIANCE> 39
 1.319102e+01 1.617268e+01 1.358377e+01 2.430717e+01 2.090001e+01 1.918102e+01 2.084227e+01 1.553949e+01 1.958029e+01 1.962691e+01 1.740998e+01 1.146210e+01 1.113784e-02 2.933900e+00 2.158606e+00 2.253605e+00 2.091120e+00 2.220127e+00 2.396968e+00 2.793172e+00 2.926307e+00 2.313896e+00 1.914151e+00 2.026640e+00 1.784643e+00 1.193166e-03 4.005737e-01 4.179572e-01 5.117614e-01 5.488813e-01 5.265281e-01 5.216044e-01 6.428899e-01 5.117071e-01 5.944408e-01 5.341181e-01 5.222701e-01 3.595162e-01 4.660661e-04
<GCONST> 8.862313e+01
<MIXTURE> 4 6.417535e-02
<MEAN> 39
 -2.059312e+01 -6.571209e+00 7.562102e-01 -6.989940e+00 -8.257942e+00 -6.141390e+00 -2.324193e+00 -4.109318e-01 -3.250093e+00 -2.362994e+00 -1.724809e+00 -1.741044e+00 5.301983e-01 5.208552e+00 1.092714e-01 1.245905e-01 6.228669e-01 -1.241392e+00 -3.451733e+00 -3.110510e+00 -2.425681e-01 -8.460995e-01 -1.018300e+00 -9.552180e-01 -6.158407e-01 4.557358e-02 1.341437e+00 -5.138332e-01 -6.014035e-01 -4.169318e-02 1.515968e-01 -5.160737e-02 -8.932365e-01 2.249022e-01 1.284544e-01 1.165707e-01 1.549915e-02 1.558679e-01 -3.063706e-03
<VARIANCE> 39
 2.091862e+01 2.908286e+01 1.867405e+01 3.230574e+01 3.098423e+01 2.416473e+01 2.891930e+01 2.027902e+01 2.236092e+01 1.927921e+01 1.475611e+01 1.224343e+01 1.229901e-02 2.613127e+00 2.900970e+00 4.734532e+00 3.794081e+00 5.320425e+00 4.175828e+00 4.429569e+00 3.995028e+00 3.764750e+00 3.319194e+00 2.911424e+00 2.055570e+00 1.659841e-03 4.949832e-01 5.437381e-01 5.445324e-01 6.560348e-01 8.812089e-01 7.918193e-01 9.508229e-01 8.168215e-01 7.435908e-01 6.101313e-01 5.426905e-01 4.054382e-01 4.563772e-04
<GCONST> 1.001982e+02
<MIXTURE> 5 6.186102e-02
<MEAN> 39
 -2.213762e+01 -2.150518e+00 -6.823992e+00 -1.025482e+01 -3.465015e+00 -8.236536e+00 1.494709e+00 1.170767e-02 -6.671327e-01 9.938266e-02 -2.062381e+00 2.718322e+00 5.254448e-01 1.326719e+00 -1.333975e-01 1.203005e+00 8.930655e-01 -4.999188e-01 -5.364086e-02 -2.050586e-01 3.034548e-01 -9.521993e-02 -5.213763e-01 -9.642693e-01 -3.472024e-01 -7.614433e-03 1.019572e+00 -5.475110e-01 3.924821e-01 4.618922e-01 -7.387268e-02 5.334194e-01 -5.390459e-01 1.849250e-02 -2.505925e-01 -1.433720e-01 -6.939609e-02 -5.529389e-01 -2.818913e-02
<VARIANCE> 39
 1.311772e+01 7.106631e+00 1.204543e+01 1.215751e+01 1.440468e+01 1.501393e+01 1.537839e+01 1.586895e+01 1.464350e+01 1.442148e+01 1.416297e+01 1.113572e+01 1.354874e-02 1.829604e+00 2.141252e+00 1.670691e+00 1.728071e+00 1.848311e+00 2.338651e+00 2.324856e+00 2.259665e+00 2.231282e+00 2.209768e+00 2.105452e+00 2.027970e+00 1.223504e-03 3.489340e-01 2.351210e-01 3.351115e-01 3.469566e-01 3.693980e-01 3.708370e-01 4.475013e-01 3.993628e-01 3.848234e-01 4.183976e-01 3.989725e-01 3.276107e-01 3.696683e-04
<GCONST> 7.994800e+01
<MIXTURE> 6 7.928132e-02
<MEAN> 39
 -9.858936e+00 -3.698838e+00 -7.349198e-01 -8.346318e+00 -7.360240e+00 -1.187236e+01 -8.202822e+00 -1.066314e-01 -1.783620e+00 -1.303033e+00 -4.036386e+00 -1.360735e+00 6.292993e-01 4.645206e+00 -1.447726e+00 1.206908e+00 4.729536e-01 -2.786430e+00 -1.457684e+00 -2.985777e+00 -3.008205e-01 2.791045e-01 -3.296804e-01 -2.158655e-01 -1.132974e+00 7.927332e-02 -3.563365e-01 -6.131487e-01 -2.982936e-01 -4.143154e-02 -6.015054e-02 7.830957e-01 2.074722e-01 7.218325e-02 6.838563e-02 1.646058e-02 4.455983e-01 -1.347403e-02 -1.562628e-02
<VARIANCE> 39
 1.666033e+01 1.476342e+01 2.251698e+01 2.195059e+01 2.223761e+01 2.265921e+01 2.837544e+01 1.946606e+01 2.174523e+01 1.780943e+01 1.305091e+01 1.435054e+01 1.210286e-02 1.751556e+00 3.102561e+00 4.587757e+00 4.328491e+00 3.915165e+00 4.204362e+00 5.222582e+00 5.122233e+00 4.732814e+00 4.624861e+00 3.734656e+00 3.342810e+00 1.559341e-03 3.281553e-01 2.999987e-01 2.900935e-01 4.666452e-01 3.873297e-01 4.616799e-01 4.723189e-01 4.108066e-01 4.072574e-01 3.432929e-01 3.163312e-01 2.964762e-01 3.937169e-04
<GCONST> 9.276211e+01
<MIXTURE> 7 5.932547e-02
<MEAN> 39
 -1.890386e+01 -1.287089e+01 -7.501156e+00 -3.956644e+00 -4.724589e+00 -8.464491e+00 -5.800835e+00 1.196295e+00 2.766842e+00 -4.295933e-01 -3.216622e+00 -2.359718e+00 4.679369e-01 2.937005e+00 3.792701e-01 -8.534377e-01 2.948406e-01 8.130764e-01 6.823433e-02 -1.204227e+00 -8.352231e-01 4.677581e-03 4.681908e-01 -1.838027e-01 -7.972164e-01 -4.743041e-03 1.113680e+00 2.071725e-01 -1.003121e-01 -2.613483e-01 -2.752836e-01 4.548261e-01 -1.264525e-01 -2.800010e-01 -4.076368e-01 -1.940763e-01 3.883886e-01 3.187889e-01 1.123098e-02
<VARIANCE> 39
 1.593828e+01 1.050159e+01 1.438775e+01 2.209766e+01 1.596664e+01 2.110160e+01 1.338593e+01 1.639531e+01 1.480826e+01 1.703047e+01 1.474348e+01 1.219818e+01 1.244967e-02 3.838445e+00 1.620624e+00 2.139352e+00 1.715223e+00 1.814484e+00 2.260363e+00 2.460088e+00 2.218520e+00 2.030575e+00 1.753057e+00 1.741475e+00 1.539217e+00 1.616440e-03 3.995403e-01 3.143837e-01 4.477961e-01 3.865943e-01 4.269479e-01 5.607130e-01 5.876636e-01 5.708778e-01 5.532027e-01 4.445477e-01 4.301871e-01 3.740206e-01 5.814318e-04
<GCONST> 8.514110e+01
<MIXTURE> 8 4.470341e-02
<MEAN> 39
 -1.487070e+01 -7.610857e+00 -1.496334e+00 -9.972932e+00 -6.999743e+00 -4.092156e+00 2.125208e+00 -4.883682e+00 -7.711874e+00 -6.272385e+00 -6.794020e+00 -7.348073e-01 4.901132e-01 3.527775e+00 -8.385185e-01 1.570202e-01 -1.227207e+00 -1.698589e+00 -1.684754e+00 -2.250521e+00 -1.496817e+00 -2.362858e+00 -1.839226e+00 -2.728341e+00 -1.305703e+00 5.133396e-02 1.067652e-01 -1.569226e-02 -6.937037e-01 -5.112652e-01 -1.104574e-01 -4.524752e-01 -4.716816e-01 3.171493e-01 3.602702e-01 6.010041e-01 2.958874e-01 -7.067323e-02 2.503171e-02
<VARIANCE> 39
 9.796034e+00 2.126313e+01 2.292425e+01 1.914939e+01 3.074824e+01 3.156927e+01 3.555481e+01 3.079469e+01 2.506684e+01 3.013145e+01 2.390587e+01 2.208337e+01 1.099596e-02 1.874671e+00 2.691995e+00 3.967412e+00 3.397582e+00 4.101055e+00 4.571622e+00 3.719992e+00 2.930624e+00 3.172763e+00 3.123421e+00 2.465687e+00 2.517999e+00 9.840894e-04 2.310990e-01 3.743647e-01 3.874440e-01 4.339875e-01 5.743835e-01 5.125904e-01 5.776125e-01 5.470868e-01 5.514974e-01 5.236605e-01 4.616494e-01 5.263450e-01 1.447242e-04
<GCONST> 9.399596e+01
<MIXTURE> 9 8.248793e-02
<MEAN> 39
 -1.937250e+01 -5.874208e+00 -4.371731e+00 -1.043326e+01 -4.349135e+00 -7.388313e+00 -1.403741e+00 8.078496e-01 -3.208816e+00 -1.560116e+00 -2.962578e+00 1.386628e-01 4.664936e-01 2.019254e+00 -1.155372e+00 2.983540e-01 1.148347e+00 -4.797719e-01 2.856023e-02 1.520690e-01 -1.720798e-02 9.848356e-02 -5.640213e-01 -8.761854e-01 -4.863332e-01 -3.569209e-02 5.984418e-01 -2.013238e-01 -4.803322e-02 1.884051e-01 6.990469e-03 3.619362e-01 -1.451881e-01 -5.201815e-02 1.864737e-01 6.527263e-02 1.648429e-01 -9.120379e-02 -6.187395e-03
<VARIANCE> 39
 1.533329e+01 8.760914e+00 9.484955e+00 1.092868e+01 1.852937e+01 1.823319e+01 2.123070e+01 1.972852e+01 1.759336e+01 1.732572e+01 1.455827e+01 1.465151e+01 1.778530e-02 1.403706e+00 1.545557e+00 1.683718e+00 1.594321e+00 2.301218e+00 2.348360e+00 2.477817e+00 1.978350e+00 1.983473e+00 2.014492e+00 2.230361e+00 1.851362e+00 9.434518e-04 3.347837e-01 2.902694e-01 3.343255e-01 3.109377e-01 4.059457e-01 4.636527e-01 4.285347e-01 4.459248e-01 3.860833e-01 4.034488e-01 3.543007e-01 3.587329e-01 4.862230e-04
<GCONST> 8.153667e+01
<MIXTURE> 10 8.648903e-02
<MEAN> 39
 -2.021597e+01 -5.500007e+00 -3.001318e+00 -1.005820e+01 -7.146478e+00 -5.043413e+00 2.843751e+00 -1.660444e+00 -2.848923e+00 1.867770e-01 -8.303013e-01 1.490311e+00 4.638976e-01 3.238069e+00 -6.872420e-01 1.871382e+00 2.933068e-01 -1.673874e+00 -9.540637e-01 -9.832945e-01 -1.012685e+00 -1.704248e+00 -1.395903e+00 -1.543732e+00 -5.393491e-01 -3.019847e-03 8.942626e-01 -1.431564e-01 -4.388907e-02 -3.640028e-01 -3.566606e-01 -5.075824e-01 -9.681700e-01 -1.352243e-01 -4.894551e-01 -2.834674e-01 -3.486660e-01 -3.987574e-01 2.051640e-02
<VARIANCE> 39
 1.009720e+01 1.071858e+01 1.444533e+01 1.271051e+01 1.721403e+01 2.015839e+01 2.029925e+01 2.100532e+01 1.812972e+01 1.537440e+01 1.442266e+01 1.367300e+01 9.819031e-03 1.874628e+00 1.996189e+00 1.921367e+00 3.312330e+00 2.852442e+00 3.191418e+00 3.262396e+00 2.795069e+00 2.440072e+00 2.425024e+00 2.691431e+00 1.902511e+00 1.214576e-03 2.910667e-01 4.124890e-01 4.873263e-01 4.620245e-01 5.142035e-01 5.709027e-01 5.673612e-01 5.411160e-01 4.255731e-01 4.564499e-01 6.441914e-01 4.222027e-01 2.145600e-04
<GCONST> 8.665225e+01
<MIXTURE> 11 8.029959e-02
<MEAN> 39
 -1.338063e+01 -5.966465e+00 -2.336228e-01 -5.426655e+00 -6.776945e+00 -8.197580e+00 -2.874529e-01 2.635689e+00 -3.097645e+00 -2.241416e+00 -3.245106e+00 3.091626e-02 4.690238e-01 4.417768e+00 -7.302849e-01 1.296767e+00 1.029392e+00 -1.836260e+00 -9.088335e-01 -2.308275e+00 1.367486e-01 -4.951950e-01 -7.072815e-01 -2.532893e-01 -1.029946e+00 5.523587e-02 8.091507e-02 -4.968340e-01 -2.404785e-01 -6.230975e-01 -4.048352e-01 1.108417e-01 -8.975475e-01 -9.635691e-02 5.968941e-02 4.039502e-02 4.419702e-01 -1.082092e-01 2.192754e-02
<VARIANCE> 39
 1.374890e+01 1.230120e+01 1.763951e+01 1.561992e+01 1.725241e+01 1.561414e+01 2.328914e+01 1.683044e+01 2.110669e+01 1.541396e+01 1.582194e+01 1.406619e+01 1.476458e-02 1.523925e+00 1.900125e+00 3.555183e+00 2.915223e+00 3.485729e+00 2.582407e+00 5.008296e+00 3.396226e+00 3.259387e+00 2.944539e+00 2.778242e+00 2.431599e+00 1.040086e-03 2.898539e-01 2.565511e-01 3.645817e-01 2.920991e-01 3.512439e-01 3.976981e-01 4.302326e-01 4.135023e-01 4.148910e-01 3.850317e-01 3.737197e-01 3.232416e-01 2.062000e-04
<GCONST> 8.573674e+01
<MIXTURE> 12 5.152249e-02
<MEAN> 39
 -1.377552e+01 -7.129654e-01 -2.110657e+00 -1.108611e+01 -1.176871e+01 -1.341158e+01 -4.026856e+00 -5.991840e+00 -6.864763e+00 -4.171476e+00 -4.227891e+00 -9.301749e-01 6.162086e-01 4.407700e+00 -1.593507e+00 1.864111e+00 -1.697006e+00 -3.724036e+00 -2.976166e+00 -2.524357e+00 -1.132580e-01 -2.040506e+00 -4.911501e-01 -1.854174e+00 -3.236984e-01 7.606360e-02 -9.765863e-02 -7.368537e-01 -8.808137e-02 -6.265962e-03 3.883507e-01 8.006417e-01 6.405425e-02 7.622052e-01 2.826675e-01 6.461912e-01 1.027970e-01 2.478758e-02 -1.352088e-02
<VARIANCE> 39
 1.672924e+01 1.809708e+01 3.214919e+01 2.017366e+01 2.962046e+01 2.514993e+01 2.425622e+01 2.535184e+01 2.577455e+01 1.636719e+01 1.661667e+01 1.271858e+01 1.384461e-02 2.243732e+00 3.212420e+00 5.428359e+00 4.648150e+00 4.394413e+00 4.561296e+00 4.777309e+00 4.950203e+00 4.075542e+00 3.375169e+00 3.707527e+00 2.779274e+00 2.357694e-03 3.727499e-01 3.334789e-01 5.632319e-01 5.135736e-01 5.716717e-01 6.009785e-01 5.055714e-01 4.320476e-01 5.370001e-01 3.801234e-01 4.584353e-01 3.755447e-01 5.756743e-04
<GCONST> 9.756304e+01
<MIXTURE> 13 5.381642e-02
<MEAN> 39
 -1.680341e+01 -1.217016e+01 -5.220920e+00 -4.874843e+00 -6.277247e+00 -8.466599e+00 -1.258933e+00 5.869146e+00 -1.137615e-01 -4.511483e+00 -3.014439e+00 1.133894e+00 4.556450e-01 3.431087e+00 -3.901662e-01 -1.139992e+00 7.008448e-01 1.001425e+00 -4.272231e-01 -1.944907e+00 -3.420858e-01 4.275462e-01 -3.349669e-01 -1.523679e+00 -8.820890e-01 4.154494e-03 7.815688e-01 2.753916e-01 -3.151407e-01 -6.440173e-01 6.103386e-02 4.838035e-01 -7.417371e-01 -8.975080e-01 -2.816271e-01 5.025609e-01 1.759454e-01 -3.764482e-01 2.020647e-02
<VARIANCE> 39
 1.643221e+01 1.175742e+01 1.323139e+01 2.427729e+01 2.439472e+01 2.901863e+01 2.302035e+01 1.571743e+01 2.156039e+01 1.625051e+01 1.945578e+01 1.446617e+01 1.265004e-02 3.733825e+00 2.447496e+00 2.641562e+00 2.431513e+00 2.626710e+00 4.284304e+00 4.443737e+00 3.771384e+00 3.668152e+00 3.153463e+00 2.675169e+00 2.374515e+00 1.816356e-03 3.909525e-01 3.674825e-01 4.594776e-01 4.471080e-01 5.330857e-01 7.100970e-01 6.790943e-01 5.866222e-01 6.549000e-01 5.077752e-01 5.021415e-01 4.026172e-01 4.145074e-04
<GCONST> 9.369073e+01
<MIXTURE> 14 4.819204e-02
<MEAN> 39
 -2.321194e+01 -1.017779e+01 -1.893928e+00 -5.872299e+00 -1.066418e+01 -6.342033e+00 7.680992e-01 1.118822e+00 -3.037266e+00 -8.941154e-01 3.508674e-01 -7.202532e-01 5.533447e-01 1.485305e+00 -5.668775e-01 -6.388751e-01 1.264114e+00 1.908611e-01 -1.753469e+00 -3.270392e-01 6.892703e-01 -1.138690e-02 -5.870751e-01 -5.059524e-01 -1.018485e-01 -2.540956e-02 1.067140e+00 -6.932604e-02 -2.926452e-01 3.669634e-02 4.913251e-01 9.295437e-02 -6.762196e-01 -1.561160e-01 2.148402e-01 -1.722891e-01 -2.990732e-01 4.385171e-02 -1.220905e-02
<VARIANCE> 39
 1.410454e+01 1.112127e+01 1.294692e+01 1.864722e+01 1.478460e+01 1.638154e+01 1.685184e+01 1.273754e+01 1.590974e+01 1.257907e+01 1.048963e+01 1.009674e+01 1.251740e-02 1.280477e+00 1.036281e+00 1.629181e+00 1.686569e+00 1.674981e+00 1.853678e+00 2.303275e+00 2.044223e+00 1.926721e+00 1.716206e+00 1.536188e+00 1.378378e+00 7.443061e-04 3.939274e-01 2.123111e-01 3.248478e-01 3.444966e-01 3.022999e-01 3.535504e-01 4.678221e-01 3.561133e-01 3.804755e-01 3.547532e-01 2.798918e-01 2.988499e-01 3.701618e-04
<GCONST> 7.629287e+01
<MIXTURE> 15 5.647781e-02
<MEAN> 39
 -2.511635e+01 -3.654691e-01 -6.222883e+00 -1.017852e+01 -4.477141e+00 -5.167729e+00 3.941301e+00 -1.801652e+00 -1.813451e+00 1.211646e+00 1.852939e-01 3.338577e-01 5.949814e-01 1.196519e+00 -5.430299e-01 2.102853e+00 3.078593e-01 -1.089041e+00 -2.769360e-01 1.992717e-01 -5.060709e-01 -9.173812e-01 -7.714339e-01 -6.886246e-01 1.165505e-01 -2.061640e-02 1.426144e+00 -6.542428e-01 4.420073e-01 1.424762e-02 -3.702708e-01 -2.792105e-01 -9.415639e-01 -3.721101e-01 -5.910578e-01 -5.342723e-01 -6.268421e-01 -2.116936e-01 -2.215660e-02
<VARIANCE> 39
 1.117033e+01 9.396942e+00 1.782920e+01 1.588661e+01 1.478942e+01 1.733277e+01 1.814785e+01 1.775261e+01 2.088558e+01 1.391938e+01 1.436109e+01 1.077874e+01 9.097331e-03 1.491379e+00 1.974492e+00 1.554283e+00 1.778080e+00 2.454901e+00 2.236076e+00 2.504180e+00 2.542186e+00 2.201563e+00 2.257698e+00 1.826572e+00 1.547683e+00 7.946668e-04 3.756809e-01 3.561358e-01 3.460623e-01 4.190826e-01 4.892251e-01 4.569553e-01 4.947010e-01 4.966064e-01 5.451614e-01 3.992331e-01 4.623557e-01 3.945331e-01 3.811705e-04
<GCONST> 8.252615e+01
<MIXTURE> 16 6.271525e-02
<MEAN> 39
 -1.942588e+01 -1.089721e+01 -2.357244e+00 -1.018470e+01 -9.330190e+00 -4.213965e+00 -3.818287e+00 1.194092e+00 1.112192e+00 -2.744307e+00 1.045333e-02 2.574309e+00 5.084277e-01 2.679386e-01 1.214441e+00 8.754528e-02 3.285752e-01 4.209447e-01 -1.973331e+00 -8.471686e-01 8.120146e-01 1.478242e-01 -9.204595e-02 -5.775527e-01 -7.057663e-01 1.978198e-02 8.477300e-01 7.910601e-01 -3.169866e-01 1.000162e+00 7.802446e-01 3.560789e-02 -1.312334e-01 -2.271797e-01 -4.344628e-01 3.126848e-01 -2.734875e-01 -6.192971e-01 -4.369972e-02
<VARIANCE> 39
 1.961902e+01 1.324905e+01 1.585324e+01 2.470293e+01 2.110666e+01 2.622367e+01 2.792943e+01 2.048887e+01 2.575617e+01 1.919975e+01 1.793426e+01 1.563918e+01 1.550326e-02 3.462198e+00 2.896651e+00 2.833397e+00 3.292056e+00 3.338614e+00 3.477506e+00 3.669513e+00 3.366063e+00 3.422964e+00 2.816313e+00 2.646764e+00 2.320248e+00 4.136409e-03 6.382748e-01 4.485812e-01 5.032822e-01 5.755953e-01 5.419810e-01 7.895576e-01 8.319032e-01 6.151202e-01 6.630405e-01 5.774761e-01 5.564033e-01 4.535083e-01 4.767044e-04
<GCONST> 9.765022e+01
<TRANSP> 5
 0.000000e+00 1.000000e+00 0.000000e+00 0.000000e+00 0.000000e+00
 0.000000e+00 7.103802e-01 2.896198e-01 0.000000e+00 0.000000e+00
 0.000000e+00 0.000000e+00 5.936236e-01 4.063764e-01 0.000000e+00
 0.000000e+00 0.000000e+00 0.000000e+00 6.432135e-01 3.567865e-01
 0.000000e+00 0.000000e+00 0.000000e+00 0.000000e+00 0.000000e+00
<ENDHMM>
