~o
<STREAMINFO> 1 39
<VECSIZE> 39<NULLD><MFCC_E_D_A><DIAGC>
~h "uw"
<BEGINHMM>
<NUMSTATES> 5
<STATE> 2
<NUMMIXES> 16
<MIXTURE> 1 5.012877e-02
<MEAN> 39
 -2.325034e+00 -8.286639e+00 -3.849298e+00 -6.719026e+00 -8.017525e+00 -1.208573e+01 -1.868417e+01 -4.851350e+00 -5.190799e+00 8.288140e-01 -3.611838e+00 -5.722932e+00 6.852822e-01 1.272924e+00 1.111936e+00 -2.679214e+00 -2.277093e+00 1.833159e+00 3.379823e+00 -4.642074e-01 -3.223336e+00 -6.641451e-01 2.505821e+00 1.296981e+00 -1.033476e+00 -3.880863e-03 -3.377197e-01 2.893181e-01 4.945925e-01 -5.101392e-01 -7.894512e-01 6.845442e-01 1.428729e+00 -6.222714e-02 -9.587784e-01 -4.715582e-01 6.877627e-01 5.989136e-01 -4.238752e-03
<VARIANCE> 39
 9.857212e+00 1.889469e+01 2.179521e+01 5.654999e+01 3.090997e+01 3.459439e+01 3.236079e+01 3.939275e+01 4.228580e+01 4.907439e+01 6.145430e+01 3.614199e+01 1.254711e-02 6.318091e-01 8.274881e-01 1.371143e+00 1.458706e+00 2.022130e+00 2.156825e+00 2.491815e+00 1.706237e+00 3.430548e+00 1.818902e+00 2.226132e+00 2.239736e+00 4.315332e-04 2.797299e-01 1.961637e-01 2.605221e-01 3.724444e-01 3.737886e-01 4.457026e-01 4.817310e-01 4.894092e-01 5.550426e-01 4.268044e-01 3.621899e-01 3.997133e-01 8.454028e-05
<GCONST> 8.654226e+01
<MIXTURE> 2 4.786201e-02
<MEAN> 39
 -6.964332e+00 -8.499228e+00 2.813292e+00 -1.789074e+01 -1.500978e+01 -1.943959e+01 -8.294557e+00 -5.911708e+00 -1.470350e+01 1.975286e+00 -1.043676e+01 -9.711278e-02 7.217001e-01 1.567243e+00 -1.645375e+00 3.013119e-01 -1.716849e+00 -9.652556e-02 -1.223900e+00 -9.372695e-01 1.058200e+00 -6.371788e-01 1.949830e+00 -1.063362e+00 7.703601e-01 4.400070e-02 -1.106463e+00 3.544624e-01 -6.566294e-01 6.672692e-01 1.002515e+00 1.225115e+00 5.979599e-01 3.834829e-01 9.949282e-01 8.980807e-03 7.295234e-01 2.438843e-02 -2.008153e-02
<VARIANCE> 39
 1.122350e+01 1.890434e+01 5.341801e+01 3.246653e+01 3.466711e+01 3.591070e+01 4.999095e+01 5.620578e+01 4.747948e+01 3.016656e+01 3.198408e+01 3.417434e+01 9.058625e-03 1.466906e+00 2.053310e+00 3.431032e+00 4.174013e+00 2.996101e+00 3.938066e+00 4.461669e+00 4.332180e+00 3.735502e+00 3.467884e+00 4.013971e+00 2.605391e+00 1.080559e-03 2.114803e-01 4.099056e-01 4.266528e-01 4.759761e-01 4.879078e-01 5.727471e-01 6.305231e-01 6.746807e-01 5.446687e-01 5.457024e-01 4.322679e-01 5.455593e-01 1.912170e-04
<GCONST> 9.900352e+01
<MIXTURE> 3 7.886570e-02
<MEAN> 39
 -1.721877e+00 -8.967492e+00 -4.114997e+00 -5.411345e+00 -1.469828e+01 -4.550387e+00 -1.827420e+01 -6.377084e+00 7.636789e-01 -5.869729e+00 3.079045e+00 -5.099277e+00 7.884224e-01 -1.578248e-01 5.349028e-02 4.140495e-01 1.407584e-01 -3.936324e-01 4.725517e-03 -2.076619e-01 5.179851e-02 -2.773364e-01 -2.808217e-01 1.063794e-01 -1.963391e-01 1.367733e-03 -5.355377e-02 1.996855e-01 3.273521e-02 -1.030393e-02 3.999696e-01 -2.251419e-02 2.790377e-01 -8.493099e-02 -4.365769e-01 1.869794e-01 -1.265943e-01 4.813800e-02 -7.661009e-03
<VARIANCE> 39
 8.682323e+00 1.996993e+01 3.270992e+01 4.721690e+01 4.677246e+01 5.772131e+01 5.640445e+01 6.796159e+01 5.212079e+01 5.159289e+01 4.817652e+01 2.849334e+01 1.209676e-02 2.482916e-01 4.279037e-01 8.967096e-01 1.504140e+00 1.388081e+00 1.332226e+00 1.727137e+00 1.920506e+00 1.809804e+00 1.930682e+00 1.433347e+00 1.105240e+00 2.287976e-04 6.182177e-02 8.820833e-02 1.654399e-01 2.240447e-01 3.058443e-01 2.689689e-01 3.854222e-01 4.431327e-01 3.918585e-01 3.233291e-01 3.184562e-01 2.075064e-01 4.042525e-05
<GCONST> 7.656313e+01
<MIXTURE> 4 5.970526e-02
<MEAN> 39
 -4.944947e+00 -8.039832e+00 3.275425e+00 -4.680698e-01 -1.477489e+01 -1.368372e+01 -1.050095e+01 -2.628038e+00 -4.238770e+00 -8.665956e+00 -1.178938e+00 -3.734915e-01 6.614745e-01 3.118694e+00 -1.083495e+00 -2.042480e-01 9.788399e-01 -1.774242e+00 -1.046277e+00 -2.469496e+00 -1.184732e+00 8.305868e-02 -9.488241e-01 5.961390e-01 -3.863665e-01 4.882281e-02 -1.161253e+00 6.188059e-02 -6.044035e-01 -8.831857e-01 6.552117e-01 8.423966e-01 3.577915e-01 1.073983e-01 1.451540e-01 7.168728e-01 2.007966e-01 -8.244856e-02 -1.022421e-02
<VARIANCE> 39
 1.004597e+01 1.830920e+01 2.498013e+01 2.132615e+01 2.854391e+01 3.153908e+01 3.072021e+01 3.171021e+01 3.455772e+01 2.544164e+01 2.150891e+01 1.638295e+01 1.189568e-02 2.913706e+00 1.959324e+00 2.910238e+00 2.447788e+00 3.563926e+00 3.851450e+00 4.682216e+00 2.918488e+00 2.721799e+00 2.988085e+00 2.318640e+00 2.888304e+00 9.750097e-04 2.165123e-01 2.613350e-01 2.879060e-01 3.513543e-01 3.865094e-01 5.086526e-01 4.611941e-01 5.275490e-01 3.779942e-01 3.896241e-01 3.441095e-01 2.626816e-01 1.777886e-04
<GCONST> 8.991315e+01
<MIXTURE> 5 8.213470e-02
<MEAN> 39
 -6.505919e+00 -1.039973e+01 4.297702e+00 -1.634002e+01 -1.359108e+01 -1.879095e+01 -8.714022e+00 -7.646777e-01 -1.209683e+01 2.697346e+00 -7.754026e+00 8.333423e-01 7.861200e-01 4.328235e-02 -2.881069e-01 3.205657e-01 -1.606922e-01 -6.091584e-02 -1.563357e-01 -1.261390e-01 8.137968e-01 -2.420208e-01 4.849025e-01 -3.803848e-02 2.934516e-01 1.001625e-02 -2.734768e-01 5.261592e-01 -4.763568e-01 5.457880e-01 4.069770e-01 5.920216e-01 2.722454e-02 -4.277036e-01 3.074716e-01 -3.495314e-01 8.614510e-02 -3.307090e-01 -1.659288e-02
<VARIANCE> 39
 1.004710e+01 2.465129e+01 5.242522e+01 4.723291e+01 2.810526e+01 3.748897e+01 7.225497e+01 7.014820e+01 6.063614e+01 3.277175e+01 3.809094e+01 3.470061e+01 9.269529e-03 3.687730e-01 7.512116e-01 1.593335e+00 1.367254e+00 1.832151e+00 2.244343e+00 2.740475e+00 2.102582e+00 2.473183e+00 2.311726e+00 1.548726e+00 1.802310e+00 3.432276e-04 2.031522e-01 2.100147e-01 3.038656e-01 2.988704e-01 3.678011e-01 3.152330e-01 5.913419e-01 5.775602e-01 5.409070e-01 3.557678e-01 3.946100e-01 4.216174e-01 7.845040e-05
<GCONST> 8.637106e+01
<MIXTURE> 6 6.688082e-02
<MEAN> 39
 -2.618508e+00 -1.073596e+01 2.116881e+00 -3.106427e+00 -1.320886e+01 -1.012723e+01 -2.106084e+01 1.345721e+00 -5.134690e+00 -5.522868e+00 4.249205e-02 -4.589906e+00 7.061222e-01 5.940748e-01 6.747784e-01 -1.878608e+00 -9.552620e-01 1.567210e+00 1.531667e+00 -9.083188e-01 -2.047136e+00 5.562932e-01 2.213284e+00 3.762153e-02 -1.419297e+00 -5.575625e-03 -1.073699e-01 2.143719e-01 1.086618e-01 -3.233766e-01 -2.222502e-01 3.538360e-01 7.168933e-01 -4.063675e-01 -6.111561e-01 2.065048e-01 4.720130e-01 9.134866e-02 -2.372948e-03
<VARIANCE> 39
 7.095462e+00 2.252236e+01 2.745051e+01 2.996786e+01 2.734378e+01 3.210624e+01 2.929668e+01 4.373338e+01 3.718236e+01 3.789921e+01 2.737289e+01 2.540478e+01 1.278779e-02 2.964819e-01 4.386208e-01 9.764894e-01 9.404603e-01 9.764199e-01 1.549630e+00 1.490756e+00 1.563105e+00 1.844347e+00 1.565509e+00 1.572490e+00 9.990658e-01 1.344870e-04 5.505264e-02 9.625500e-02 1.677750e-01 2.034266e-01 2.420959e-01 2.915010e-01 2.793046e-01 3.619687e-01 2.850855e-01 2.473981e-01 2.126780e-01 1.874955e-01 2.609169e-05
<GCONST> 6.857769e+01
<MIXTURE> 7 7.021560e-02
<MEAN> 39
 -4.325354e+00 -1.318755e+01 9.149177e+00 -6.923079e+00 -1.690595e+01 -1.035018e+01 -1.803855e+01 4.690981e+00 -1.066733e+01 -5.366211e+00 5.609615e-01 -2.486149e+00 7.095739e-01 1.581209e+00 -1.954240e+00 7.119506e-01 -1.954967e-01 -1.551862e+00 2.857353e-01 -2.722762e+00 1.315754e+00 -5.855030e-01 -2.960423e-01 8.910375e-01 -5.535648e-01 3.334676e-02 -1.137692e+00 7.655100e-01 -1.015694e+00 -6.226493e-02 1.037769e+00 4.081946e-01 1.140738e+00 -4.925760e-01 6.088998e-01 3.359454e-01 -2.035898e-01 1.043280e-02 -1.995834e-02
<VARIANCE> 39
 7.612373e+00 1.769235e+01 3.318235e+01 3.251112e+01 3.473556e+01 2.814787e+01 3.706670e+01 3.329646e+01 5.492786e+01 3.685691e+01 2.208429e+01 2.046525e+01 7.769340e-03 1.561426e+00 1.340577e+00 2.178056e+00 1.898311e+00 3.058341e+00 2.172835e+00 2.909226e+00 2.469445e+00 2.303285e+00 2.496404e+00 1.801552e+00 1.456882e+00 4.667955e-04 3.295256e-01 3.119423e-01 4.246325e-01 3.919056e-01 5.515544e-01 4.645624e-01 5.079862e-01 5.969297e-01 6.133183e-01 4.585042e-01 3.232017e-01 3.307405e-01 1.162940e-04
<GCONST> 8.831742e+01
<MIXTURE> 8 4.534546e-02
<MEAN> 39
 -9.526356e+00 -4.578061e+00 5.096844e+00 -1.424014e+01 -1.775825e+01 -1.516655e+01 -6.721192e+00 -9.631620e+00 -1.500047e+01 -1.626893e+00 -7.484125e+00 -3.089204e+00 6.462719e-01 3.267955e+00 -1.517512e+00 1.729455e+00 -1.474397e+00 -2.731014e+00 -2.675255e+00 -1.923522e+00 -4.451742e-01 -2.570257e+00 9.642308e-01 -1.414087e+00 -5.102894e-02 6.082724e-02 -9.473822e-01 -2.724871e-01 -6.688199e-01 1.247761e-01 1.033209e+00 6.692373e-01 5.066536e-01 1.007573e+00 8.695603e-01 5.825797e-01 5.073878e-01 4.308867e-01 -4.977440e-03
<VARIANCE> 39
 1.188997e+01 1.408028e+01 2.238709e+01 2.730912e+01 1.914764e+01 3.143064e+01 2.469377e+01 3.298631e+01 2.122452e+01 2.383574e+01 1.899062e+01 1.801480e+01 9.260805e-03 1.683691e+00 2.549483e+00 3.338904e+00 2.965144e+00 3.069688e+00 4.207824e+00 4.079383e+00 4.381595e+00 3.716156e+00 3.157380e+00 3.279442e+00 2.941793e+00 1.086638e-03 2.583647e-01 2.401131e-01 2.242497e-01 2.581962e-01 4.229580e-01 4.170291e-01 3.339509e-01 4.258638e-01 3.336276e-01 4.395697e-01 3.314808e-01 3.244472e-01 2.057694e-04
<GCONST> 8.883849e+01
<MIXTURE> 9 5.550556e-02
<MEAN> 39
 -5.785012e+00 -9.753190e+00 9.861021e+00 -1.693042e+00 -2.115885e+01 -9.104455e+00 -1.329373e+01 1.849288e+00 -1.151223e+01 -1.209286e+01 6.242844e+00 -4.389026e+00 7.071843e-01 4.215823e-01 8.073834e-02 -1.384004e+00 6.566826e-01 1.206721e+00 -9.480457e-01 -7.415345e-01 2.022158e-01 1.075045e+00 -1.400953e-01 -6.369836e-01 1.655268e-01 -2.122752e-03 -2.238547e-01 4.172567e-01 -2.299919e-01 -3.593787e-01 7.882122e-01 1.884566e-01 1.508785e-01 -4.658211e-01 3.370137e-01 5.578676e-01 -7.235636e-01 9.278848e-02 -8.961209e-03
<VARIANCE> 39
 7.295916e+00 1.698856e+01 2.452929e+01 2.458898e+01 2.824330e+01 3.648983e+01 2.464090e+01 2.299166e+01 4.264484e+01 2.965122e+01 1.873824e+01 2.396404e+01 1.119065e-02 2.947443e-01 4.577046e-01 9.413762e-01 1.011371e+00 1.257191e+00 1.436402e+00 1.572981e+00 1.081607e+00 1.537547e+00 1.356818e+00 1.327470e+00 1.003365e+00 1.784526e-04 1.068546e-01 1.493887e-01 1.858571e-01 1.925346e-01 3.009669e-01 3.692546e-01 3.030460e-01 2.816884e-01 3.266087e-01 3.346309e-01 2.103150e-01 2.361946e-01 4.774667e-05
<GCONST> 6.910328e+01
<MIXTURE> 10 8.209787e-02
<MEAN> 39
 -8.908657e+00 -6.906250e+00 8.337567e+00 -1.483850e+01 -2.074788e+01 -1.103378e+01 -7.670827e+00 -4.667469e+00 -1.741881e+01 2.070643e+00 -5.692994e+00 -3.360776e+00 6.935860e-01 2.591636e-01 -1.926593e-01 -4.173584e-01 6.789311e-01 -7.336580e-02 -6.918077e-01 1.351568e-01 6.561754e-01 -2.689396e-01 -1.948985e-01 1.718579e-01 2.072648e-01 2.156147e-03 -1.187511e-01 3.119072e-01 -3.701958e-01 3.089969e-01 5.791513e-01 -3.126019e-02 -5.435509e-02 -2.113056e-01 4.833193e-01 -4.510042e-01 -5.906222e-02 8.361200e-02 -9.330803e-03
<VARIANCE> 39
 6.512928e+00 1.928629e+01 3.779102e+01 4.597670e+01 2.432348e+01 5.040872e+01 3.825085e+01 6.313413e+01 3.138155e+01 4.280240e+01 4.809092e+01 2.915149e+01 1.183895e-02 2.045806e-01 5.515369e-01 1.002789e+00 1.204591e+00 1.387346e+00 1.655180e+00 1.557172e+00 1.488306e+00 1.470100e+00 1.871918e+00 1.494671e+00 1.188814e+00 1.749027e-04 1.389301e-01 1.582950e-01 2.365924e-01 2.612611e-01 3.006968e-01 3.832941e-01 3.790980e-01 4.485495e-01 4.101006e-01 3.933879e-01 3.112890e-01 2.384631e-01 5.167025e-05
<GCONST> 7.666991e+01
<MIXTURE> 11 5.757836e-02
<MEAN> 39
 -1.595928e+00 -1.110489e+01 -5.488465e-01 -5.669662e+00 -1.260654e+01 -6.801383e+00 -2.279458e+01 -1.431220e+00 -5.147737e+00 -3.078446e+00 2.387966e+00 -6.757101e+00 7.090787e-01 9.337928e-01 -6.209717e-02 -9.381358e-01 -1.304910e+00 7.465374e-02 1.806192e+00 -1.222477e+00 -1.340960e+00 -4.562611e-01 1.308847e+00 1.345910e+00 -1.203265e+00 1.354602e-02 -8.251474e-01 6.016452e-01 -2.982098e-01 -2.383615e-01 5.425840e-01 2.714086e-01 1.547809e+00 -2.736529e-01 -1.304385e-01 1.301486e-01 -1.556381e-01 5.519458e-01 -1.669554e-02
<VARIANCE> 39
 8.599869e+00 1.716680e+01 2.277186e+01 4.068669e+01 3.461949e+01 5.104084e+01 2.576851e+01 5.779982e+01 4.636100e+01 4.617550e+01 4.039161e+01 2.772713e+01 8.805230e-03 1.264325e+00 1.085964e+00 2.364159e+00 1.762597e+00 2.882616e+00 2.272000e+00 4.647459e+00 3.340314e+00 2.640965e+00 3.190981e+00 2.512561e+00 1.876158e+00 5.529059e-04 3.996903e-01 2.527730e-01 2.999553e-01 5.079721e-01 5.123445e-01 7.645626e-01 5.429670e-01 9.094959e-01 6.062908e-01 5.793190e-01 5.793342e-01 4.069981e-01 1.110545e-04
<GCONST> 9.337855e+01
<MIXTURE> 12 6.538922e-02
<MEAN> 39
 -5.014534e+00 -8.726922e+00 1.862490e+00 -4.754827e+00 -1.356623e+01 -1.788397e+01 -1.323571e+01 1.102010e+00 -9.136206e+00 -4.862637e+00 -4.342627e+00 1.998160e-01 7.142766e-01 9.997845e-01 3.078853e-01 -2.421396e+00 -8.398039e-02 2.612609e+00 6.932570e-01 -2.345869e+00 -6.795206e-01 1.975368e+00 1.166216e+00 -1.313294e+00 -9.585568e-01 -7.126628e-03 -1.429480e-01 3.655756e-01 1.366785e-02 -5.607663e-01 1.223684e-01 1.084346e+00 3.401164e-01 -9.905206e-01 -2.331717e-01 5.128816e-01 2.689052e-01 -5.561634e-01 -7.801954e-03
<VARIANCE> 39
 9.783507e+00 1.959355e+01 3.098181e+01 5.796373e+01 3.226202e+01 3.544384e+01 4.021749e+01 4.692844e+01 4.728125e+01 5.754380e+01 5.413723e+01 2.853875e+01 1.451880e-02 3.673243e-01 6.097527e-01 1.227898e+00 1.346049e+00 1.585149e+00 1.591667e+00 1.612150e+00 2.503321e+00 2.386902e+00 2.225072e+00 1.733027e+00 2.023709e+00 2.585931e-04 1.297355e-01 1.959113e-01 2.750489e-01 3.236485e-01 3.581930e-01 3.856686e-01 4.552949e-01 3.900518e-01 4.405180e-01 3.962402e-01 3.692259e-01 2.520607e-01 7.622638e-05
<GCONST> 8.262070e+01
<MIXTURE> 13 5.891116e-02
<MEAN> 39
 -4.978172e+00 -1.272301e+01 9.600026e+00 -3.958683e+00 -1.946691e+01 -8.230146e+00 -1.836668e+01 5.188236e+00 -1.047270e+01 -1.100835e+01 6.356599e+00 -5.574090e+00 7.375953e-01 3.386259e-01 -4.250277e-01 -3.599455e-01 3.449746e-01 -3.797282e-01 1.063914e-01 -1.202374e+00 5.231938e-01 3.132012e-01 -5.868767e-01 7.962441e-01 -7.595416e-01 1.057287e-02 -5.893294e-01 7.373433e-01 -6.692926e-01 5.903271e-03 9.634405e-01 -1.545819e-02 1.019481e+00 -6.977542e-01 4.179528e-01 6.832214e-01 -7.770437e-01 2.351458e-01 -1.749815e-02
<VARIANCE> 39
 7.529643e+00 1.360715e+01 2.691387e+01 2.246426e+01 3.214126e+01 3.625322e+01 2.925313e+01 3.710820e+01 4.168380e+01 3.101278e+01 2.015496e+01 1.906823e+01 7.098725e-03 4.934081e-01 6.059303e-01 1.149099e+00 8.908287e-01 1.877717e+00 1.268619e+00 1.737903e+00 1.825260e+00 1.865516e+00 1.799325e+00 1.694019e+00 1.154666e+00 2.234111e-04 2.774121e-01 2.069362e-01 2.499932e-01 2.824612e-01 3.975835e-01 4.475117e-01 3.721054e-01 5.413597e-01 3.732816e-01 4.499794e-01 2.640499e-01 3.025484e-01 6.641010e-05
<GCONST> 7.647603e+01
<MIXTURE> 14 7.059819e-02
<MEAN> 39
 -4.179505e+00 -1.157969e+01 6.679450e+00 -2.030702e+00 -1.841780e+01 -1.212343e+01 -1.279336e+01 -2.401304e+00 -4.724164e+00 -9.190571e+00 1.211333e-01 1.120076e+00 7.323828e-01 2.872405e-01 -2.312398e-01 -2.235214e-01 2.211280e-01 -1.335725e-01 -1.648064e-02 -5.936877e-01 5.168231e-02 7.272331e-02 -1.814755e-01 2.209650e-01 -2.547346e-02 5.784483e-03 -4.165932e-01 5.089504e-01 -3.105826e-01 -1.596952e-01 7.417315e-01 2.568742e-01 2.766414e-01 2.445471e-02 -4.340361e-02 3.814795e-01 -1.876739e-01 -2.876429e-01 -1.422262e-02
<VARIANCE> 39
 1.285342e+01 1.994701e+01 3.964244e+01 2.544948e+01 2.792204e+01 2.583986e+01 4.188029e+01 3.847313e+01 4.078809e+01 3.042168e+01 1.457896e+01 1.721343e+01 1.001397e-02 3.436308e-01 4.681911e-01 8.419164e-01 7.831452e-01 1.152353e+00 9.332433e-01 1.266073e+00 1.132144e+00 1.091540e+00 1.101363e+00 9.336469e-01 8.714490e-01 2.014232e-04 1.894889e-01 1.276251e-01 1.721952e-01 1.840248e-01 2.512581e-01 2.577811e-01 3.366727e-01 3.319489e-01 2.239675e-01 2.242501e-01 1.779351e-01 1.924852e-01 6.609302e-05
<GCONST> 6.771660e+01
<MIXTURE> 15 5.472210e-02
<MEAN> 39
 -6.406559e+00 -8.331563e+00 8.504163e+00 -3.935045e+00 -1.466459e+01 -1.099086e+01 -1.261669e+01 2.274215e+00 -1.023832e+01 -7.633247e+00 1.478154e+00 -3.503519e+00 6.486039e-01 3.447096e+00 -1.688453e+00 1.849992e+00 7.732573e-01 -2.615076e+00 -7.808006e-01 -3.959818e+00 7.717636e-01 -1.508991e+00 -1.829182e+00 1.572434e+00 -1.229678e+00 5.816424e-02 -1.064347e+00 -1.509220e-01 -9.468410e-01 -5.191325e-01 4.513836e-01 5.318778e-01 3.374586e-01 1.535433e-02 5.853730e-01 4.260112e-01 1.371372e-02 1.471204e-01 -6.518812e-03
<VARIANCE> 39
 7.838964e+00 1.214696e+01 2.328803e+01 1.574293e+01 2.155445e+01 2.047111e+01 2.796487e+01 1.733363e+01 3.043626e+01 2.374042e+01 1.632068e+01 1.460080e+01 8.198498e-03 1.586230e+00 2.334746e+00 2.988570e+00 2.513352e+00 2.794206e+00 3.311309e+00 3.411292e+00 3.268231e+00 2.953989e+00 3.608099e+00 2.254770e+00 2.124197e+00 6.569795e-04 2.224704e-01 2.061398e-01 2.165357e-01 2.177008e-01 3.660574e-01 3.805251e-01 3.932993e-01 2.515934e-01 3.229785e-01 3.366088e-01 3.148569e-01 1.863813e-01 1.327515e-04
<GCONST> 8.182752e+01
<MIXTURE> 16 5.404904e-02
<MEAN> 39
 -1.312607e+00 -4.588167e+00 -6.474815e+00 -9.816480e+00 -1.004985e+01 -2.075897e+00 -1.418104e+01 -1.003846e+01 -8.096642e+00 -9.605148e-01 2.339597e+00 -4.120172e+00 6.821213e-01 2.052521e+00 1.852104e-02 1.581597e-02 -1.737418e+00 -2.299404e+00 1.372855e+00 -1.404024e+00 -1.607566e+00 -1.570412e+00 -8.474440e-02 1.675702e+00 -2.128823e-01 6.104797e-02 -9.819760e-01 -2.312045e-01 -1.121945e-01 5.329597e-02 3.103440e-01 -1.238858e-01 6.319274e-01 6.735768e-01 3.544320e-01 -1.886469e-02 -2.677556e-01 2.290419e-01 -1.782856e-02
<VARIANCE> 39
 8.900549e+00 2.335339e+01 2.776096e+01 5.276350e+01 4.657789e+01 6.204855e+01 5.041737e+01 4.491145e+01 5.346819e+01 4.180997e+01 4.370153e+01 3.528935e+01 1.087898e-02 2.634339e+00 2.836720e+00 2.580243e+00 3.317475e+00 3.791355e+00 3.579340e+00 4.566293e+00 5.673298e+00 5.346869e+00 4.940611e+00 4.297042e+00 3.370294e+00 1.559303e-03 2.881677e-01 4.358568e-01 3.170278e-01 5.928661e-01 6.099719e-01 6.165482e-01 5.630518e-01 5.514938e-01 6.575300e-01 5.173377e-01 5.209669e-01 4.535058e-01 2.057375e-04
<GCONST> 1.031303e+02
<STATE> 3
<NUMMIXES> 16
<MIXTURE> 1 4.301114e-02
<MEAN> 39
 -4.914661e-01 -7.642182e+00 -4.322958e+00 -9.135609e+00 -9.695182e+00 -2.918221e+00 -1.911388e+01 -8.209457e+00 -7.958566e+00 2.067169e+00 5.398113e+00 -6.023367e+00 6.837258e-01 6.642734e-01 1.134459e+00 -1.588940e+00 -2.143865e+00 2.121945e-01 2.571440e+00 1.525812e+00 -1.833653e+00 -1.766021e+00 1.027714e+00 1.762479e+00 7.032789e-01 -3.603178e-03 -1.811316e-01 -8.943218e-02 4.048199e-01 5.225648e-02 -5.476641e-01 -3.914683e-01 6.204023e-01 7.795067e-01 -1.155661e-01 -7.080866e-01 -2.653432e-01 5.998567e-01 3.919940e-04
<VARIANCE> 39
 7.025848e+00 1.967946e+01 2.496886e+01 3.827104e+01 2.329607e+01 2.922275e+01 3.006611e+01 4.025226e+01 3.778885e+01 3.779652e+01 3.262386e+01 2.607000e+01 1.171239e-02 2.750589e-01 7.723169e-01 8.604631e-01 1.514315e+00 1.386194e+00 2.038558e+00 1.540522e+00 1.890893e+00 2.189170e+00 1.829533e+00 1.337567e+00 1.673309e+00 2.660614e-04 5.488590e-02 1.567209e-01 1.757559e-01 1.834927e-01 2.149260e-01 2.857716e-01 3.545744e-01 2.815058e-01 3.325438e-01 2.706826e-01 2.551524e-01 2.694493e-01 3.378452e-05
<GCONST> 7.277336e+01
<MIXTURE> 2 6.275047e-02
<MEAN> 39
 -1.436326e+00 -9.235931e+00 -1.835334e+00 -8.152426e+00 -1.017980e+01 -4.314242e+00 -2.028410e+01 -3.980216e+00 -6.186049e+00 1.028579e+00 1.731308e+00 -7.913990e+00 7.196191e-01 2.837407e-01 6.173619e-01 -7.122519e-01 -4.687049e-01 3.976200e-01 1.217627e+00 2.662524e-01 -9.980019e-01 -9.541718e-01 4.827983e-01 8.190495e-01 -1.000384e-01 -9.781839e-03 -2.211475e-02 7.361650e-02 1.518023e-02 -5.651391e-02 -6.365257e-02 -3.590363e-02 2.840746e-01 2.872710e-02 -1.114438e-01 -1.857969e-01 4.492905e-02 2.472778e-01 -1.277198e-03
<VARIANCE> 39
 6.920737e+00 2.520613e+01 2.518941e+01 2.853824e+01 3.000176e+01 4.998100e+01 3.023085e+01 4.703140e+01 4.714495e+01 3.973942e+01 6.175325e+01 3.135620e+01 1.068022e-02 1.283128e-01 2.995942e-01 4.133256e-01 5.470213e-01 5.987194e-01 8.368492e-01 8.516384e-01 8.976563e-01 9.891680e-01 9.679066e-01 8.070917e-01 9.164017e-01 7.662904e-05 1.657362e-02 5.781453e-02 5.668984e-02 6.850872e-02 7.944851e-02 1.173454e-01 1.128651e-01 1.278515e-01 1.903863e-01 1.124853e-01 1.199341e-01 1.124672e-01 1.163931e-05
<GCONST> 5.210131e+01
<MIXTURE> 3 8.556638e-02
<MEAN> 39
 -4.434003e+00 -6.533958e+00 -1.096639e+00 -5.610168e+00 -1.273585e+01 -1.586506e+01 -8.434808e+00 -4.346759e+00 -4.107088e+00 -3.856462e+00 -4.987811e+00 -9.697200e-01 6.679926e-01 4.506454e-02 1.484163e-01 -1.628843e-01 1.334259e-01 3.905366e-01 2.170390e-01 -1.857482e-01 -1.985350e-01 -5.274108e-02 1.931699e-01 -1.992364e-01 -1.947511e-01 -8.895696e-03 -5.778177e-02 -1.018481e-02 1.526968e-01 -1.071812e-01 4.582958e-02 2.474819e-01 -6.865007e-02 -1.976129e-02 -1.381364e-01 8.471254e-02 1.292289e-01 -7.510912e-02 -2.722506e-03
<VARIANCE> 39
 1.087745e+01 2.142370e+01 3.837938e+01 6.531918e+01 4.080464e+01 3.500258e+01 5.113739e+01 5.362375e+01 4.815622e+01 4.576154e+01 4.159081e+01 3.036361e+01 2.371209e-02 2.207523e-01 4.041163e-01 8.704543e-01 8.373451e-01 1.237092e+00 1.191115e+00 1.477991e+00 1.546405e+00 1.337939e+00 1.435382e+00 1.155963e+00 8.244563e-01 1.699211e-04 5.074139e-02 6.452441e-02 1.096487e-01 1.492937e-01 2.178155e-01 2.095509e-01 2.833893e-01 2.515089e-01 2.006661e-01 2.033433e-01 1.851948e-01 1.739184e-01 2.598753e-05
<GCONST> 6.888419e+01
<MIXTURE> 4 5.917990e-02
<MEAN> 39
 -3.574578e+00 -9.603970e+00 6.544183e+00 -2.938709e+00 -1.333027e+01 -1.071833e+01 -1.747261e+01 2.692418e+00 -9.771373e+00 -7.500508e+00 2.155531e+00 -5.320728e+00 6.574152e-01 -3.619000e-01 8.345342e-01 -4.236760e-01 3.576304e-03 1.084284e+00 8.064772e-03 6.804879e-01 -7.159601e-01 4.609589e-01 4.757983e-01 -7.909704e-01 7.351960e-02 -2.177435e-02 -6.141592e-01 5.461607e-01 -2.644193e-01 -6.858189e-02 4.005003e-01 7.103392e-02 7.164977e-01 -3.192263e-01 3.011763e-01 1.862812e-01 -3.436617e-01 3.701679e-01 -1.170560e-02
<VARIANCE> 39
 9.293097e+00 1.706924e+01 3.204417e+01 2.130716e+01 2.552481e+01 2.094689e+01 3.813716e+01 2.800297e+01 3.579504e+01 3.556836e+01 2.020425e+01 2.289350e+01 1.254704e-02 5.205300e-01 6.880118e-01 1.428977e+00 8.998655e-01 1.816321e+00 1.640398e+00 1.507596e+00 1.804818e+00 1.517747e+00 1.438984e+00 1.217125e+00 1.476760e+00 2.144883e-04 2.115919e-01 1.882089e-01 1.975318e-01 2.079956e-01 2.794909e-01 2.845678e-01 3.452802e-01 2.888457e-01 3.208191e-01 3.010743e-01 2.153493e-01 2.094236e-01 6.048521e-05
<GCONST> 7.326888e+01
<MIXTURE> 5 5.612377e-02
<MEAN> 39
 -3.039893e+00 -1.104941e+01 3.087753e+00 -1.807480e-01 -1.757913e+01 -9.792068e+00 -1.573750e+01 -3.473207e+00 -8.027816e-01 -1.111481e+01 2.776029e+00 -2.447310e+00 7.176132e-01 1.214866e-01 2.407916e-01 -2.183428e-01 -6.972286e-02 5.709917e-01 1.766611e-01 -2.275408e-01 -1.583457e-01 -7.175802e-02 3.026870e-01 -1.437158e-01 -3.989176e-01 -9.117965e-03 -4.920112e-02 7.054896e-02 9.247697e-02 -1.557710e-01 1.519966e-01 5.535826e-02 5.953361e-02 -1.760449e-02 -1.203447e-01 1.598528e-01 -9.476601e-02 -4.786831e-02 -2.542114e-03
<VARIANCE> 39
 1.123322e+01 1.976895e+01 2.310446e+01 1.644689e+01 2.189948e+01 3.038179e+01 4.351800e+01 4.113605e+01 2.307081e+01 3.462943e+01 3.220892e+01 2.776836e+01 1.267844e-02 1.584246e-01 3.083928e-01 4.788505e-01 4.106832e-01 3.758314e-01 4.728012e-01 6.621444e-01 6.314682e-01 5.935801e-01 4.999841e-01 4.589756e-01 5.685512e-01 7.355095e-05 3.229197e-02 5.380713e-02 7.039268e-02 5.231452e-02 8.581059e-02 8.595808e-02 9.922967e-02 1.041810e-01 6.929151e-02 8.584099e-02 9.677878e-02 7.338700e-02 1.390162e-05
<GCONST> 4.410533e+01
<MIXTURE> 6 5.296071e-02
<MEAN> 39
 -7.843479e+00 -8.522354e+00 6.998637e+00 -1.746532e+01 -1.857248e+01 -1.459372e+01 -4.577013e+00 -5.451808e+00 -1.561912e+01 2.498754e+00 -4.975723e+00 -2.360610e+00 6.757484e-01 2.384440e-01 -4.413682e-02 -3.485417e-01 6.067281e-01 2.122445e-01 -4.349905e-01 4.170809e-02 6.689740e-01 -1.068618e-01 -1.187480e-01 1.005418e-01 2.932693e-01 -4.471813e-03 1.887758e-02 6.380390e-02 -6.138201e-02 2.793764e-02 9.588121e-02 8.325890e-04 -1.648583e-01 5.302070e-02 1.087279e-01 -1.287381e-01 -1.142752e-01 7.648598e-02 -1.760239e-03
<VARIANCE> 39
 5.258340e+00 1.754371e+01 1.887392e+01 4.113921e+01 2.007180e+01 4.173994e+01 3.666286e+01 3.873921e+01 3.870851e+01 4.056407e+01 2.241808e+01 2.814281e+01 1.810954e-02 1.244177e-01 1.907358e-01 3.492088e-01 3.589095e-01 5.963811e-01 7.407640e-01 6.413362e-01 7.820795e-01 7.949780e-01 7.633237e-01 6.030037e-01 5.982974e-01 7.323188e-05 1.977849e-02 3.031421e-02 4.019381e-02 7.009672e-02 1.066580e-01 1.115861e-01 9.872687e-02 1.239795e-01 1.261075e-01 8.356640e-02 1.004468e-01 9.766829e-02 6.810180e-06
<GCONST> 4.507557e+01
<MIXTURE> 7 7.556537e-02
<MEAN> 39
 -8.717731e-01 -8.111571e+00 -2.592654e+00 -1.067345e+01 -1.206798e+01 9.170857e-01 -2.056569e+01 -6.377817e+00 -8.200953e+00 -1.227457e+00 7.747733e+00 -8.152260e+00 7.123204e-01 5.645151e-02 1.782425e-01 4.141079e-03 -2.365839e-01 -8.579550e-02 3.406237e-01 3.867363e-01 -1.909577e-01 -3.177103e-01 -5.174793e-02 4.263098e-02 8.222769e-02 -6.371918e-03 -1.730282e-01 9.080978e-02 -1.202144e-02 3.057593e-01 1.268781e-01 -4.498579e-01 5.424151e-01 9.945270e-02 1.676076e-01 -1.108186e-01 -4.990101e-01 3.141663e-01 -6.651853e-03
<VARIANCE> 39
 6.529795e+00 2.282913e+01 2.402767e+01 3.969813e+01 3.335687e+01 4.402576e+01 4.527071e+01 6.149087e+01 5.236344e+01 4.166719e+01 4.026266e+01 3.593619e+01 1.095219e-02 2.490414e-01 6.627688e-01 9.463205e-01 1.786687e+00 1.194204e+00 1.589227e+00 1.828918e+00 1.565628e+00 2.022743e+00 1.703063e+00 1.513500e+00 1.231876e+00 2.811163e-04 6.652486e-02 1.183297e-01 1.638895e-01 2.078101e-01 2.588439e-01 2.403257e-01 3.624326e-01 4.045306e-01 3.281325e-01 2.780647e-01 2.347279e-01 2.438957e-01 4.740871e-05
<GCONST> 7.518349e+01
<MIXTURE> 8 6.104085e-02
<MEAN> 39
 -6.287734e+00 -9.026264e+00 7.203948e+00 -9.514657e+00 -1.610292e+01 -1.465716e+01 -1.228347e+01 -4.469144e-01 -1.504197e+01 -2.656224e+00 -4.221897e+00 -2.172425e+00 6.804985e-01 7.728340e-02 8.610106e-01 -1.304261e+00 1.018401e+00 1.280396e+00 2.359519e-01 1.189121e-02 -6.526167e-01 1.453274e+00 -8.046698e-01 -9.069810e-02 4.182879e-02 -3.165323e-02 -6.525480e-01 7.887348e-01 -4.923309e-01 3.454047e-01 7.399711e-01 7.261509e-01 7.417026e-01 -5.564789e-01 6.765604e-01 1.860970e-02 -8.961120e-02 -1.110513e-01 -2.626521e-02
<VARIANCE> 39
 1.070088e+01 2.530387e+01 4.409163e+01 5.844106e+01 4.225849e+01 5.172631e+01 5.594815e+01 7.116122e+01 4.452673e+01 5.089484e+01 4.447196e+01 3.886695e+01 1.111230e-02 1.079308e+00 1.447755e+00 2.962599e+00 2.150191e+00 3.972059e+00 4.123752e+00 3.297012e+00 4.058697e+00 3.299401e+00 3.113535e+00 2.192656e+00 2.279681e+00 6.562886e-04 3.590767e-01 3.702619e-01 4.575473e-01 5.640857e-01 6.289570e-01 7.553582e-01 8.577231e-01 8.642821e-01 6.301736e-01 7.430112e-01 5.309754e-01 5.354876e-01 2.678585e-04
<GCONST> 1.014334e+02
<MIXTURE> 9 9.004435e-02
<MEAN> 39
 -4.763458e+00 -1.216169e+01 7.864964e+00 -6.659459e+00 -1.571731e+01 -9.114958e+00 -2.048293e+01 6.164772e+00 -1.025188e+01 -6.504727e+00 2.721560e+00 -5.306533e+00 7.045612e-01 4.114082e-02 1.413593e-01 -9.640668e-02 1.919606e-01 2.034142e-01 1.530891e-01 -1.442933e-01 -1.789315e-01 6.364428e-02 -1.401843e-01 -9.284364e-02 -3.191574e-01 -7.552018e-03 3.258972e-03 1.075321e-01 -8.524351e-02 5.547531e-02 1.108765e-01 1.929183e-02 2.303224e-01 -2.605790e-01 7.823592e-02 6.916052e-02 -1.628923e-01 5.678670e-02 -3.466859e-03
<VARIANCE> 39
 6.453742e+00 1.092700e+01 2.785655e+01 3.271173e+01 4.036022e+01 2.755436e+01 3.267327e+01 2.756544e+01 3.109554e+01 4.337090e+01 2.512231e+01 2.228797e+01 1.091435e-02 1.744351e-01 2.509553e-01 5.245128e-01 5.370448e-01 6.399802e-01 5.675400e-01 7.216198e-01 8.308694e-01 8.234583e-01 6.722412e-01 6.753139e-01 6.240133e-01 8.064505e-05 2.957391e-02 5.503885e-02 8.299304e-02 1.056117e-01 1.415635e-01 1.046938e-01 1.442508e-01 1.378164e-01 1.380360e-01 1.156340e-01 1.155092e-01 1.057881e-01 1.722220e-05
<GCONST> 4.998215e+01
<MIXTURE> 10 9.576440e-02
<MEAN> 39
 -2.205477e+00 -4.728818e+00 -5.474845e+00 -1.070099e+01 -9.836467e+00 -2.319220e+00 -1.408778e+01 -7.065847e+00 -7.832626e+00 -2.380619e+00 2.926806e+00 -6.562920e+00 6.902234e-01 1.154067e-02 2.079463e-02 1.666048e-01 2.737191e-01 -6.769727e-03 -7.441662e-02 3.579529e-01 -1.654543e-02 -1.974881e-01 -1.329719e-01 -2.146372e-01 -4.806183e-02 -8.406453e-03 -4.088090e-03 -4.467725e-02 5.098103e-02 7.364009e-02 6.251163e-03 -5.952828e-02 5.803695e-03 4.185702e-02 8.121552e-02 1.041044e-02 -5.247852e-02 1.210817e-02 -1.465891e-03
<VARIANCE> 39
 8.223284e+00 2.177749e+01 3.341083e+01 7.566976e+01 3.934502e+01 6.610896e+01 5.673819e+01 4.578613e+01 6.210093e+01 5.104123e+01 8.475068e+01 3.152736e+01 9.979071e-03 1.075392e-01 2.512516e-01 3.011278e-01 5.667163e-01 4.706919e-01 6.858459e-01 7.734676e-01 7.892740e-01 8.669022e-01 7.047842e-01 7.235975e-01 6.853922e-01 6.601525e-05 2.083510e-02 3.922844e-02 4.777870e-02 6.732711e-02 9.303642e-02 1.064105e-01 1.375121e-01 1.168031e-01 1.495310e-01 1.180303e-01 9.659828e-02 8.294785e-02 8.346308e-06
<GCONST> 5.179520e+01
<MIXTURE> 11 5.815687e-02
<MEAN> 39
 -4.527514e+00 -1.044913e+01 4.873622e+00 -1.071610e+01 -1.334126e+01 -1.491407e+01 -1.389585e+01 4.069523e+00 -1.246668e+01 -1.503642e+00 -4.904260e+00 -1.989336e+00 6.523805e-01 2.027755e-01 5.583069e-01 -9.232436e-01 2.884547e-01 1.056904e+00 3.223220e-01 -7.551477e-01 -2.416967e-01 8.740798e-01 -8.067168e-02 -8.041168e-01 -2.873784e-01 -1.510937e-02 -9.588128e-02 2.622384e-01 -1.578665e-01 9.164947e-02 9.528555e-02 2.087826e-01 1.862179e-01 -4.814050e-01 1.861337e-01 4.518725e-02 3.509209e-02 -1.291138e-01 -5.138109e-03
<VARIANCE> 39
 7.337618e+00 2.356429e+01 3.845253e+01 3.241570e+01 3.242967e+01 2.702269e+01 3.680117e+01 3.378421e+01 4.251413e+01 3.056120e+01 3.372108e+01 2.863005e+01 2.095619e-02 2.367823e-01 4.704661e-01 8.464484e-01 8.831605e-01 1.114271e+00 9.960375e-01 1.436404e+00 1.402867e+00 1.324565e+00 1.351791e+00 1.258897e+00 1.159642e+00 1.404850e-04 7.202773e-02 1.146166e-01 1.478848e-01 1.619489e-01 1.994872e-01 1.953029e-01 2.537360e-01 2.103644e-01 2.193650e-01 1.590531e-01 1.994379e-01 1.641239e-01 4.003551e-05
<GCONST> 6.684096e+01
<MIXTURE> 12 6.723895e-02
<MEAN> 39
 -2.500738e+00 -6.436805e+00 -5.982543e+00 -1.480902e+01 -5.852267e+00 -1.211105e+01 -1.685597e+01 -5.870270e+00 -7.850976e+00 7.790676e+00 -9.537654e+00 -3.413584e+00 7.368370e-01 2.316104e-01 2.254008e-01 -7.439276e-01 -6.885167e-01 3.874395e-01 9.624757e-01 4.775546e-02 -1.003457e+00 2.230251e-01 5.958158e-01 4.518663e-01 -1.556887e-01 -1.547308e-03 -1.853441e-01 -1.108914e-01 2.380386e-01 2.651179e-01 -4.048953e-01 -1.244606e-01 4.993464e-01 2.214447e-01 -3.225471e-02 -7.068273e-01 2.846986e-01 1.814706e-01 -3.752325e-03
<VARIANCE> 39
 7.061006e+00 1.825583e+01 4.003859e+01 4.670617e+01 2.275649e+01 4.791188e+01 5.846220e+01 6.526707e+01 3.636174e+01 3.876130e+01 5.566187e+01 3.519255e+01 1.162699e-02 2.436438e-01 7.255335e-01 1.173451e+00 1.230780e+00 1.348214e+00 1.900350e+00 1.779126e+00 2.174138e+00 2.040413e+00 2.452713e+00 1.634747e+00 1.710623e+00 2.962990e-04 6.412328e-02 1.320154e-01 1.654548e-01 2.161316e-01 2.744707e-01 3.525738e-01 3.929668e-01 4.960704e-01 4.692727e-01 3.176606e-01 3.457598e-01 2.773469e-01 5.055908e-05
<GCONST> 7.891718e+01
<MIXTURE> 13 5.236785e-02
<MEAN> 39
 -7.190587e+00 -9.558213e+00 4.112676e+00 -1.767828e+01 -1.499388e+01 -2.007506e+01 -6.228843e+00 -1.070727e+00 -1.638702e+01 4.962558e+00 -1.010701e+01 2.329673e+00 7.495649e-01 2.731349e-02 4.689480e-02 -3.130443e-01 6.417464e-02 2.579449e-01 -6.114142e-02 -5.180778e-01 5.577688e-02 -1.267858e-01 -4.107148e-01 -5.649114e-01 -7.506479e-02 -7.988120e-03 1.224657e-02 1.660616e-01 -1.855197e-01 1.864641e-01 8.979367e-02 1.464529e-01 -2.008752e-01 -2.619177e-01 2.685922e-01 -2.641231e-01 -1.171424e-02 -1.946572e-01 -5.185954e-03
<VARIANCE> 39
 4.489878e+00 1.487959e+01 2.798151e+01 2.478543e+01 2.297077e+01 2.943320e+01 4.210265e+01 4.047915e+01 4.323988e+01 3.243334e+01 3.082698e+01 2.782403e+01 1.078055e-02 1.299551e-01 3.287633e-01 6.617576e-01 6.459089e-01 7.366999e-01 1.053812e+00 1.023444e+00 1.303624e+00 1.256065e+00 1.010281e+00 8.693947e-01 9.407939e-01 1.274878e-04 2.984682e-02 7.103489e-02 9.992918e-02 1.344658e-01 1.221859e-01 1.804183e-01 1.413732e-01 2.029530e-01 1.613145e-01 1.889867e-01 1.877781e-01 1.591052e-01 2.359293e-05
<GCONST> 5.746270e+01
<MIXTURE> 14 5.658212e-02
<MEAN> 39
 -4.528289e+00 -1.038181e+01 1.520562e+00 -1.054677e+01 -1.193873e+01 -1.351133e+01 -1.341382e+01 1.377167e+00 -8.860104e+00 -2.515257e+00 -6.361248e+00 -8.368751e-01 7.198651e-01 1.058495e-01 1.324632e-01 -4.750495e-02 2.522966e-01 1.645842e-01 5.312067e-03 -1.861264e-01 -1.061681e-01 -3.788340e-02 -1.038345e-01 5.192776e-02 -5.058402e-02 -6.703643e-03 1.172875e-02 1.517926e-02 -1.410627e-02 -1.355473e-02 2.450284e-02 4.572301e-02 -3.920521e-02 -7.574285e-02 4.213497e-02 1.190804e-02 3.483700e-02 -5.108502e-02 -5.705354e-04
<VARIANCE> 39
 5.943974e+00 1.981519e+01 3.492798e+01 4.163322e+01 2.446631e+01 3.214260e+01 3.662481e+01 4.084109e+01 4.981259e+01 4.809763e+01 4.984457e+01 2.491677e+01 8.083591e-03 6.190164e-02 1.373448e-01 2.429190e-01 3.166945e-01 3.884396e-01 3.392884e-01 4.535180e-01 4.969400e-01 5.974253e-01 5.918575e-01 3.208443e-01 4.630108e-01 2.796470e-05 1.070978e-02 2.064959e-02 2.611919e-02 4.245997e-02 4.939578e-02 5.611628e-02 5.006018e-02 6.353112e-02 5.908347e-02 5.020223e-02 6.044079e-02 5.293807e-02 2.668024e-06
<GCONST> 3.225500e+01
<MIXTURE> 15 4.021543e-02
<MEAN> 39
 -4.433649e+00 -1.178842e+01 5.965344e+00 -5.565194e-01 -2.011632e+01 -4.329676e+00 -2.076784e+01 -6.337204e-01 -4.635232e+00 -1.363533e+01 5.193365e+00 -6.451830e+00 7.157824e-01 -2.729512e-01 5.174162e-01 -2.219251e-01 5.946215e-02 1.209728e+00 -6.868876e-01 1.246479e+00 -6.656780e-01 6.431968e-02 7.859985e-01 -1.476674e+00 3.026465e-01 -2.300773e-02 -4.836035e-01 7.192575e-01 -3.426953e-01 -8.850097e-02 9.791520e-01 -4.855038e-01 1.075965e+00 -1.879699e-01 -1.619026e-01 7.988172e-01 -7.394509e-01 3.333784e-01 -1.656666e-02
<VARIANCE> 39
 1.171579e+01 1.783982e+01 3.864149e+01 2.446680e+01 3.427849e+01 3.094710e+01 4.324938e+01 4.608714e+01 3.578016e+01 3.469830e+01 2.519326e+01 3.549646e+01 9.941370e-03 6.094994e-01 8.740147e-01 1.449938e+00 1.765999e+00 2.843958e+00 2.270842e+00 2.494364e+00 2.361740e+00 2.743455e+00 2.499894e+00 2.343573e+00 1.858686e+00 3.122243e-04 2.075853e-01 2.100319e-01 1.924863e-01 3.127721e-01 3.358046e-01 3.603914e-01 4.280679e-01 5.235327e-01 3.564219e-01 3.722365e-01 2.753542e-01 3.562248e-01 1.157160e-04
<GCONST> 8.406279e+01
<MIXTURE> 16 4.341238e-02
<MEAN> 39
 -8.943895e-01 -6.449893e+00 -7.451530e+00 -1.073886e+01 -8.176480e+00 -5.848256e+00 -1.746138e+01 -8.617083e+00 -8.980997e+00 1.487383e+00 -3.078500e-01 -4.205743e+00 6.868087e-01 6.960972e-01 1.170092e+00 -1.266666e+00 -1.693760e+00 1.823717e-01 2.275710e+00 1.455639e+00 -1.649100e+00 -1.724531e+00 4.877712e-01 1.020507e+00 2.604981e-01 -9.946113e-03 -6.941566e-01 1.837903e-01 5.035890e-01 2.789191e-01 -2.277874e-01 -1.681671e-01 1.146175e+00 6.152807e-01 8.014548e-02 -6.478058e-01 -2.702684e-01 3.204381e-01 -1.571294e-02
<VARIANCE> 39
 9.148835e+00 2.442427e+01 2.810745e+01 7.155054e+01 4.316419e+01 6.197458e+01 4.607957e+01 4.813297e+01 6.964709e+01 6.030071e+01 8.289778e+01 4.512970e+01 1.206153e-02 8.938813e-01 1.628808e+00 1.855362e+00 3.519896e+00 3.819542e+00 4.617467e+00 4.720311e+00 4.061875e+00 4.533379e+00 3.642333e+00 3.064556e+00 3.472929e+00 1.225187e-03 2.916490e-01 3.564098e-01 4.255186e-01 5.661506e-01 7.296804e-01 6.720390e-01 7.074983e-01 8.650339e-01 1.144706e+00 8.414338e-01 9.174013e-01 6.213372e-01 2.065736e-04
<GCONST> 1.050059e+02
<STATE> 4
<NUMMIXES> 16
<MIXTURE> 1 4.235770e-02
<MEAN> 39
 -2.351188e+00 -7.671697e+00 3.715633e-01 -5.687513e+00 -6.347158e+00 -8.299240e+00 -1.940696e+01 -1.505714e+00 -8.852716e+00 -2.598882e+00 9.736745e-01 -7.375540e+00 5.822668e-01 -4.941834e-01 2.674769e+00 -1.908664e+00 3.559190e-01 2.058849e+00 1.982229e+00 2.529747e+00 -2.551566e+00 5.733413e-01 8.984650e-01 -2.133270e-01 -1.260370e-01 -7.715607e-02 -6.698090e-01 3.418642e-01 1.831305e-01 3.339403e-01 -2.756271e-01 1.260977e-01 1.051781e+00 1.074617e-01 -1.788303e-03 -2.254016e-01 -1.940853e-01 5.209527e-01 -1.770864e-02
<VARIANCE> 39
 9.256604e+00 1.568691e+01 2.265713e+01 2.255471e+01 2.104113e+01 4.358409e+01 2.762216e+01 4.076921e+01 2.566833e+01 3.159769e+01 3.887144e+01 2.672342e+01 1.361148e-02 9.043117e-01 1.599484e+00 1.694107e+00 2.262521e+00 2.311345e+00 3.801368e+00 4.518364e+00 2.867680e+00 3.886842e+00 2.493036e+00 2.345964e+00 2.505605e+00 1.333839e-03 2.494563e-01 2.684064e-01 3.655929e-01 2.752552e-01 3.143684e-01 4.868166e-01 4.431665e-01 6.228698e-01 5.167713e-01 3.447128e-01 4.941295e-01 3.144485e-01 2.907233e-04
<GCONST> 9.006247e+01
<MIXTURE> 2 7.108721e-02
<MEAN> 39
 1.559422e+00 -6.601616e+00 -7.950236e+00 -1.395849e+01 -1.561326e+01 3.825405e+00 -1.340027e+01 -6.808679e+00 -9.104929e+00 -2.971601e+00 9.896680e+00 -8.476487e-01 7.702156e-01 1.654771e-01 -1.379989e-01 -7.589919e-01 -6.644506e-01 -1.015692e-01 5.288491e-03 1.176615e+00 4.694610e-01 6.125299e-01 1.655856e-01 -1.886099e-01 1.070184e-01 7.910087e-03 -9.397721e-02 -1.729313e-01 5.360674e-02 2.691590e-01 2.630250e-01 -3.111982e-01 -1.366665e-01 5.457696e-02 3.561929e-01 1.069616e-01 -3.555247e-01 -2.201899e-01 -4.178270e-04
<VARIANCE> 39
 4.118443e+00 3.816326e+01 2.896750e+01 3.925245e+01 2.967017e+01 3.730818e+01 5.007194e+01 4.778302e+01 4.899568e+01 7.380655e+01 2.988185e+01 3.153407e+01 1.054681e-02 2.269113e-01 9.417046e-01 9.578129e-01 1.872049e+00 1.423899e+00 1.766725e+00 1.796660e+00 1.612307e+00 2.316754e+00 1.825804e+00 1.610041e+00 1.733093e+00 2.372599e-04 2.827700e-02 9.942940e-02 9.713404e-02 1.839656e-01 2.203060e-01 2.478332e-01 3.054864e-01 2.292707e-01 3.660668e-01 2.877795e-01 2.666793e-01 2.518756e-01 2.282018e-05
<GCONST> 7.309457e+01
<MIXTURE> 3 6.475320e-02
<MEAN> 39
 -6.081370e+00 -5.561312e+00 2.387705e+00 2.644233e+00 -1.179033e+01 -1.310329e+01 -8.564511e+00 -3.142800e+00 -5.470757e+00 -6.463814e+00 -4.079351e+00 -7.834446e-01 4.822169e-01 -1.818190e+00 2.070038e+00 -9.064440e-01 4.525951e-01 2.777020e+00 9.272653e-01 2.457120e+00 -1.914670e-01 5.299462e-01 1.066457e+00 -1.053765e+00 -2.788595e-02 -9.957825e-02 -5.039918e-01 -1.224984e-01 -1.008099e-01 -5.992586e-01 2.399911e-01 9.808885e-01 -1.676845e-01 1.919006e-01 -2.131434e-02 1.814875e-01 4.754063e-01 -2.214427e-01 -5.447554e-03
<VARIANCE> 39
 1.111868e+01 2.198445e+01 2.844977e+01 2.627558e+01 3.762656e+01 2.503869e+01 4.302264e+01 2.914713e+01 2.217400e+01 2.209394e+01 1.681630e+01 1.948489e+01 2.438420e-02 1.928751e+00 3.058182e+00 3.274680e+00 2.686085e+00 4.394602e+00 3.503218e+00 4.297626e+00 4.163719e+00 3.783861e+00 3.823769e+00 2.698903e+00 2.387286e+00 2.233675e-03 3.443303e-01 4.432467e-01 3.785793e-01 5.479698e-01 6.769161e-01 6.073424e-01 8.247553e-01 5.857933e-01 5.764301e-01 5.200463e-01 3.302321e-01 3.458818e-01 4.588496e-04
<GCONST> 9.791583e+01
<MIXTURE> 4 4.880548e-02
<MEAN> 39
 -1.499294e+00 -3.869053e+00 -9.110714e+00 -1.339854e+01 -7.116752e+00 -9.609239e+00 -1.393528e+01 -8.599245e+00 -1.175723e+01 2.318041e-01 -4.518679e+00 -1.882539e+00 5.942694e-01 -1.171949e+00 1.858871e+00 -1.945215e-02 1.237977e+00 2.794206e-01 1.552730e+00 2.561177e+00 -6.320026e-01 7.093883e-01 -8.993275e-01 1.782801e-01 -4.483086e-01 -8.782225e-02 -9.662046e-01 -5.729096e-02 6.018147e-01 8.601410e-01 4.200317e-02 1.528307e-01 5.349314e-01 6.425290e-01 4.858780e-01 -2.392659e-01 -4.659725e-02 -1.076921e-01 -2.388374e-02
<VARIANCE> 39
 1.268044e+01 2.241529e+01 2.267493e+01 3.811176e+01 3.766255e+01 7.825814e+01 4.577628e+01 4.432401e+01 7.035825e+01 8.033403e+01 1.074611e+02 5.508036e+01 1.641862e-02 1.972315e+00 3.149781e+00 2.569094e+00 4.019004e+00 4.859456e+00 6.038580e+00 6.380680e+00 6.663210e+00 6.304133e+00 7.487582e+00 6.025856e+00 4.373013e+00 2.415709e-03 2.509144e-01 4.066977e-01 3.172391e-01 4.711076e-01 7.378069e-01 1.087389e+00 8.018200e-01 7.296335e-01 1.129833e+00 1.097091e+00 1.019580e+00 7.527059e-01 2.948501e-04
<GCONST> 1.121810e+02
<MIXTURE> 5 9.177142e-02
<MEAN> 39
 -8.335544e-01 -1.052660e+01 -6.667376e+00 -1.259590e+01 -9.549414e+00 -6.488085e+00 -1.731968e+01 -4.287025e+00 -3.954616e+00 6.054046e+00 6.032433e-01 -7.044848e+00 7.454533e-01 -5.525925e-01 -1.335800e+00 5.130122e-01 7.562203e-01 -4.754918e-01 -1.949919e+00 4.561256e-01 2.465372e+00 2.134958e+00 -5.896305e-01 -1.645997e+00 -2.382130e-01 1.015073e-02 -1.513807e-01 9.031679e-02 3.552676e-01 1.316335e-01 -3.035134e-01 -9.298917e-02 5.968400e-01 3.408253e-01 -2.503884e-01 -8.316770e-01 -1.382025e-01 4.704646e-01 -2.612970e-03
<VARIANCE> 39
 7.831393e+00 2.569519e+01 3.506702e+01 5.329898e+01 3.783439e+01 5.556366e+01 4.078918e+01 5.023937e+01 4.983545e+01 4.521301e+01 7.821017e+01 2.934976e+01 1.017504e-02 2.698926e-01 8.781469e-01 1.366112e+00 1.611154e+00 1.754522e+00 2.723288e+00 3.157834e+00 2.146402e+00 2.836443e+00 3.197123e+00 1.974256e+00 2.583074e+00 3.967394e-04 4.708695e-02 1.526751e-01 1.865372e-01 2.097258e-01 3.027452e-01 4.058560e-01 4.209287e-01 4.876753e-01 5.311016e-01 3.472032e-01 4.648050e-01 3.050684e-01 4.750927e-05
<GCONST> 8.403561e+01
<MIXTURE> 6 4.333533e-02
<MEAN> 39
 -1.032708e+01 -2.999052e+00 -7.084056e+00 -5.229033e+00 -7.403367e+00 -3.250777e+00 -5.119314e+00 -4.314821e+00 -2.866059e+00 2.768866e+00 1.861832e-01 -2.800121e+00 2.218215e-01 -1.241186e+00 -3.128237e-01 -1.600020e-01 6.269554e-01 1.078848e+00 1.325055e+00 2.172874e+00 7.071944e-01 5.243077e-01 -5.793529e-01 -6.365069e-01 1.349629e-01 -4.014747e-02 4.938090e-01 -7.245901e-01 2.710230e-01 -4.503144e-01 -3.622725e-01 -3.384947e-01 -5.217467e-01 1.395073e-01 -3.812394e-01 -5.057223e-01 9.502091e-03 -2.024224e-02 3.410357e-02
<VARIANCE> 39
 3.886987e+01 3.279387e+01 4.813174e+01 6.068602e+01 6.590968e+01 6.241266e+01 5.391543e+01 5.652257e+01 7.349572e+01 6.037127e+01 5.997034e+01 4.846458e+01 4.956746e-02 4.022755e+00 3.974113e+00 3.084721e+00 5.536864e+00 5.009308e+00 6.239817e+00 7.098285e+00 6.328754e+00 7.927505e+00 5.693102e+00 5.250803e+00 4.460932e+00 7.998087e-03 7.742057e-01 7.539908e-01 4.623263e-01 9.179427e-01 1.012204e+00 9.948252e-01 1.167615e+00 1.242535e+00 1.652408e+00 1.133859e+00 9.753593e-01 8.940873e-01 9.444468e-04
<GCONST> 1.240208e+02
<MIXTURE> 7 6.741817e-02
<MEAN> 39
 -6.921298e+00 -6.963043e+00 8.487059e+00 -3.616364e+00 -1.219452e+01 -1.133212e+01 -1.339408e+01 6.339699e-01 -9.151399e+00 -7.904889e+00 -8.362420e-01 -2.496244e+00 6.316612e-01 -2.555039e+00 2.685451e+00 -1.518875e+00 -6.671603e-01 3.130441e+00 -8.428747e-01 1.638102e+00 -4.367365e-01 1.232486e+00 9.762280e-01 -1.605003e+00 1.267126e+00 -3.345275e-02 -1.079557e+00 3.692615e-01 -3.919890e-01 -3.471740e-01 4.360800e-01 4.067332e-01 3.311320e-01 2.660394e-01 2.181061e-01 1.674138e-01 1.738641e-01 1.327191e-01 -1.693637e-03
<VARIANCE> 39
 9.870566e+00 1.576118e+01 2.070541e+01 1.761397e+01 2.756366e+01 2.144204e+01 2.896425e+01 2.024428e+01 3.078381e+01 2.261656e+01 1.868328e+01 1.703466e+01 1.164047e-02 1.625338e+00 1.631379e+00 1.733216e+00 1.788112e+00 3.100353e+00 2.913353e+00 3.239748e+00 2.684970e+00 2.873453e+00 3.450251e+00 2.333811e+00 2.072562e+00 2.604649e-04 2.167378e-01 2.784994e-01 2.287079e-01 1.961105e-01 3.010764e-01 3.296676e-01 3.144036e-01 2.933322e-01 3.264673e-01 2.655810e-01 3.116016e-01 2.164434e-01 1.053554e-04
<GCONST> 8.041669e+01
<MIXTURE> 8 4.168022e-02
<MEAN> 39
 -8.290156e+00 -5.681973e+00 4.430037e+00 -1.482015e+01 -1.560382e+01 -1.874989e+01 -7.212147e+00 -6.521089e+00 -1.630031e+01 1.868717e+00 -1.077549e+01 1.219856e+00 6.501416e-01 -1.020729e+00 2.046843e+00 -1.381097e+00 2.164893e+00 1.022966e+00 7.604186e-01 1.766058e-01 -8.390703e-01 1.632797e+00 -2.446712e+00 1.123703e+00 -2.888865e-01 -4.817149e-02 -7.893638e-01 4.876315e-01 -4.737490e-01 6.174883e-01 6.536891e-01 7.355686e-01 3.805031e-01 1.021637e-01 6.790224e-01 -2.954300e-01 4.764460e-01 -3.296843e-01 -1.535151e-02
<VARIANCE> 39
 6.300522e+00 1.641199e+01 2.691317e+01 2.771384e+01 2.718207e+01 3.766932e+01 4.069603e+01 4.022635e+01 3.371086e+01 2.696480e+01 3.392762e+01 3.671511e+01 1.660832e-02 1.131453e+00 1.443203e+00 2.591258e+00 2.341051e+00 3.071489e+00 4.243079e+00 3.033249e+00 3.361693e+00 2.993478e+00 2.884050e+00 2.708817e+00 2.185090e+00 9.885662e-04 2.669609e-01 3.456025e-01 2.361127e-01 2.964698e-01 3.657015e-01 4.292155e-01 4.064286e-01 4.703677e-01 3.909609e-01 4.221477e-01 4.276543e-01 3.678502e-01 3.103665e-04
<GCONST> 9.102403e+01
<MIXTURE> 9 6.673440e-02
<MEAN> 39
 6.457672e-01 -4.179152e+00 -7.756429e+00 -1.364476e+01 -1.088473e+01 1.616080e+00 -1.280411e+01 -1.096397e+01 -1.354211e+01 7.479882e-01 6.039129e+00 -1.171085e+00 6.679102e-01 3.837799e-01 1.091613e+00 -7.846155e-01 -1.895537e+00 -9.498640e-01 1.672253e+00 2.382942e+00 1.138720e-01 -1.208623e+00 -8.879859e-01 3.973544e-01 1.313070e+00 -5.464202e-03 -3.262987e-01 -3.754415e-01 4.376724e-01 4.644868e-01 -8.780712e-02 -8.968453e-01 -1.056734e-01 9.133734e-01 9.168031e-01 -2.648800e-01 -7.464578e-01 -1.981935e-01 -4.360573e-04
<VARIANCE> 39
 6.434872e+00 2.110282e+01 2.551991e+01 4.222583e+01 2.921626e+01 3.449212e+01 3.877454e+01 3.785419e+01 4.194960e+01 4.625131e+01 4.502254e+01 2.835728e+01 1.385570e-02 3.671973e-01 1.267738e+00 1.161919e+00 2.015254e+00 1.953354e+00 1.994092e+00 2.764081e+00 2.200221e+00 3.087671e+00 2.399752e+00 2.540850e+00 1.800671e+00 5.356314e-04 1.021657e-01 2.378213e-01 2.581909e-01 2.988058e-01 3.394041e-01 3.481274e-01 4.762162e-01 3.642733e-01 5.235204e-01 4.650708e-01 3.916817e-01 3.622510e-01 8.680975e-05
<GCONST> 8.457976e+01
<MIXTURE> 10 1.235599e-01
<MEAN> 39
 -2.116977e+00 -4.944656e+00 -4.659026e+00 -6.933864e+00 -9.085464e+00 -4.137655e+00 -1.305620e+01 -7.306737e+00 -7.028858e+00 -1.773776e+00 8.225959e-01 -5.938276e+00 5.812187e-01 -5.655728e-01 4.519169e-01 8.326180e-02 5.570221e-01 6.444200e-01 -1.219154e-01 1.571430e+00 -5.892914e-01 -1.633445e-01 2.443439e-01 -5.914562e-01 1.518346e-01 -3.192091e-02 -3.288535e-01 -2.377943e-02 2.242880e-01 1.193246e-01 7.728300e-02 -2.430626e-01 2.305669e-01 2.664443e-01 -1.421516e-02 -3.107097e-02 -2.051341e-01 1.541450e-01 -5.275665e-03
<VARIANCE> 39
 7.229335e+00 2.169450e+01 2.704552e+01 3.657283e+01 3.399532e+01 5.429805e+01 4.531067e+01 5.337980e+01 6.758559e+01 4.076102e+01 5.185390e+01 2.458767e+01 2.002763e-02 4.323920e-01 1.024381e+00 1.362702e+00 1.709042e+00 2.059192e+00 2.962576e+00 3.370045e+00 3.216386e+00 3.407878e+00 2.449392e+00 2.831413e+00 2.006221e+00 3.165932e-04 1.019568e-01 1.541725e-01 2.160503e-01 2.586759e-01 2.879125e-01 3.639961e-01 3.575281e-01 4.645539e-01 4.811698e-01 3.407528e-01 4.190975e-01 2.833239e-01 6.047930e-05
<GCONST> 8.538538e+01
<MIXTURE> 11 6.527491e-02
<MEAN> 39
 -4.699048e+00 -1.102668e+01 7.070717e+00 -6.878857e-01 -1.816997e+01 -8.101357e+00 -1.532082e+01 -1.475866e+00 -5.492610e+00 -1.119477e+01 -3.529278e-01 -2.628234e+00 6.172265e-01 -4.740940e-01 1.337731e+00 -8.679617e-01 1.065889e+00 1.548441e+00 -2.538401e-01 2.286498e+00 -1.403994e+00 6.625261e-01 1.083756e+00 -1.652415e+00 -2.841946e-02 -5.922663e-02 -4.643457e-01 6.567259e-01 -3.702267e-01 -1.003791e-01 7.935343e-01 5.677729e-02 5.693227e-01 -9.565306e-02 -2.597212e-01 6.872790e-01 -1.601275e-01 -1.018608e-01 -1.754255e-02
<VARIANCE> 39
 1.120107e+01 2.152088e+01 4.087148e+01 2.808299e+01 3.225109e+01 2.324174e+01 4.262667e+01 3.787684e+01 4.288603e+01 3.059407e+01 2.469496e+01 2.263103e+01 1.711746e-02 8.921883e-01 1.819469e+00 2.331998e+00 2.578642e+00 3.876302e+00 3.277408e+00 4.393691e+00 4.200018e+00 4.296911e+00 3.569048e+00 2.667722e+00 2.491710e+00 1.370985e-03 2.159505e-01 3.040666e-01 2.986721e-01 2.817317e-01 4.289819e-01 4.300060e-01 4.855281e-01 5.133741e-01 5.544683e-01 4.408987e-01 3.027025e-01 2.722946e-01 2.619521e-04
<GCONST> 9.298969e+01
<MIXTURE> 12 4.048325e-02
<MEAN> 39
 -3.631262e+00 -5.856136e+00 -1.455489e+00 -4.421952e+00 -1.023304e+01 -4.848425e+00 -1.723657e+01 -9.865533e+00 -7.179051e+00 -3.273470e+00 5.894529e-01 -7.311260e+00 5.856547e-01 -2.292866e+00 1.307409e+00 -1.219954e-01 9.551484e-01 2.078202e+00 -1.499330e+00 2.547458e+00 1.102795e+00 8.548684e-01 3.214907e-01 -1.734769e+00 1.167765e+00 -6.853435e-02 -9.448593e-01 1.289034e-01 -2.475872e-01 -3.860833e-02 4.647918e-01 1.056601e-01 6.955407e-01 7.994252e-01 3.003994e-01 5.717711e-02 -4.124773e-02 3.935000e-01 -1.315416e-02
<VARIANCE> 39
 1.238681e+01 2.433060e+01 2.565093e+01 3.501206e+01 3.810602e+01 5.381048e+01 3.327415e+01 4.991861e+01 3.734397e+01 3.908220e+01 4.927540e+01 2.525292e+01 2.289717e-02 1.842126e+00 2.740241e+00 2.683326e+00 3.643645e+00 4.008979e+00 3.665755e+00 4.355797e+00 6.051803e+00 3.992002e+00 4.680520e+00 2.617864e+00 2.904356e+00 1.560552e-03 2.642274e-01 4.632094e-01 2.753959e-01 4.980667e-01 4.721676e-01 5.621184e-01 4.839191e-01 6.230397e-01 5.704988e-01 5.543226e-01 5.872455e-01 3.753212e-01 3.088738e-04
<GCONST> 1.008557e+02
<MIXTURE> 13 6.645323e-02
<MEAN> 39
 1.012798e+00 -3.966612e+00 -7.801092e+00 -1.524959e+01 -1.237087e+01 3.073246e+00 -1.198308e+01 -9.912334e+00 -1.197860e+01 -4.885568e-01 6.926610e+00 -1.178169e+00 6.998953e-01 -1.119434e-01 -8.468444e-01 -2.886669e-01 -1.295393e-01 2.548730e-01 -3.121442e-01 -6.774259e-01 2.795239e-01 1.013105e+00 1.292908e+00 1.521567e-01 -3.943351e-01 1.043511e-02 -2.042981e-01 -4.692614e-01 1.546091e-01 5.075829e-01 2.305929e-01 -7.393130e-01 -4.064344e-01 3.969578e-01 7.647736e-01 3.129224e-01 -4.458966e-01 -5.070224e-01 1.155696e-03
<VARIANCE> 39
 7.402040e+00 2.754949e+01 2.228456e+01 4.506109e+01 2.783108e+01 3.893869e+01 5.314823e+01 4.386064e+01 4.203478e+01 5.441138e+01 3.802941e+01 2.607303e+01 9.209861e-03 1.813042e-01 1.069999e+00 7.219341e-01 1.463932e+00 1.273830e+00 1.375715e+00 1.813020e+00 1.611542e+00 2.513323e+00 2.228095e+00 2.085728e+00 1.628575e+00 3.526955e-04 3.885676e-02 1.486192e-01 1.490577e-01 1.847680e-01 2.149938e-01 3.063920e-01 3.965571e-01 4.724047e-01 4.415779e-01 4.490637e-01 5.235731e-01 2.055866e-01 3.720809e-05
<GCONST> 7.645306e+01
<MIXTURE> 14 6.798700e-02
<MEAN> 39
 -5.755177e+00 -9.019203e+00 7.915252e-03 -1.447569e+01 -1.194840e+01 -1.808915e+01 -1.073079e+01 -6.759565e-02 -1.069960e+01 2.269331e+00 -1.165855e+01 4.969640e-01 7.014734e-01 5.472338e-02 2.283327e-01 -4.311558e-01 5.600804e-01 2.353491e-02 7.147046e-01 1.534345e-01 -8.921053e-01 7.822266e-01 -7.981859e-01 -9.044702e-02 -2.872834e-01 -2.245891e-02 -1.729392e-01 2.690277e-01 -2.746059e-02 2.481422e-01 -7.138329e-02 4.806675e-01 3.464276e-01 -5.369381e-01 -2.062911e-02 -1.256070e-01 3.001624e-01 -2.455456e-01 -8.356089e-03
<VARIANCE> 39
 6.091662e+00 1.871326e+01 4.003904e+01 3.643123e+01 3.173027e+01 4.464072e+01 5.254018e+01 6.640799e+01 6.982690e+01 4.775365e+01 4.984127e+01 3.990262e+01 1.192859e-02 5.499129e-01 1.003423e+00 2.153964e+00 1.537748e+00 3.024907e+00 2.593956e+00 3.947831e+00 3.840067e+00 3.104347e+00 3.479018e+00 2.630418e+00 2.837247e+00 4.816057e-04 1.078574e-01 1.528197e-01 1.847595e-01 2.444868e-01 3.447286e-01 4.616100e-01 4.317445e-01 6.804014e-01 6.190165e-01 5.612819e-01 4.844085e-01 4.669096e-01 9.125482e-05
<GCONST> 9.041222e+01
<MIXTURE> 15 5.825047e-02
<MEAN> 39
 -5.244036e-01 -1.833537e+00 -1.214798e+01 -2.114021e+01 -8.765243e+00 -3.239579e+00 -1.096371e+01 -1.025960e+01 -1.023025e+01 3.138862e+00 -1.561352e+00 1.507450e+00 7.098424e-01 -1.388718e-01 -2.972234e-01 -3.598599e-01 -3.857043e-01 1.398351e-01 1.502361e-01 5.078284e-01 7.611299e-01 1.099967e+00 -2.277170e-01 -2.228548e-01 -4.122490e-01 -3.544261e-03 -1.356085e-01 -3.527909e-01 1.841928e-01 5.455239e-01 5.824983e-02 -1.108191e-01 -1.068696e-01 2.921622e-01 2.468586e-01 -2.834179e-01 -2.438216e-01 -4.099465e-01 -2.007644e-03
<VARIANCE> 39
 6.484016e+00 2.803780e+01 2.318465e+01 7.647560e+01 6.218744e+01 5.739942e+01 5.600475e+01 5.299202e+01 6.189767e+01 4.994692e+01 5.407514e+01 5.013692e+01 1.416325e-02 3.946543e-01 1.577358e+00 1.236322e+00 2.628292e+00 1.626955e+00 3.184716e+00 2.045020e+00 2.375922e+00 3.377458e+00 3.636015e+00 2.932764e+00 3.184920e+00 5.845921e-04 1.167463e-01 1.920558e-01 1.907920e-01 3.291140e-01 3.572842e-01 5.283931e-01 3.868981e-01 4.120209e-01 5.113937e-01 5.154992e-01 5.283744e-01 4.832506e-01 1.104884e-04
<GCONST> 9.157086e+01
<MIXTURE> 16 4.004052e-02
<MEAN> 39
 -9.152278e+00 -3.284659e+00 4.571897e+00 -9.061388e+00 -1.498973e+01 -1.356774e+01 -8.608462e+00 -6.673100e+00 -1.180466e+01 -4.406104e+00 -5.728199e+00 -1.369395e+00 5.497044e-01 -1.727921e+00 1.973196e+00 -1.552850e+00 2.528696e+00 2.555668e+00 2.221080e+00 9.717010e-01 -1.633625e-01 2.347883e+00 -1.413792e+00 6.144038e-01 -6.325384e-01 -1.033110e-01 -6.159257e-01 -2.712049e-01 -4.611287e-01 -6.662838e-02 7.214463e-01 6.514499e-01 4.420226e-01 3.999755e-01 2.901001e-01 6.021184e-01 1.192887e-03 -2.360559e-02 -1.409381e-02
<VARIANCE> 39
 1.131550e+01 1.847355e+01 5.180245e+01 2.675632e+01 3.711438e+01 5.089048e+01 3.216109e+01 4.777095e+01 4.151635e+01 2.886026e+01 4.379266e+01 2.788122e+01 1.521867e-02 2.115880e+00 3.649667e+00 3.836538e+00 4.161494e+00 3.503114e+00 4.396831e+00 4.881459e+00 4.553528e+00 4.144846e+00 4.055562e+00 3.944784e+00 3.317031e+00 2.459293e-03 3.075058e-01 3.481599e-01 6.209500e-01 4.289836e-01 7.581868e-01 9.674340e-01 6.216300e-01 8.255085e-01 6.929752e-01 5.938782e-01 6.350941e-01 4.322838e-01 4.359932e-04
<GCONST> 1.047288e+02
<TRANSP> 5
 0.000000e+00 1.000000e+00 0.000000e+00 0.000000e+00 0.000000e+00
 0.000000e+00 6.221216e-01 3.778785e-01 0.000000e+00 0.000000e+00
 0.000000e+00 0.000000e+00 7.377655e-01 2.622345e-01 0.000000e+00
 0.000000e+00 0.000000e+00 0.000000e+00 6.170970e-01 3.829030e-01
 0.000000e+00 0.000000e+00 0.000000e+00 0.000000e+00 0.000000e+00
<ENDHMM>
