~o
<STREAMINFO> 1 39
<VECSIZE> 39<NULLD><MFCC_E_D_A><DIAGC>
~h "v"
<BEGINHMM>
<NUMSTATES> 5
<STATE> 2
<NUMMIXES> 16
<MIXTURE> 1 6.082798e-02
<MEAN> 39
 4.060474e+00 -1.408592e+01 -1.340338e+01 -7.348024e+00 -6.287304e+00 -8.050108e+00 -2.038556e+01 4.703019e+00 1.721278e+00 -4.028314e+00 4.297215e+00 -5.215965e-02 8.278000e-01 -7.459514e-02 2.696010e+00 -1.720519e+00 2.631900e-01 2.523278e+00 7.536268e-01 4.097894e-01 -3.320421e+00 -9.026601e-01 -4.851572e-01 -6.155737e-02 1.605653e+00 -5.866638e-02 -6.682038e-01 3.716113e-01 5.014074e-01 -2.386436e-01 -2.327374e-01 2.316944e-01 1.033954e+00 -2.675572e-01 -3.381377e-01 1.381916e-01 -5.326833e-01 -2.362845e-01 -1.249973e-02
<VARIANCE> 39
 4.726225e+00 1.633472e+01 2.436797e+01 1.875604e+01 3.663855e+01 3.747077e+01 4.068328e+01 4.256631e+01 3.466846e+01 2.769397e+01 3.359757e+01 3.612557e+01 6.624502e-03 8.137022e-01 1.196949e+00 1.884132e+00 1.378294e+00 2.122298e+00 2.205282e+00 3.715913e+00 3.709276e+00 3.139427e+00 2.699180e+00 2.597123e+00 2.272571e+00 5.820413e-04 1.410023e-01 2.284307e-01 2.574818e-01 1.605405e-01 4.388777e-01 3.106212e-01 5.560198e-01 5.161789e-01 3.344094e-01 3.437030e-01 3.575451e-01 3.796355e-01 1.364977e-04
<GCONST> 8.441747e+01
<MIXTURE> 2 3.757405e-02
<MEAN> 39
 -1.979947e+01 -5.937192e+00 -6.944220e+00 -5.553450e+00 -4.634659e+00 -2.742885e+00 -2.075716e+00 -4.129365e-01 -1.984597e+00 -1.354714e+00 -1.866383e+00 -4.109912e-02 1.389198e-01 3.456638e-01 8.497697e-01 2.980514e-01 1.139457e+00 2.377929e-01 -3.471620e-02 -1.554468e-01 -3.182086e-01 -1.210775e-01 -1.229596e-01 -3.127388e-01 -2.593897e-01 -3.054928e-02 5.310272e-01 1.824208e-01 2.114939e-01 -2.368090e-01 1.728159e-03 -1.709983e-01 -2.415353e-01 -1.366557e-01 1.316849e-02 2.672785e-02 -2.394324e-02 -1.675520e-01 3.045657e-02
<VARIANCE> 39
 1.380641e+01 1.369326e+01 1.422576e+01 1.438679e+01 9.968065e+00 9.940351e+00 1.071152e+01 9.148049e+00 1.509961e+01 9.360854e+00 8.324577e+00 6.948476e+00 2.896179e-02 3.736124e+00 2.174187e+00 2.154445e+00 2.318273e+00 1.711219e+00 1.852769e+00 1.505895e+00 1.908358e+00 2.128908e+00 1.376425e+00 1.280722e+00 9.630641e-01 3.284094e-03 4.802592e-01 3.727300e-01 4.161210e-01 5.441320e-01 3.280498e-01 5.783396e-01 4.336226e-01 3.264326e-01 3.924138e-01 2.237251e-01 3.086306e-01 1.661051e-01 6.335071e-04
<GCONST> 7.877666e+01
<MIXTURE> 3 8.533240e-02
<MEAN> 39
 -4.276387e+00 -4.380059e+00 -5.953084e+00 -7.034742e+00 -5.078787e+00 -5.229002e+00 -1.260312e+01 -7.781685e+00 -3.046251e+00 1.396323e+00 -8.595266e-01 -5.229868e+00 4.700638e-01 -1.437325e+00 1.663398e+00 1.590715e-01 1.035588e+00 7.010319e-01 7.560686e-01 1.136675e+00 -3.193785e-01 -6.470446e-01 -5.272318e-01 -1.837668e-01 1.014391e-01 -6.872732e-02 -2.045630e-01 -9.953184e-02 1.898060e-01 -2.618105e-02 -1.219917e-01 -2.354808e-01 1.749924e-01 3.722996e-01 1.447009e-01 -1.098437e-01 -2.136431e-01 1.546424e-01 6.514575e-03
<VARIANCE> 39
 9.098676e+00 1.120180e+01 1.526965e+01 1.625594e+01 1.344647e+01 1.949811e+01 1.778285e+01 1.911021e+01 2.124060e+01 1.753035e+01 2.015515e+01 1.460345e+01 1.559475e-02 6.729734e-01 1.050407e+00 1.245472e+00 1.604116e+00 1.580411e+00 1.928589e+00 1.431990e+00 1.608029e+00 2.102534e+00 1.405289e+00 1.309866e+00 1.282405e+00 6.910064e-04 1.179638e-01 1.425965e-01 1.608934e-01 1.973135e-01 2.418463e-01 2.202468e-01 2.870803e-01 2.548576e-01 2.851885e-01 3.174687e-01 1.636593e-01 2.033819e-01 1.281729e-04
<GCONST> 6.942609e+01
<MIXTURE> 4 7.963036e-02
<MEAN> 39
 -6.901531e+00 -2.377821e+00 -5.490988e+00 -4.313233e+00 -4.920899e+00 -7.954409e+00 -1.016008e+01 -5.172028e+00 -1.925276e+00 9.461998e-01 -1.539099e+00 -3.552162e+00 4.267364e-01 -3.615006e+00 2.106148e+00 3.227482e-01 1.071656e+00 1.901056e+00 1.711544e+00 2.445222e+00 -4.349745e-02 -4.743211e-01 -5.080103e-01 -7.197558e-01 5.980039e-01 -1.044799e-01 -4.129977e-01 -7.470464e-01 2.454742e-01 -2.689625e-01 -3.855066e-01 1.324466e-01 1.713404e-01 6.626268e-01 4.472744e-02 -2.936858e-01 -6.544811e-02 1.640867e-01 1.112232e-02
<VARIANCE> 39
 9.275635e+00 7.952583e+00 1.148875e+01 1.542757e+01 1.167280e+01 1.506988e+01 1.545059e+01 1.333402e+01 1.201856e+01 1.262616e+01 1.198620e+01 1.120065e+01 1.452501e-02 2.005916e+00 1.943622e+00 2.684754e+00 2.555487e+00 2.497676e+00 2.696076e+00 2.981291e+00 3.718294e+00 2.651762e+00 2.523920e+00 2.191099e+00 2.341347e+00 8.750147e-04 2.833495e-01 2.390343e-01 3.956330e-01 3.730290e-01 3.860730e-01 3.334413e-01 3.875004e-01 3.386464e-01 3.759165e-01 2.430933e-01 2.575623e-01 2.672566e-01 2.304359e-04
<GCONST> 7.930705e+01
<MIXTURE> 5 7.070206e-02
<MEAN> 39
 -3.565006e+00 -6.772350e+00 -3.112393e+00 -2.049975e+00 -8.103119e+00 -9.696431e+00 -1.282816e+01 -3.807714e+00 -2.018867e+00 -2.681863e+00 -5.188712e-01 -2.866154e+00 5.351799e-01 -1.119359e+00 2.043140e+00 -1.521120e+00 2.791018e-02 2.470581e+00 1.522946e+00 6.648700e-01 -1.010532e+00 2.000766e-01 1.084277e+00 -6.359301e-01 -2.108892e-01 -7.857452e-02 -5.090939e-01 6.119215e-02 6.090036e-01 -1.839443e-01 -5.138928e-01 9.367535e-02 5.696307e-01 2.332069e-01 -3.904971e-01 -2.148636e-01 7.719371e-02 9.118076e-02 1.750542e-03
<VARIANCE> 39
 8.148220e+00 1.802715e+01 1.611804e+01 1.351857e+01 1.196663e+01 2.211078e+01 1.725676e+01 2.187429e+01 1.392484e+01 1.406400e+01 1.478640e+01 1.536280e+01 1.658024e-02 1.135881e+00 1.645692e+00 2.064316e+00 2.009199e+00 1.792552e+00 2.855794e+00 2.409324e+00 2.715618e+00 3.071905e+00 2.127791e+00 1.875015e+00 1.462382e+00 9.449951e-04 1.852999e-01 2.987518e-01 2.628420e-01 2.804708e-01 3.863173e-01 4.562878e-01 3.511822e-01 3.462312e-01 3.272083e-01 3.002167e-01 2.836538e-01 3.060763e-01 2.378743e-04
<GCONST> 7.919487e+01
<MIXTURE> 6 6.825575e-02
<MEAN> 39
 -3.034960e-02 -9.672351e+00 -8.489520e+00 -1.250876e+01 -6.638759e+00 -5.749009e+00 -1.144742e+01 -5.699694e+00 -3.144331e+00 3.474183e+00 4.358604e+00 -6.455313e+00 7.030683e-01 -4.298161e-01 2.079290e+00 -1.528151e-01 1.228250e+00 9.050308e-01 8.716923e-01 3.937638e-01 -1.794840e+00 -1.883935e+00 -7.137104e-01 3.821401e-01 1.371006e+00 -7.546077e-02 -5.598730e-01 1.898780e-01 1.148083e-01 2.394967e-01 -1.154077e-01 4.289449e-03 2.886987e-01 4.250991e-01 3.783770e-01 -4.162834e-01 -7.342463e-01 3.648527e-02 -8.803889e-03
<VARIANCE> 39
 6.103268e+00 1.512435e+01 2.379099e+01 3.199606e+01 2.255684e+01 4.395531e+01 3.781214e+01 3.375842e+01 3.488169e+01 3.438625e+01 2.870464e+01 2.645436e+01 1.360830e-02 8.201638e-01 1.211748e+00 1.086479e+00 1.884825e+00 1.930607e+00 2.233938e+00 2.243102e+00 2.541127e+00 2.648963e+00 2.502526e+00 2.624962e+00 1.991863e+00 7.410509e-04 1.649693e-01 1.634815e-01 1.522564e-01 2.366826e-01 2.211059e-01 2.514290e-01 2.441861e-01 2.914792e-01 3.047212e-01 3.108220e-01 2.160197e-01 3.193546e-01 1.409020e-04
<GCONST> 8.019739e+01
<MIXTURE> 7 5.818881e-02
<MEAN> 39
 -1.985960e+00 -1.370000e+00 -9.907600e+00 -1.278578e+01 -9.268983e+00 -1.181071e+00 -4.653026e+00 -5.658788e+00 -8.285835e+00 -5.572822e+00 1.231234e-01 1.792169e+00 5.537997e-01 -1.839205e+00 8.289411e-01 2.302913e-01 1.728937e+00 1.599685e+00 -1.059366e+00 6.654018e-01 5.291625e-01 1.392467e-01 -2.750639e-01 -1.086278e+00 -2.833922e-01 -6.907277e-02 -2.194081e-02 -2.955340e-01 1.263871e-01 -1.500266e-01 -9.695639e-02 2.374946e-01 -3.784985e-01 -1.228610e-01 3.356005e-01 4.954900e-01 2.859345e-01 -3.441844e-01 9.354153e-03
<VARIANCE> 39
 1.218727e+01 1.161759e+01 1.824294e+01 2.792105e+01 1.344146e+01 2.674975e+01 2.088926e+01 2.592873e+01 1.967850e+01 1.860188e+01 2.392133e+01 1.963687e+01 1.608779e-02 1.002561e+00 1.365646e+00 1.530597e+00 2.475059e+00 2.077896e+00 2.414193e+00 1.903032e+00 2.755316e+00 3.031281e+00 2.452749e+00 3.147182e+00 2.324499e+00 7.988958e-04 1.867326e-01 1.631039e-01 1.569967e-01 3.668793e-01 2.645323e-01 3.308971e-01 3.711985e-01 3.734118e-01 3.363625e-01 4.235668e-01 3.052069e-01 3.365608e-01 1.548208e-04
<GCONST> 8.099262e+01
<MIXTURE> 8 7.120375e-02
<MEAN> 39
 -9.166942e+00 -2.207258e+00 -5.139658e+00 -6.896019e+00 -8.088898e+00 -1.185323e+01 -1.126162e+01 -8.637775e+00 -7.863830e+00 -6.453431e+00 -9.252669e+00 -5.232194e+00 4.199610e-01 -2.992027e+00 1.915891e+00 6.119155e-01 1.962758e+00 1.564133e+00 1.759381e+00 4.817273e-01 -1.095482e+00 -7.573567e-01 -1.334600e+00 2.788567e-01 -5.870487e-01 -9.974325e-02 -1.114917e-01 -8.219786e-01 -5.402114e-02 -6.190661e-01 -2.928857e-01 4.652528e-02 7.091506e-01 8.419087e-01 1.761762e-01 3.539813e-01 1.711230e-01 3.281637e-01 1.956910e-02
<VARIANCE> 39
 1.083194e+01 9.818730e+00 1.626482e+01 1.450042e+01 1.601425e+01 1.795432e+01 1.550992e+01 1.812688e+01 1.829879e+01 1.563100e+01 1.341670e+01 1.895502e+01 1.582974e-02 1.589997e+00 1.758703e+00 2.518925e+00 2.391639e+00 3.045693e+00 3.468213e+00 3.410369e+00 3.506589e+00 2.812532e+00 2.895265e+00 2.494953e+00 2.366987e+00 1.133433e-03 3.796937e-01 2.823648e-01 3.911104e-01 3.686456e-01 4.676242e-01 5.220764e-01 4.231139e-01 5.832096e-01 4.616593e-01 5.012408e-01 4.457927e-01 3.388896e-01 4.072745e-04
<GCONST> 8.677108e+01
<MIXTURE> 9 4.648510e-02
<MEAN> 39
 -3.318199e+00 -1.948166e+00 -8.075607e+00 -9.939408e+00 -6.000202e+00 -2.254925e+00 -7.434552e+00 -1.135607e+01 -7.934488e+00 1.644443e+00 2.543444e+00 -1.029771e+00 5.464427e-01 -2.093623e+00 1.078778e+00 3.792993e-01 1.056237e+00 8.274648e-01 -3.668121e-01 8.797640e-01 1.097160e+00 8.166941e-02 -7.955432e-01 -1.000801e+00 1.547990e-01 -6.606641e-02 -3.518755e-01 -2.547117e-01 2.700088e-01 1.716845e-01 -5.008702e-02 -8.864462e-02 -1.091497e-01 4.940958e-01 4.473103e-01 -3.875356e-02 -3.060416e-01 -2.807787e-01 7.510168e-04
<VARIANCE> 39
 9.245345e+00 5.568980e+00 8.751352e+00 1.396932e+01 9.928537e+00 2.059406e+01 2.260473e+01 1.846073e+01 1.661886e+01 1.131301e+01 1.167190e+01 1.080236e+01 1.528404e-02 9.862072e-01 8.757210e-01 1.312835e+00 1.787218e+00 1.304985e+00 2.376645e+00 2.634285e+00 2.785929e+00 2.436917e+00 2.022875e+00 2.037994e+00 1.564633e+00 3.765069e-04 1.926638e-01 1.394956e-01 1.317697e-01 1.816795e-01 2.545319e-01 2.320710e-01 3.081554e-01 2.984074e-01 2.242726e-01 1.986020e-01 2.147068e-01 1.770941e-01 1.463814e-04
<GCONST> 6.859853e+01
<MIXTURE> 10 7.842678e-02
<MEAN> 39
 -2.533231e+00 -9.135833e+00 -7.796984e+00 -1.065105e+01 -6.914598e+00 -1.129576e+01 -1.186816e+01 -3.948288e+00 -4.180557e+00 1.941977e+00 -6.957523e+00 -6.626080e+00 6.250017e-01 -1.277788e+00 2.777639e+00 -1.118935e-01 2.383132e+00 1.186269e+00 1.184536e+00 -5.149556e-01 -2.605498e+00 -6.922251e-01 -7.263730e-01 1.399268e+00 -6.692722e-01 -9.746993e-02 -6.272601e-01 -5.757235e-02 2.271831e-01 -1.502383e-01 -1.184001e-01 9.700129e-02 6.099965e-01 4.222020e-01 -1.178462e-01 -5.919656e-01 -2.383370e-01 4.903333e-01 -5.428491e-04
<VARIANCE> 39
 6.978038e+00 1.578917e+01 2.166705e+01 2.322039e+01 1.824269e+01 2.676135e+01 2.270807e+01 3.383234e+01 2.830237e+01 2.929823e+01 2.916056e+01 2.139011e+01 1.448731e-02 1.386062e+00 1.420523e+00 2.833483e+00 2.043545e+00 2.225921e+00 2.816202e+00 3.857754e+00 3.512974e+00 3.079734e+00 3.300014e+00 2.329808e+00 1.894234e+00 8.377393e-04 1.844704e-01 2.053495e-01 2.387513e-01 3.374709e-01 3.309493e-01 2.523112e-01 3.478538e-01 5.109838e-01 3.071541e-01 3.316424e-01 3.702083e-01 3.011714e-01 2.071863e-04
<GCONST> 8.498912e+01
<MIXTURE> 11 5.095487e-02
<MEAN> 39
 -5.978094e+00 -3.425098e+00 -9.454844e+00 -7.344762e+00 -4.674908e+00 -7.390993e+00 -9.017482e+00 -6.785726e+00 -4.564432e+00 -5.859954e-01 -3.330134e+00 -5.360582e+00 5.018592e-01 -3.982121e+00 3.301424e+00 1.700854e+00 2.837714e+00 1.465484e+00 1.979626e+00 9.153485e-01 -1.705068e+00 -1.206620e+00 -1.452076e+00 5.581750e-01 6.438807e-01 -1.499341e-01 -5.754930e-01 -9.280766e-01 2.736993e-01 -3.936214e-01 -3.414399e-01 -1.380705e-01 5.105135e-01 9.946527e-01 1.580156e-01 -1.773621e-01 -5.111046e-01 3.096934e-01 6.426876e-03
<VARIANCE> 39
 9.176954e+00 7.119407e+00 1.149412e+01 9.591311e+00 9.434497e+00 1.833075e+01 1.824939e+01 2.328368e+01 1.629657e+01 2.122077e+01 2.531666e+01 9.258717e+00 1.604365e-02 1.505153e+00 1.917796e+00 2.378568e+00 2.482755e+00 2.393720e+00 4.276618e+00 5.322104e+00 4.978592e+00 3.393170e+00 3.093212e+00 4.691000e+00 2.531119e+00 1.064697e-03 3.132867e-01 2.454090e-01 3.382531e-01 2.799118e-01 4.334520e-01 4.495248e-01 5.057524e-01 5.700803e-01 5.093886e-01 4.178017e-01 4.523102e-01 2.397840e-01 2.762581e-04
<GCONST> 8.558915e+01
<MIXTURE> 12 7.262816e-02
<MEAN> 39
 -1.238093e-02 -7.157658e+00 -1.380572e+01 -6.271344e+00 -1.796060e+00 -7.140729e+00 -1.456808e+01 -4.093152e+00 -1.401083e+00 -3.425354e+00 1.831749e+00 1.756601e+00 6.403328e-01 -2.504158e+00 3.254376e+00 3.428383e-01 1.637999e-01 1.214864e+00 1.258837e+00 3.210099e+00 -2.277518e+00 -1.787101e+00 -6.249208e-02 -1.011574e+00 3.277774e-01 -1.026859e-01 -5.067550e-01 -3.675172e-01 7.417608e-01 3.663513e-02 -7.033188e-01 5.682674e-02 1.704303e-01 7.351849e-01 1.384030e-01 1.648233e-01 -2.927110e-01 -5.301059e-01 -4.557149e-04
<VARIANCE> 39
 9.185218e+00 1.193323e+01 1.654062e+01 1.231557e+01 1.245158e+01 1.672467e+01 2.590583e+01 1.604469e+01 2.375972e+01 1.578369e+01 1.664138e+01 1.334996e+01 1.285937e-02 1.552705e+00 1.516934e+00 3.364465e+00 2.181370e+00 4.186187e+00 3.279500e+00 5.311289e+00 4.519691e+00 3.315408e+00 2.637706e+00 2.749001e+00 2.522911e+00 1.060608e-03 2.803224e-01 2.867542e-01 3.327935e-01 2.648856e-01 3.684953e-01 3.320930e-01 6.553352e-01 3.563538e-01 4.564626e-01 3.590242e-01 3.231677e-01 2.534246e-01 2.436959e-04
<GCONST> 8.480478e+01
<MIXTURE> 13 6.347430e-02
<MEAN> 39
 -5.926653e+00 -5.633107e+00 1.428351e+00 -3.142037e+00 -1.209397e+01 -1.447720e+01 -8.839887e+00 -1.314752e+00 -7.943897e+00 -5.279653e+00 -9.461429e-01 -1.560340e+00 5.657271e-01 -1.203019e+00 1.739671e+00 -2.336091e+00 1.095904e+00 2.871725e+00 9.589090e-01 -5.529618e-02 -3.439738e-01 1.749810e+00 -2.902929e-01 -9.168665e-01 1.868398e-01 -7.975358e-02 -5.261471e-01 1.757192e-02 3.442201e-01 -6.163753e-01 -1.931842e-01 7.379481e-01 2.622570e-01 -2.130618e-01 -1.021906e-01 3.267974e-01 -1.402405e-01 -1.800324e-01 -7.150033e-04
<VARIANCE> 39
 9.375789e+00 1.596781e+01 1.955315e+01 2.337004e+01 1.802633e+01 1.684604e+01 1.880191e+01 2.445817e+01 1.926348e+01 1.973536e+01 2.380306e+01 1.310032e+01 1.263811e-02 1.602567e+00 1.613037e+00 2.441586e+00 2.235272e+00 2.424423e+00 2.599544e+00 2.733130e+00 3.153230e+00 2.659232e+00 4.071847e+00 2.940463e+00 2.245809e+00 1.001174e-03 2.051610e-01 2.572539e-01 2.485572e-01 3.081799e-01 3.074591e-01 3.287317e-01 4.170455e-01 3.138175e-01 4.040585e-01 3.132179e-01 2.882928e-01 2.473328e-01 1.509899e-04
<GCONST> 8.263174e+01
<MIXTURE> 14 6.299967e-02
<MEAN> 39
 -7.162711e+00 -1.126416e-01 -8.643191e+00 -1.026660e+01 -5.253356e+00 -1.568232e+00 -6.133918e+00 -8.079838e+00 -6.932388e+00 -1.972008e+00 -9.317800e-01 -1.602524e+00 3.898694e-01 -4.203238e+00 1.174940e+00 1.744531e+00 3.584288e+00 1.236525e+00 -2.598940e-01 1.573715e+00 6.851749e-01 -1.447817e-01 -1.492494e+00 -1.123272e+00 -2.076603e-01 -1.224818e-01 -1.129475e-01 -9.969673e-01 -5.949384e-02 -3.449972e-01 1.978056e-03 -1.284254e-01 -3.019031e-01 7.322197e-01 5.613829e-01 4.655565e-01 -1.751201e-01 -1.675443e-01 2.117982e-02
<VARIANCE> 39
 9.784654e+00 8.903675e+00 1.130186e+01 1.826094e+01 1.252532e+01 1.754883e+01 1.778405e+01 1.656021e+01 1.987124e+01 2.216593e+01 1.698298e+01 1.481050e+01 1.668203e-02 1.886829e+00 2.246864e+00 2.653594e+00 3.907052e+00 3.081382e+00 4.138635e+00 4.249093e+00 4.049021e+00 3.675841e+00 3.469339e+00 2.564483e+00 2.041727e+00 1.323843e-03 3.243645e-01 3.046646e-01 3.353204e-01 5.638184e-01 4.392100e-01 6.291603e-01 5.924913e-01 4.809751e-01 3.852319e-01 4.792808e-01 4.438278e-01 3.372691e-01 2.924722e-04
<GCONST> 8.857502e+01
<MIXTURE> 15 4.302421e-02
<MEAN> 39
 -6.794324e+00 -2.044225e+00 -2.840721e+00 -6.739510e-01 -4.517794e+00 -7.025597e+00 -7.579505e+00 -5.888448e+00 -6.968007e+00 -5.085807e+00 -5.834352e+00 -4.169797e+00 2.807545e-01 -1.467122e+00 7.551101e-02 -5.416123e-01 -8.811201e-02 1.330222e+00 5.534034e-01 -3.518626e-02 6.062925e-01 5.244365e-01 -1.088741e-01 3.698824e-01 3.042104e-01 -3.125020e-02 -5.190489e-01 -3.150347e-01 1.361616e-02 -6.319554e-01 -5.457771e-01 1.450736e-01 2.200977e-01 1.447011e-01 4.056572e-01 4.605034e-01 3.377270e-01 1.963666e-01 1.686767e-02
<VARIANCE> 39
 2.173978e+01 3.292102e+01 2.054230e+01 3.159351e+01 3.120446e+01 2.937235e+01 2.021008e+01 1.800589e+01 2.121453e+01 1.788259e+01 2.468126e+01 1.436347e+01 2.458452e-02 3.904128e+00 4.156956e+00 3.408877e+00 3.880307e+00 3.893070e+00 4.931578e+00 3.113546e+00 4.257760e+00 3.083697e+00 2.335333e+00 3.315652e+00 2.015052e+00 3.192039e-03 3.215621e-01 7.867996e-01 5.486898e-01 7.218710e-01 5.856836e-01 7.370624e-01 5.305519e-01 5.118170e-01 4.927770e-01 4.293187e-01 5.464774e-01 3.414784e-01 4.514265e-04
<GCONST> 9.920273e+01
<MIXTURE> 16 5.028872e-02
<MEAN> 39
 -1.290903e+00 -3.527406e+00 -1.045850e+01 -1.330753e+01 -6.637129e+00 -1.223670e+00 -7.549717e+00 -9.845546e+00 -5.477921e+00 2.999688e+00 2.390812e+00 -2.737389e+00 5.896149e-01 -2.489790e+00 2.135950e+00 1.039867e+00 2.002222e+00 6.958376e-01 2.283593e-01 8.898588e-01 -7.626321e-02 -1.141558e+00 -1.814695e+00 -6.114407e-01 1.050036e+00 -1.020430e-01 -6.694543e-01 -5.187496e-01 2.456824e-01 2.994514e-01 1.207123e-01 -3.442281e-01 5.945938e-02 7.940148e-01 6.501634e-01 -1.697694e-01 -6.409937e-01 -2.950741e-01 -8.141765e-04
<VARIANCE> 39
 6.288521e+00 7.356121e+00 1.827379e+01 2.005049e+01 1.013744e+01 2.191172e+01 2.946269e+01 2.376449e+01 2.713469e+01 1.719748e+01 2.438395e+01 1.332976e+01 1.376918e-02 1.706327e+00 1.288622e+00 2.561394e+00 3.672792e+00 1.839652e+00 3.128250e+00 5.051252e+00 3.200208e+00 3.824996e+00 3.245492e+00 2.890682e+00 1.941589e+00 9.542191e-04 3.284805e-01 1.564611e-01 2.273288e-01 3.708852e-01 2.029115e-01 3.306846e-01 3.635506e-01 3.936420e-01 4.543886e-01 3.332070e-01 3.256996e-01 2.192471e-01 2.088664e-04
<GCONST> 8.277733e+01
<STATE> 3
<NUMMIXES> 16
<MIXTURE> 1 5.010686e-02
<MEAN> 39
 -8.242479e+00 5.647877e-01 -4.932158e+00 -2.642626e+00 -1.955619e+00 -1.556336e+00 -6.999539e+00 -6.167460e+00 -6.090275e+00 -1.239811e+00 -9.066674e-01 -2.708092e+00 2.285269e-01 -2.464062e+00 1.822147e+00 8.374674e-01 1.261647e+00 1.261572e+00 1.619323e+00 1.742369e+00 4.154141e-01 -3.164708e-01 -6.137885e-01 -7.938815e-01 2.543522e-01 -8.529840e-02 1.600974e-01 -9.100301e-01 1.108845e-01 -3.723072e-01 -6.152253e-01 -6.665413e-01 -2.966785e-01 4.523401e-01 4.151545e-01 7.216541e-02 -6.137680e-03 1.718494e-02 3.260528e-02
<VARIANCE> 39
 1.004232e+01 1.312979e+01 1.169447e+01 1.231112e+01 1.012752e+01 1.981082e+01 1.493120e+01 7.307281e+00 1.702412e+01 1.558607e+01 1.238973e+01 1.520415e+01 1.012300e-02 1.440843e+00 1.781838e+00 2.034153e+00 1.775997e+00 1.410604e+00 2.387413e+00 1.648858e+00 1.277090e+00 2.070454e+00 2.474580e+00 1.460457e+00 1.442445e+00 1.088893e-03 2.154287e-01 3.324640e-01 3.047105e-01 3.155831e-01 3.544665e-01 3.325575e-01 4.091394e-01 3.524061e-01 3.455841e-01 4.116179e-01 2.773998e-01 2.970094e-01 2.418481e-04
<GCONST> 7.566486e+01
<MIXTURE> 2 6.205154e-02
<MEAN> 39
 -1.247321e+01 2.230497e+00 -2.735824e+00 -1.061361e+00 -6.095318e-01 -1.110200e-01 -3.552693e+00 -4.888540e+00 -5.960648e+00 -2.858365e+00 -2.750706e+00 -1.308772e+00 1.465718e-01 -2.956318e+00 4.236863e-02 1.102085e+00 8.450373e-01 5.697287e-01 4.090457e-01 1.171402e+00 1.152233e+00 5.053777e-01 -8.788291e-02 -7.201142e-01 4.538095e-02 -5.140766e-02 9.710834e-01 -1.267022e+00 -6.713542e-01 -1.030998e+00 -9.193076e-01 -8.371934e-01 -6.804370e-01 2.179311e-01 5.139650e-01 4.240068e-01 3.267527e-01 -4.440457e-02 5.713963e-02
<VARIANCE> 39
 1.407854e+01 9.848105e+00 1.444930e+01 1.556446e+01 1.297759e+01 1.363390e+01 1.790331e+01 1.574043e+01 1.598367e+01 1.181280e+01 9.730268e+00 1.331657e+01 1.277500e-02 1.796941e+00 1.895273e+00 1.665939e+00 2.456763e+00 2.208191e+00 2.732646e+00 2.284228e+00 1.585783e+00 1.863258e+00 2.355038e+00 1.690239e+00 1.524067e+00 2.991585e-03 4.748416e-01 4.078513e-01 4.681772e-01 5.347777e-01 5.058537e-01 5.729806e-01 5.703298e-01 5.055469e-01 5.183598e-01 4.110961e-01 4.055669e-01 3.683266e-01 3.508785e-04
<GCONST> 8.400808e+01
<MIXTURE> 3 7.289736e-02
<MEAN> 39
 -4.836168e+00 -2.868987e-01 -9.407581e+00 -1.128890e+01 -7.235846e+00 -1.394514e+00 -3.920020e+00 -6.254148e+00 -7.655604e+00 -3.800848e+00 4.196805e-02 -1.990001e-01 4.577860e-01 -7.684017e-01 2.354380e-01 1.708959e-01 4.040483e-01 3.571915e-01 -3.078724e-01 2.671677e-02 2.969387e-01 3.344236e-01 5.990650e-02 -3.328002e-01 -1.648026e-01 -1.802654e-02 6.878186e-01 -6.060773e-01 -1.304871e-01 -3.559364e-01 -3.362409e-01 2.479875e-02 -5.594926e-01 4.383890e-02 2.744925e-01 3.369875e-01 3.638419e-01 -9.294120e-02 3.142576e-02
<VARIANCE> 39
 1.222102e+01 8.221528e+00 1.181729e+01 1.782407e+01 1.112810e+01 1.948189e+01 1.871274e+01 2.033595e+01 1.302815e+01 1.819818e+01 1.878813e+01 1.225907e+01 1.389825e-02 7.293064e-01 7.936434e-01 6.138768e-01 1.777049e+00 1.419716e+00 1.373103e+00 1.536440e+00 1.511030e+00 1.487107e+00 1.671253e+00 2.019639e+00 1.272561e+00 1.045611e-03 1.901192e-01 2.167780e-01 2.798605e-01 3.385580e-01 2.270679e-01 4.719934e-01 5.274812e-01 4.344780e-01 4.898604e-01 4.013399e-01 3.686737e-01 2.718653e-01 1.696928e-04
<GCONST> 7.377047e+01
<MIXTURE> 4 4.649464e-02
<MEAN> 39
 -1.415602e+01 6.655693e-01 -2.683261e+00 -3.423732e+00 -5.057537e+00 -7.061470e+00 -8.194198e+00 -8.627648e+00 -9.917475e+00 -8.948730e+00 -8.363096e+00 -6.127257e+00 2.520838e-01 -4.112177e+00 8.698083e-02 5.127792e-01 1.344759e+00 1.420878e+00 2.172358e+00 2.135909e+00 9.255789e-01 8.212098e-01 2.480523e-01 9.315242e-01 5.883940e-01 -9.579378e-02 4.413917e-01 -1.233357e+00 -7.041448e-01 -9.596181e-01 -4.454837e-01 -2.560104e-01 3.669685e-01 1.011475e+00 8.046939e-01 9.979466e-01 4.346950e-01 5.614982e-01 3.211151e-02
<VARIANCE> 39
 1.520548e+01 9.108410e+00 1.581381e+01 1.240624e+01 1.175845e+01 1.686729e+01 1.290902e+01 1.321311e+01 2.020800e+01 1.190763e+01 1.338249e+01 1.169534e+01 1.736477e-02 1.479512e+00 2.673383e+00 3.157031e+00 3.315270e+00 2.449157e+00 3.214447e+00 1.485768e+00 3.980626e+00 3.249538e+00 2.848707e+00 3.546863e+00 2.250275e+00 1.938256e-03 4.773987e-01 3.367619e-01 5.718244e-01 4.606957e-01 3.798201e-01 6.677201e-01 4.170547e-01 5.639833e-01 5.171838e-01 4.175093e-01 4.264955e-01 3.393062e-01 3.783272e-04
<GCONST> 8.709335e+01
<MIXTURE> 5 4.735613e-02
<MEAN> 39
 1.698029e+00 -7.650492e+00 -1.484434e+01 -7.667022e+00 -2.509044e+00 -5.221463e+00 -1.564871e+01 -4.003673e+00 -2.329366e+00 -5.506230e+00 1.897645e+00 3.247084e+00 6.374562e-01 -4.187564e-01 9.247423e-01 -2.691314e-01 -1.088959e-02 7.285577e-01 7.603992e-02 4.526561e-01 -1.108209e+00 -3.534826e-01 1.618096e-01 -3.621404e-01 1.559343e-01 -2.552789e-02 1.643264e-01 -8.130887e-01 3.840950e-01 -1.290251e-01 -6.113779e-01 -2.050135e-01 -4.824493e-01 7.672234e-01 5.347548e-01 3.492667e-01 -4.856521e-03 -4.680973e-01 2.284913e-02
<VARIANCE> 39
 7.312535e+00 1.386753e+01 1.896528e+01 2.347497e+01 1.867261e+01 2.285005e+01 2.375104e+01 1.861785e+01 2.469462e+01 1.765097e+01 2.247390e+01 2.420150e+01 1.011919e-02 3.284183e-01 9.378155e-01 1.156836e+00 1.057864e+00 1.563247e+00 1.176610e+00 2.350501e+00 2.155821e+00 1.731544e+00 1.583508e+00 1.646456e+00 1.059397e+00 6.062599e-04 8.944427e-02 1.555631e-01 2.212201e-01 2.606682e-01 3.366741e-01 3.087994e-01 5.875660e-01 5.700879e-01 4.760869e-01 4.637345e-01 3.716046e-01 2.773879e-01 9.083273e-05
<GCONST> 7.416400e+01
<MIXTURE> 6 1.197961e-01
<MEAN> 39
 -1.112058e+01 -1.561724e+00 -2.848339e+00 -2.946958e+00 -4.609601e+00 -7.520550e+00 -7.413759e+00 -3.030926e+00 -2.523469e+00 -2.196012e+00 -3.531950e+00 -1.657707e+00 3.504425e-01 -2.050847e+00 4.919517e-01 7.081234e-02 4.506233e-01 1.054979e+00 7.817555e-01 1.151941e+00 3.779913e-01 1.658578e-01 -7.521218e-02 -4.923567e-01 9.214424e-02 -4.528726e-02 3.463858e-01 -4.393267e-01 1.615765e-01 -2.755187e-01 -4.803136e-01 1.834168e-02 1.491857e-02 1.190230e-02 -2.731414e-01 5.758425e-02 3.228724e-01 -1.365174e-01 2.115956e-02
<VARIANCE> 39
 1.468401e+01 1.111552e+01 1.447545e+01 1.626270e+01 1.210624e+01 1.585847e+01 1.671071e+01 1.446226e+01 1.318520e+01 1.429601e+01 1.035306e+01 1.029861e+01 1.616430e-02 2.612523e+00 1.691007e+00 2.432309e+00 2.286631e+00 2.577553e+00 2.730419e+00 2.150452e+00 2.313207e+00 2.083927e+00 2.182880e+00 1.715166e+00 1.227243e+00 1.415642e-03 3.187689e-01 3.000021e-01 4.533154e-01 3.258801e-01 4.978016e-01 3.743863e-01 4.135312e-01 3.618303e-01 4.596689e-01 3.516904e-01 2.979126e-01 2.661321e-01 2.190075e-04
<GCONST> 8.059560e+01
<MIXTURE> 7 8.169235e-02
<MEAN> 39
 -1.605890e+01 -1.629089e+00 -4.332318e+00 -2.412909e+00 -2.516952e+00 -2.701681e+00 -3.121292e+00 -2.822399e+00 -3.746636e+00 -2.730725e+00 -3.625987e+00 -1.734928e+00 2.086469e-01 1.253239e-01 -3.120817e-01 -8.987911e-02 -1.960274e-01 -2.263664e-01 -4.942980e-01 -2.387844e-01 4.919531e-02 3.290451e-01 1.400539e-01 5.769892e-02 -4.908360e-02 3.151548e-02 1.786231e+00 -8.156305e-01 -6.435779e-01 -1.080165e+00 -7.104366e-01 -6.190296e-01 -8.679670e-01 -5.075855e-03 1.609507e-01 2.582271e-01 4.274087e-01 1.517223e-02 5.936449e-02
<VARIANCE> 39
 1.762891e+01 1.551210e+01 1.827225e+01 1.750150e+01 1.245071e+01 1.246134e+01 1.393923e+01 1.232582e+01 1.399559e+01 1.067122e+01 1.161683e+01 7.590964e+00 2.081251e-02 3.407838e+00 1.333039e+00 1.589423e+00 1.534389e+00 1.139495e+00 1.540964e+00 1.945662e+00 1.436616e+00 1.394313e+00 1.302389e+00 1.183918e+00 7.429329e-01 1.924902e-03 4.741113e-01 5.436395e-01 9.446086e-01 7.888925e-01 6.570327e-01 8.202336e-01 1.070708e+00 6.565962e-01 6.741919e-01 5.449462e-01 5.587114e-01 3.129108e-01 3.200232e-04
<GCONST> 8.365885e+01
<MIXTURE> 8 6.058839e-02
<MEAN> 39
 -1.217613e+01 -2.165482e+00 -5.950048e+00 -6.967196e+00 -7.283097e+00 -8.844803e+00 -1.022439e+01 -1.048630e+01 -1.071522e+01 -7.590460e+00 -7.975859e+00 -5.651743e+00 3.639356e-01 -1.222904e+00 1.628688e-01 5.256462e-01 6.160033e-01 -1.055724e-01 -1.509377e-01 1.582282e-01 -5.257278e-02 -1.576405e-01 -8.463574e-01 -1.702977e-01 -2.609970e-01 -2.083970e-02 1.113225e+00 -8.667352e-01 -4.297269e-01 -9.050617e-01 -3.485789e-01 -5.021864e-01 2.009546e-01 8.599929e-01 4.324579e-01 8.281221e-01 -3.164137e-02 1.872191e-01 4.393300e-02
<VARIANCE> 39
 1.493309e+01 1.079083e+01 2.412625e+01 1.609386e+01 1.502809e+01 1.478004e+01 1.195212e+01 1.146067e+01 1.265718e+01 1.065306e+01 1.045970e+01 1.053371e+01 1.653199e-02 1.361928e+00 6.987013e-01 1.458926e+00 1.898822e+00 9.198925e-01 1.616350e+00 1.958597e+00 2.316755e+00 1.983801e+00 1.775775e+00 1.380280e+00 1.258389e+00 1.227418e-03 3.394031e-01 3.721180e-01 6.374320e-01 6.694542e-01 5.478892e-01 5.968878e-01 7.357414e-01 8.749899e-01 6.509179e-01 5.645657e-01 5.719931e-01 3.571748e-01 2.687667e-04
<GCONST> 8.124512e+01
<MIXTURE> 9 7.621395e-02
<MEAN> 39
 -3.251318e+00 -6.761307e+00 -8.601713e+00 -8.827555e+00 -6.132699e+00 -7.547193e+00 -1.209245e+01 -8.892940e+00 -5.818779e+00 1.112986e+00 -2.239049e+00 -7.351287e+00 5.225605e-01 -5.541593e-01 8.505757e-01 -1.320096e-01 5.147206e-01 1.669639e-01 1.457223e-01 -9.513687e-02 -6.250145e-01 -1.493841e-01 -6.644403e-01 1.640005e-01 1.581984e-01 -2.886492e-02 1.136151e-01 -7.128409e-01 2.212713e-01 -6.831794e-01 -3.906929e-01 -4.235427e-01 1.701669e-01 1.015316e+00 3.307360e-01 -8.395229e-03 -4.421490e-01 3.125744e-01 2.967054e-02
<VARIANCE> 39
 6.958823e+00 1.586967e+01 1.890648e+01 2.295139e+01 1.364276e+01 3.800298e+01 1.736980e+01 3.030271e+01 3.639140e+01 2.303080e+01 2.911360e+01 2.166115e+01 1.610837e-02 5.994753e-01 1.328164e+00 1.453192e+00 2.067278e+00 1.013296e+00 1.946564e+00 1.787192e+00 2.275976e+00 1.798704e+00 2.109349e+00 1.735781e+00 1.582893e+00 1.073354e-03 1.373208e-01 2.843125e-01 3.159622e-01 3.599097e-01 4.481521e-01 4.042535e-01 4.458016e-01 5.369650e-01 6.140355e-01 5.034433e-01 3.912302e-01 4.229776e-01 1.726297e-04
<GCONST> 8.229002e+01
<MIXTURE> 10 8.039176e-02
<MEAN> 39
 -1.526242e+01 -1.881020e+00 -4.369126e+00 -4.024602e+00 -2.857418e+00 -4.491217e+00 -4.497715e+00 -3.346144e+00 -3.568759e+00 -2.184762e+00 -3.410866e+00 -1.873429e+00 2.965430e-01 -4.365834e+00 -4.401434e-01 5.970280e-01 1.614856e+00 1.117471e+00 8.134572e-01 1.768080e+00 1.226264e+00 2.511216e-01 -6.998280e-01 -3.280884e-01 5.627559e-01 -8.145255e-02 8.469056e-01 -8.032614e-01 -4.294781e-01 -8.390682e-01 -4.748418e-01 -8.377352e-02 -4.272441e-01 1.641664e-01 2.455915e-01 3.912854e-01 1.821537e-01 -6.568991e-02 3.189022e-02
<VARIANCE> 39
 1.266165e+01 9.300698e+00 7.950780e+00 9.653465e+00 9.676667e+00 1.360432e+01 1.169382e+01 1.247793e+01 1.186501e+01 1.147624e+01 8.384980e+00 7.541768e+00 1.510241e-02 1.680575e+00 1.623391e+00 2.205063e+00 2.534081e+00 1.907323e+00 2.893524e+00 3.198352e+00 2.941978e+00 2.034847e+00 2.263801e+00 2.710282e+00 2.003891e+00 1.732292e-03 3.851509e-01 2.831582e-01 3.477938e-01 5.325134e-01 3.294504e-01 6.219116e-01 4.961406e-01 6.067731e-01 3.996333e-01 3.428435e-01 4.835461e-01 3.198956e-01 2.729050e-04
<GCONST> 8.030450e+01
<MIXTURE> 11 6.123825e-02
<MEAN> 39
 -4.859169e+00 -3.316689e+00 -1.076849e+01 -6.854552e+00 -2.479247e+00 -3.799402e+00 -8.255823e+00 -6.345030e+00 -5.554494e+00 -2.883469e+00 -5.217776e-01 -2.430589e-01 4.517235e-01 -1.946713e+00 1.895022e+00 7.174358e-01 2.728507e-01 3.677113e-01 8.555836e-01 1.676373e+00 -8.852199e-01 -9.945901e-01 -1.398142e-01 -9.716595e-01 -4.675698e-02 -6.895860e-02 6.962386e-01 -1.186319e+00 3.810082e-03 -1.987329e-01 -6.034043e-01 -5.969443e-01 -1.049731e+00 9.244922e-01 7.855361e-01 1.696438e-01 1.629134e-01 -3.417119e-01 4.123460e-02
<VARIANCE> 39
 1.358594e+01 1.187167e+01 1.774439e+01 1.141471e+01 1.141941e+01 1.483408e+01 1.496178e+01 1.376939e+01 1.804843e+01 1.528975e+01 1.932413e+01 1.127236e+01 1.220390e-02 1.235519e+00 1.378817e+00 2.335189e+00 1.747453e+00 1.971662e+00 1.673492e+00 4.002856e+00 2.312254e+00 1.911243e+00 1.780190e+00 1.832608e+00 1.991804e+00 1.298245e-03 3.261740e-01 3.874601e-01 6.156744e-01 5.246076e-01 6.856393e-01 4.798200e-01 1.191352e+00 7.051080e-01 5.995020e-01 4.009157e-01 5.984167e-01 4.039783e-01 2.206225e-04
<GCONST> 8.461078e+01
<MIXTURE> 12 5.731835e-02
<MEAN> 39
 -1.733582e+01 -9.405316e-01 -2.122679e+00 -2.474151e-01 -1.436739e+00 -3.055469e+00 -4.748569e+00 -4.616483e+00 -6.090001e+00 -5.322781e+00 -6.747186e+00 -4.673004e+00 1.406738e-01 -3.001728e+00 -1.481084e+00 -8.507398e-01 -2.813216e-01 3.474639e-01 1.174560e+00 1.719892e+00 1.849661e+00 1.510648e+00 9.688908e-01 9.349909e-01 8.526157e-01 -3.202432e-02 9.828469e-01 -5.811937e-01 -5.583505e-01 -9.482543e-01 -8.375908e-01 -7.312149e-01 -2.476738e-01 1.175207e-01 2.081942e-01 4.619800e-01 4.141076e-01 2.837623e-01 4.173028e-02
<VARIANCE> 39
 1.448339e+01 1.952757e+01 1.064565e+01 1.209750e+01 1.019497e+01 1.077463e+01 9.280224e+00 8.936053e+00 1.328199e+01 1.096758e+01 1.027386e+01 1.051627e+01 1.809157e-02 1.553579e+00 1.921888e+00 1.854824e+00 1.816437e+00 1.900247e+00 1.817940e+00 1.735524e+00 2.108409e+00 2.349936e+00 2.561039e+00 2.415212e+00 1.627804e+00 1.638060e-03 4.909505e-01 5.085256e-01 3.709975e-01 3.229091e-01 4.120952e-01 3.783476e-01 3.326746e-01 3.045289e-01 3.854968e-01 3.279513e-01 3.854925e-01 2.898042e-01 3.645473e-04
<GCONST> 7.870949e+01
<MIXTURE> 13 6.630863e-02
<MEAN> 39
 -8.308565e+00 7.547302e-01 -4.468794e+00 -2.940894e+00 -1.201401e+00 -3.827389e+00 -9.509727e+00 -9.176604e+00 -5.167209e+00 9.253744e-01 -1.278479e+00 -5.276466e+00 2.633087e-01 -1.818779e+00 1.071624e+00 7.954827e-01 8.738497e-01 6.684893e-01 1.210363e-01 7.733039e-01 4.475754e-01 1.716162e-02 -3.938519e-01 -6.015729e-01 1.817148e-01 -4.076348e-02 3.043498e-01 -8.125921e-01 -1.512320e-01 -5.681477e-01 -7.584506e-01 -3.778088e-01 -1.991628e-02 5.188401e-01 3.009867e-01 -1.106641e-01 -1.073442e-01 1.835877e-01 3.610374e-02
<VARIANCE> 39
 1.064479e+01 9.000491e+00 9.382942e+00 2.336821e+01 1.174973e+01 1.590847e+01 1.130220e+01 1.480382e+01 1.814660e+01 1.305738e+01 1.492357e+01 1.000836e+01 2.083302e-02 1.513615e+00 1.328102e+00 1.154183e+00 1.349158e+00 1.507357e+00 1.905126e+00 2.135788e+00 1.972852e+00 2.408067e+00 2.013015e+00 1.269392e+00 1.543846e+00 1.311501e-03 3.859506e-01 3.094160e-01 3.390672e-01 3.606357e-01 4.347952e-01 4.119357e-01 3.818778e-01 4.132069e-01 3.901504e-01 3.442727e-01 2.341781e-01 2.262043e-01 2.955474e-04
<GCONST> 7.696740e+01
<MIXTURE> 14 4.898532e-02
<MEAN> 39
 -1.575484e+01 -2.072059e+00 -3.699253e+00 -3.570281e+00 -4.899197e+00 -7.487567e+00 -7.897736e+00 -7.892653e+00 -8.458578e+00 -7.497305e+00 -8.374165e+00 -6.137677e+00 2.873105e-01 7.198655e-01 -9.835140e-01 -8.102329e-01 -1.301826e+00 -1.238479e+00 -8.225849e-01 6.845337e-01 1.278221e+00 7.563590e-01 5.040749e-01 4.500941e-01 5.452827e-01 6.312954e-02 1.681056e+00 -9.395251e-01 -7.679084e-01 -1.448912e+00 -6.640144e-01 -6.947388e-01 -1.208981e-02 6.887705e-01 2.825017e-01 8.314049e-01 2.122305e-01 3.070883e-01 5.402253e-02
<VARIANCE> 39
 1.692430e+01 1.639378e+01 1.541185e+01 1.680120e+01 1.510692e+01 1.320541e+01 1.392262e+01 1.455637e+01 1.235744e+01 1.173068e+01 1.428281e+01 9.152204e+00 1.304370e-02 2.651619e+00 1.113662e+00 1.973900e+00 1.619636e+00 2.104097e+00 2.498595e+00 2.247813e+00 2.002974e+00 1.863585e+00 1.720000e+00 1.959497e+00 1.488431e+00 2.302150e-03 5.760840e-01 7.322335e-01 6.212313e-01 8.250042e-01 6.801476e-01 1.373196e+00 8.142325e-01 1.060899e+00 7.367514e-01 5.503410e-01 5.842894e-01 3.222005e-01 3.737715e-04
<GCONST> 8.833662e+01
<MIXTURE> 15 2.495219e-02
<MEAN> 39
 -1.370341e+01 -6.257069e-01 -2.210009e+00 -2.293751e+00 -5.015672e+00 -9.694867e+00 -9.618145e+00 -8.931813e+00 -9.855947e+00 -9.194380e+00 -1.147594e+01 -7.908807e+00 2.704103e-01 -2.128176e+00 2.539778e-01 2.575555e-01 9.482728e-01 1.046816e+00 1.295559e+00 1.164393e+00 6.891384e-01 1.536539e-02 -6.699332e-01 8.249644e-05 3.268832e-01 -3.820520e-02 6.946931e-01 -8.520505e-01 -4.318869e-01 -1.027469e+00 -8.118111e-01 -1.226487e-01 3.818161e-01 5.240531e-01 4.021652e-01 8.556497e-01 7.479324e-01 4.976904e-01 3.574024e-02
<VARIANCE> 39
 2.164769e+01 1.454981e+01 9.104819e+00 1.060633e+01 2.561133e+01 1.545136e+01 2.301730e+01 1.891171e+01 9.658497e+00 2.101875e+01 1.498267e+01 1.740330e+01 2.099239e-02 1.395820e+00 2.196537e+00 1.412644e+00 1.392045e+00 1.609166e+00 1.772439e+00 1.528019e+00 1.217836e+00 1.599687e+00 1.780670e+00 2.155549e+00 1.916725e+00 1.184974e-03 7.074600e-01 4.449112e-01 5.826973e-01 6.701490e-01 8.685205e-01 8.037426e-01 4.804474e-01 5.092793e-01 4.773287e-01 7.491152e-01 5.814182e-01 4.006677e-01 8.873430e-04
<GCONST> 8.688693e+01
<MIXTURE> 16 4.360500e-02
<MEAN> 39
 -5.474682e+00 -6.448000e+00 -1.024161e+00 -2.868269e+00 -8.516792e+00 -1.110364e+01 -1.189070e+01 -2.343979e+00 -4.472068e+00 -3.938468e+00 -6.390996e-01 -2.102944e+00 5.050479e-01 -3.798542e-01 2.854140e-01 -1.260691e-01 6.270853e-02 7.070608e-02 4.725098e-02 4.393515e-01 4.225770e-03 7.039796e-02 2.477801e-02 -1.656446e-01 -2.885551e-02 -1.282041e-02 1.561245e-01 -5.626993e-01 6.968833e-01 -3.667275e-01 -8.524712e-01 -8.583067e-02 -1.628189e-02 2.651542e-01 -1.913223e-01 -1.222707e-01 8.297525e-02 5.714093e-02 2.468204e-02
<VARIANCE> 39
 9.101678e+00 1.371787e+01 2.561331e+01 1.808578e+01 1.823575e+01 1.631661e+01 1.927360e+01 2.882276e+01 2.100274e+01 1.865303e+01 1.691892e+01 1.545185e+01 1.524745e-02 2.782352e-01 6.114447e-01 8.680086e-01 6.772284e-01 7.863080e-01 9.947808e-01 7.728339e-01 9.299305e-01 1.103229e+00 8.201876e-01 6.986935e-01 9.676131e-01 5.460827e-04 1.341726e-01 2.273014e-01 3.209901e-01 3.097500e-01 3.567680e-01 3.385524e-01 4.221220e-01 2.886531e-01 4.253688e-01 3.963353e-01 3.545438e-01 3.158162e-01 1.151103e-04
<GCONST> 6.807227e+01
<STATE> 4
<NUMMIXES> 16
<MIXTURE> 1 5.123071e-02
<MEAN> 39
 -1.158374e+01 -1.626601e+00 -4.680170e+00 -5.141777e+00 -4.163276e+00 -6.880911e+00 -6.625275e+00 -4.718987e+00 -4.487604e+00 -2.192762e+00 -4.285200e+00 -3.122451e+00 2.958322e-01 -1.482892e+00 7.143873e-01 2.504412e-01 8.091069e-01 8.389289e-01 7.555552e-01 1.246962e+00 4.047444e-01 -3.309741e-02 -2.840112e-02 -8.682679e-02 2.490749e-01 -3.109349e-02 1.722938e-01 -4.466663e-01 -1.208083e-01 -3.515966e-01 -3.041132e-01 1.440261e-01 -6.503437e-02 9.105603e-02 9.064206e-02 1.422009e-01 2.849398e-01 4.313916e-02 2.351484e-02
<VARIANCE> 39
 3.476181e+01 2.944482e+01 4.722738e+01 4.005943e+01 3.929774e+01 3.741501e+01 4.169324e+01 3.568882e+01 4.193314e+01 3.869633e+01 3.189666e+01 2.783896e+01 2.783739e-02 5.086590e+00 2.876148e+00 3.142753e+00 3.375117e+00 3.089011e+00 4.123005e+00 3.931021e+00 4.777231e+00 3.731595e+00 2.968522e+00 3.835879e+00 2.410764e+00 3.205579e-03 8.040625e-01 7.114611e-01 6.045008e-01 1.045364e+00 1.023542e+00 8.595622e-01 9.463190e-01 9.039323e-01 9.068602e-01 7.132801e-01 6.690371e-01 4.771451e-01 1.016686e-03
<GCONST> 1.109891e+02
<MIXTURE> 2 5.818441e-02
<MEAN> 39
 -7.291694e+00 -1.766660e+00 -9.965849e+00 -1.089213e+01 -6.099684e+00 -2.395004e+00 -4.707953e+00 -5.727093e+00 -5.323818e+00 -1.530715e+00 -2.839891e-01 -8.117774e-01 4.930811e-01 3.660525e+00 -1.127608e+00 -1.921182e+00 -3.295409e+00 -1.316246e+00 4.098050e-01 -7.871957e-01 -4.237017e-01 1.421064e-01 6.992157e-01 1.183913e+00 2.490645e-01 1.154114e-01 4.899253e-01 -4.073388e-01 -6.403574e-02 -2.722271e-01 -9.093256e-02 2.218681e-01 -2.894731e-01 1.180933e-01 1.179534e-01 3.975183e-02 3.696071e-02 -1.412910e-01 9.585059e-03
<VARIANCE> 39
 1.198861e+01 1.083692e+01 1.044743e+01 1.554203e+01 9.680534e+00 1.352551e+01 1.600762e+01 1.444768e+01 1.113858e+01 1.362747e+01 1.201203e+01 9.954971e+00 1.503992e-02 2.431408e+00 2.609987e+00 2.947491e+00 4.826446e+00 3.545475e+00 3.371420e+00 5.994316e+00 3.010122e+00 3.258484e+00 2.762319e+00 2.000038e+00 1.950126e+00 1.646882e-03 3.287442e-01 3.303196e-01 4.294355e-01 5.269204e-01 4.786731e-01 4.956492e-01 6.820306e-01 5.128670e-01 4.992989e-01 3.460042e-01 3.331945e-01 3.139477e-01 2.460793e-04
<GCONST> 8.606947e+01
<MIXTURE> 3 5.669219e-02
<MEAN> 39
 -1.547062e+00 -6.768862e+00 -1.087747e+01 -1.283245e+01 -8.033652e+00 -3.728837e+00 -8.001537e+00 -6.347568e+00 -3.034770e+00 3.240961e+00 2.167727e+00 -5.020648e+00 6.801165e-01 2.310975e+00 -2.352317e+00 -1.045837e+00 -2.087600e+00 -1.243993e+00 -1.707510e-01 -4.893563e-01 9.650739e-01 1.397532e+00 1.162777e+00 3.928537e-01 -1.181918e+00 1.017527e-01 -5.318322e-01 8.318254e-03 2.508714e-01 3.646898e-01 2.883062e-01 1.492357e-01 2.499045e-01 2.895661e-01 7.809989e-02 -4.250192e-01 -5.071315e-01 -4.468370e-02 -1.571451e-02
<VARIANCE> 39
 1.023210e+01 1.911860e+01 2.403556e+01 3.143681e+01 1.349400e+01 3.464917e+01 3.522425e+01 2.838729e+01 2.984635e+01 2.066589e+01 2.498686e+01 2.293270e+01 1.601534e-02 3.043959e+00 2.459527e+00 3.089892e+00 4.779153e+00 2.882807e+00 3.860840e+00 4.955802e+00 4.888484e+00 3.795839e+00 3.432526e+00 3.177486e+00 2.299012e+00 2.078093e-03 2.174017e-01 2.524991e-01 2.168099e-01 2.927761e-01 2.647219e-01 3.082038e-01 3.666703e-01 4.167515e-01 3.211374e-01 2.839182e-01 2.596169e-01 2.859451e-01 2.046195e-04
<GCONST> 9.042554e+01
<MIXTURE> 4 5.331926e-02
<MEAN> 39
 -3.946822e+00 -3.932043e+00 -1.321174e+01 -8.460224e+00 -2.826892e+00 -5.166699e+00 -9.759120e+00 -5.620997e+00 -4.395102e+00 -2.896104e+00 -1.030275e+00 9.430453e-01 5.391298e-01 1.501840e+00 -9.811918e-01 -1.032114e+00 2.135053e-02 6.898718e-01 -6.897632e-01 -2.340170e+00 3.347187e-01 1.120313e+00 4.500397e-01 1.665252e-01 4.536131e-02 4.564986e-02 8.555525e-01 -8.408291e-01 -8.970585e-02 1.709937e-01 -1.214257e-01 -4.042209e-01 -1.186099e+00 6.999714e-01 4.947389e-01 -3.504109e-02 2.766661e-01 -2.583220e-02 2.578931e-02
<VARIANCE> 39
 1.633654e+01 7.377332e+00 1.551242e+01 9.182046e+00 1.239521e+01 1.216389e+01 1.920791e+01 1.183469e+01 1.815942e+01 1.270852e+01 1.187264e+01 1.070691e+01 9.787451e-03 1.179336e+00 8.762964e-01 1.274303e+00 1.172161e+00 1.100294e+00 1.492709e+00 2.999313e+00 1.871806e+00 1.554306e+00 1.243448e+00 1.595050e+00 9.995886e-01 9.004236e-04 2.185920e-01 3.011050e-01 4.825226e-01 3.402492e-01 5.792032e-01 5.711937e-01 7.408816e-01 6.308889e-01 4.795529e-01 4.564887e-01 4.605267e-01 3.009490e-01 1.988809e-04
<GCONST> 7.588597e+01
<MIXTURE> 5 5.727390e-02
<MEAN> 39
 -1.846583e+01 -2.402836e+00 -4.144104e+00 -1.533526e+00 -6.755698e-01 -4.229299e-01 -1.033256e+00 8.201724e-01 -1.292091e+00 -8.127701e-01 -2.190827e+00 -1.223933e+00 1.240572e-01 -1.883585e+00 -1.034861e+00 -1.768869e-01 -1.514282e-02 5.139821e-02 3.756128e-01 9.682371e-01 1.035153e+00 5.070146e-01 2.546833e-01 2.043959e-01 3.736385e-01 -2.032064e-02 1.210199e+00 -3.196334e-01 -3.586912e-01 -7.845553e-01 -6.186652e-01 -6.240225e-01 -6.782916e-01 -5.622948e-01 -2.061593e-01 1.225730e-01 7.144199e-02 -9.372687e-02 3.933550e-02
<VARIANCE> 39
 1.027341e+01 1.306603e+01 9.214078e+00 1.489406e+01 1.151464e+01 1.098067e+01 9.342592e+00 1.043386e+01 1.060237e+01 1.097348e+01 9.318766e+00 8.746604e+00 3.072129e-02 2.971497e+00 1.567251e+00 1.446374e+00 1.638814e+00 1.659864e+00 2.168924e+00 2.065887e+00 1.923698e+00 2.398817e+00 1.516429e+00 1.517308e+00 1.398494e+00 2.814823e-03 4.511403e-01 3.714982e-01 3.428334e-01 4.717369e-01 3.290524e-01 5.542319e-01 4.198285e-01 4.228666e-01 4.634966e-01 4.095249e-01 4.193455e-01 3.227792e-01 5.133028e-04
<GCONST> 7.955078e+01
<MIXTURE> 6 7.868251e-02
<MEAN> 39
 -9.496168e-01 -6.477087e+00 -1.048384e+01 -1.056389e+01 -6.461164e+00 -4.489387e+00 -1.112865e+01 -6.362491e+00 -4.082508e+00 -9.145244e-01 1.518665e+00 -2.239276e+00 6.195624e-01 5.569863e-01 -9.517778e-01 -6.232424e-02 -4.377369e-01 -5.291401e-01 -2.072126e-01 -7.579613e-01 6.948975e-01 9.412635e-01 5.199319e-01 -7.660978e-02 -2.735665e-01 3.863353e-02 1.051543e-01 -3.188864e-01 9.512530e-02 -1.014330e-01 -2.922257e-01 -5.588632e-02 -1.656764e-01 3.852744e-01 2.789013e-01 3.259846e-02 -2.148136e-01 -1.171886e-01 1.133575e-02
<VARIANCE> 39
 1.048880e+01 2.076570e+01 2.652164e+01 3.400270e+01 2.142610e+01 3.793538e+01 3.916037e+01 3.218866e+01 3.302662e+01 3.241656e+01 2.685969e+01 3.391873e+01 1.075849e-02 6.396642e-01 1.087626e+00 1.119415e+00 2.062149e+00 1.620033e+00 1.932637e+00 2.796396e+00 2.328074e+00 2.225619e+00 2.111748e+00 1.785663e+00 1.624596e+00 8.537295e-04 7.918981e-02 1.656198e-01 1.578029e-01 1.995565e-01 2.823431e-01 2.760522e-01 2.781816e-01 3.283623e-01 3.276525e-01 3.067293e-01 2.573313e-01 2.557026e-01 1.049816e-04
<GCONST> 7.908125e+01
<MIXTURE> 7 5.638290e-02
<MEAN> 39
 -1.532910e+01 -1.553930e+00 -3.823024e+00 -2.437270e+00 -2.270325e+00 -2.607863e+00 -3.966030e+00 -3.086091e+00 -3.302538e+00 -2.919822e+00 -3.372004e+00 -1.925049e+00 2.636125e-01 2.160442e+00 -1.450120e+00 -1.335391e+00 -2.283597e+00 -1.772781e+00 -1.487814e+00 -6.895106e-01 3.454214e-01 6.234756e-01 7.657230e-01 7.174727e-01 1.094675e-01 1.122596e-01 1.533125e+00 -6.851411e-01 -3.410461e-01 -9.227859e-01 -7.975522e-01 -4.324401e-01 -5.827896e-01 -1.299269e-02 1.434702e-02 3.518649e-01 2.491918e-01 -8.846050e-02 4.141680e-02
<VARIANCE> 39
 1.269400e+01 1.239317e+01 1.233232e+01 1.335743e+01 8.644112e+00 1.343649e+01 1.183698e+01 1.154528e+01 1.174601e+01 9.391796e+00 9.811848e+00 8.721848e+00 1.779256e-02 2.586091e+00 2.152251e+00 2.395586e+00 1.926907e+00 2.024241e+00 2.539309e+00 2.493510e+00 2.888309e+00 2.048741e+00 1.471708e+00 1.204693e+00 1.265395e+00 1.642003e-03 3.264068e-01 5.536979e-01 5.722465e-01 5.942329e-01 4.662072e-01 7.446573e-01 5.944585e-01 5.554170e-01 5.594634e-01 4.610350e-01 4.504335e-01 3.440129e-01 2.038865e-04
<GCONST> 8.193385e+01
<MIXTURE> 8 4.919053e-02
<MEAN> 39
 -1.130326e+01 -3.010534e+00 -6.985041e+00 -8.333583e+00 -7.895739e+00 -1.012535e+01 -8.807412e+00 -7.808333e+00 -8.055961e+00 -6.747004e+00 -7.536688e+00 -5.460063e+00 4.737473e-01 2.872050e+00 -1.227246e+00 -1.090899e+00 -2.151593e+00 -1.252346e+00 -1.616253e+00 -3.154306e-01 9.786259e-01 2.255883e-01 1.169795e+00 -2.128466e-03 2.853001e-01 9.490125e-02 6.367003e-01 -5.067097e-01 -1.340842e-01 -5.129434e-01 -1.155824e-01 -1.528782e-01 -6.594135e-03 4.569850e-01 2.498819e-03 5.879992e-01 -3.271446e-02 2.072555e-01 1.658740e-02
<VARIANCE> 39
 1.517989e+01 9.928913e+00 2.815140e+01 1.386462e+01 1.286733e+01 1.371829e+01 1.723645e+01 1.591383e+01 1.245109e+01 1.337945e+01 1.211273e+01 1.178225e+01 1.440040e-02 2.490052e+00 2.580665e+00 4.477460e+00 3.023359e+00 3.643825e+00 4.937638e+00 4.287098e+00 4.334279e+00 3.300145e+00 2.494143e+00 2.865235e+00 2.066276e+00 2.044203e-03 3.457058e-01 3.213442e-01 4.317711e-01 5.000725e-01 4.083975e-01 4.915755e-01 5.981150e-01 7.364046e-01 5.142518e-01 4.115075e-01 3.934203e-01 3.273014e-01 1.972802e-04
<GCONST> 8.896503e+01
<MIXTURE> 9 6.343397e-02
<MEAN> 39
 -2.166908e+01 -8.132515e+00 -8.662912e+00 -5.572266e+00 -4.134442e+00 -2.816857e+00 -1.394679e+00 5.300067e-01 -6.020998e-02 5.205357e-01 -1.425777e+00 -2.397968e-01 2.287290e-01 1.267491e-01 -9.403804e-01 -6.936894e-01 -9.205380e-01 -5.437487e-01 -5.112777e-01 2.970232e-02 6.045060e-01 8.417507e-01 5.130046e-01 4.974057e-01 4.489276e-01 3.297717e-02 1.795804e+00 6.240677e-01 2.827653e-01 -2.432765e-01 -2.390601e-01 -5.641635e-01 -7.445195e-01 -7.264997e-01 -6.757879e-01 -4.417786e-01 -2.965288e-01 -3.736074e-01 2.799521e-02
<VARIANCE> 39
 1.174928e+01 1.280078e+01 8.967093e+00 1.252084e+01 1.118321e+01 1.342413e+01 1.438939e+01 1.090317e+01 1.284254e+01 1.433616e+01 1.341082e+01 1.188853e+01 2.189551e-02 2.911338e+00 2.238784e+00 1.411943e+00 1.309789e+00 1.576969e+00 2.011045e+00 1.738467e+00 1.883388e+00 1.803819e+00 1.506448e+00 1.762938e+00 1.587690e+00 1.960451e-03 6.069348e-01 3.732246e-01 4.763495e-01 7.369690e-01 4.823127e-01 6.552773e-01 5.561867e-01 4.503420e-01 4.765852e-01 5.098231e-01 6.090744e-01 4.705424e-01 6.041821e-04
<GCONST> 8.342403e+01
<MIXTURE> 10 9.322858e-02
<MEAN> 39
 -9.828714e+00 -4.560533e-01 -5.096191e+00 -4.514451e+00 -3.732815e+00 -4.025027e+00 -6.958566e+00 -6.083136e+00 -4.529109e+00 -1.008450e+00 -2.022456e+00 -3.169921e+00 3.297641e-01 1.939044e-01 -5.103143e-01 -1.155264e-01 -5.830938e-01 -7.226742e-01 -5.083708e-01 7.492156e-02 4.191042e-01 4.974982e-01 2.822199e-02 2.241199e-02 1.523133e-02 3.995712e-02 9.603856e-01 -9.129994e-01 -9.511385e-02 -6.265269e-01 -6.887423e-01 -4.179626e-01 -4.732384e-01 3.162541e-01 2.592516e-01 1.149329e-01 2.137832e-01 -9.827268e-03 4.011561e-02
<VARIANCE> 39
 1.552237e+01 1.340579e+01 1.335124e+01 2.031174e+01 1.416778e+01 2.260480e+01 1.750054e+01 1.896536e+01 1.669281e+01 1.292251e+01 1.419371e+01 1.238195e+01 1.441160e-02 9.758834e-01 9.190275e-01 1.024739e+00 1.372142e+00 1.009464e+00 1.548407e+00 1.341092e+00 1.288697e+00 1.391327e+00 1.295960e+00 1.184775e+00 9.616987e-01 9.638122e-04 2.084808e-01 3.747531e-01 4.136595e-01 3.743562e-01 4.965655e-01 4.800988e-01 5.186874e-01 5.267523e-01 5.268265e-01 3.764248e-01 3.243915e-01 3.596087e-01 2.122237e-04
<GCONST> 7.612608e+01
<MIXTURE> 11 8.149040e-02
<MEAN> 39
 -2.074008e+01 -7.773678e+00 -7.621007e+00 -6.153651e+00 -3.892764e+00 -3.723467e+00 -2.914906e+00 -1.121333e+00 -1.472880e+00 -5.431016e-01 -1.480860e+00 1.527927e-01 2.201025e-01 3.963029e-01 1.565670e-02 4.493404e-02 2.419775e-01 4.669450e-01 4.149279e-01 1.473175e-01 6.057899e-02 4.653460e-02 3.025515e-01 2.927966e-01 3.430941e-02 -2.789444e-02 7.810854e-01 5.372874e-01 2.187062e-01 1.677164e-01 7.762294e-02 4.520544e-02 -4.883697e-02 -1.196769e-01 -1.577220e-01 -2.388841e-02 -8.821182e-02 -2.304314e-01 -4.031342e-03
<VARIANCE> 39
 1.353157e+01 1.387174e+01 1.715825e+01 1.522780e+01 1.547714e+01 1.317445e+01 1.505709e+01 1.296174e+01 1.284275e+01 1.115577e+01 1.044521e+01 1.043856e+01 2.417409e-02 1.694712e+00 1.592213e+00 1.680623e+00 1.720278e+00 1.766529e+00 1.673250e+00 1.407880e+00 1.649906e+00 1.792892e+00 1.676097e+00 1.286343e+00 1.302205e+00 2.776596e-03 4.397631e-01 3.131917e-01 3.662117e-01 3.899238e-01 3.573482e-01 4.063079e-01 3.615482e-01 3.614787e-01 3.371945e-01 2.721542e-01 3.904869e-01 2.922583e-01 3.344326e-04
<GCONST> 7.825816e+01
<MIXTURE> 12 5.310120e-02
<MEAN> 39
 -5.370203e+00 -6.599847e+00 -2.164685e+00 -3.880684e+00 -8.439987e+00 -1.139041e+01 -1.144102e+01 -2.098391e+00 -5.140255e+00 -3.334537e+00 -2.065125e+00 -3.258222e+00 5.184320e-01 2.126206e-01 -1.183981e+00 1.719379e+00 -4.311146e-01 -1.575997e+00 -8.887506e-01 5.834693e-02 1.283754e+00 -5.971593e-01 -5.497417e-01 2.196565e-02 4.076795e-01 3.883845e-02 1.282505e-01 -3.688656e-01 5.179538e-01 -5.779913e-01 -5.792981e-01 5.407918e-02 1.329155e-01 1.757696e-01 -3.406931e-01 5.715607e-02 8.992729e-02 1.173054e-01 1.753623e-02
<VARIANCE> 39
 1.135933e+01 2.025482e+01 4.964391e+01 2.376755e+01 2.289016e+01 2.947916e+01 2.551704e+01 3.117305e+01 3.251754e+01 2.666101e+01 2.219843e+01 2.302745e+01 1.687123e-02 6.287570e-01 1.264830e+00 1.854077e+00 1.813322e+00 1.703985e+00 2.275088e+00 2.351981e+00 2.501297e+00 2.443396e+00 2.435009e+00 1.505155e+00 1.852839e+00 9.663727e-04 1.422463e-01 3.221536e-01 3.437719e-01 2.816052e-01 3.710308e-01 5.170639e-01 5.861264e-01 4.878597e-01 4.186266e-01 4.928178e-01 3.338360e-01 3.514020e-01 1.680286e-04
<GCONST> 8.554554e+01
<MIXTURE> 13 6.337769e-02
<MEAN> 39
 -5.001585e+00 -8.221462e+00 -5.437030e+00 -7.442803e+00 -9.694724e+00 -1.354901e+01 -9.578048e+00 -7.233757e-01 -1.834337e+00 -1.651051e+00 -3.793442e+00 -2.412392e+00 6.512577e-01 2.473174e+00 -2.991690e+00 4.506711e-01 -2.157766e+00 -2.118980e+00 -2.315096e+00 -3.289034e-01 2.339302e+00 2.369757e-01 6.376845e-01 -7.310177e-02 5.143898e-01 1.129465e-01 -2.950720e-01 3.407939e-02 2.439446e-01 -9.489805e-02 1.131932e-01 3.964343e-01 2.566023e-01 -6.117179e-02 -3.695731e-01 -7.503133e-02 -1.072202e-01 -4.621236e-02 -1.186443e-02
<VARIANCE> 39
 9.384273e+00 1.529014e+01 2.842503e+01 2.042657e+01 1.721164e+01 1.655040e+01 2.601661e+01 1.590553e+01 2.297584e+01 1.707770e+01 1.623626e+01 1.302102e+01 9.580378e-03 2.372183e+00 1.910651e+00 3.765594e+00 3.248658e+00 3.692862e+00 4.122137e+00 5.361462e+00 3.420617e+00 3.406099e+00 3.047043e+00 3.079000e+00 2.422942e+00 1.745395e-03 1.821927e-01 1.883937e-01 1.646850e-01 2.555635e-01 2.524337e-01 3.470700e-01 2.717523e-01 3.062726e-01 2.545644e-01 2.380665e-01 2.275732e-01 2.140879e-01 1.655558e-04
<GCONST> 8.301660e+01
<MIXTURE> 14 5.904704e-02
<MEAN> 39
 -1.893124e+01 -6.192549e+00 -6.135777e+00 -5.177085e+00 -4.866310e+00 -4.148750e+00 -1.488953e+00 5.257863e-01 -1.158686e+00 -8.461055e-01 -1.964128e+00 -7.540056e-01 2.677832e-01 3.853733e+00 -1.849087e-01 -2.032013e-01 -1.896413e+00 -1.690623e+00 -2.003207e+00 -1.236189e+00 -7.629337e-01 -7.995871e-01 -1.845714e-01 -2.962188e-01 -4.736286e-01 1.223028e-01 1.434307e+00 -3.052061e-02 6.342775e-02 -5.708606e-01 -3.637089e-01 -4.172850e-01 -7.102145e-01 -4.293709e-01 -6.158728e-01 -1.947001e-01 -2.194154e-01 -2.968894e-01 3.021756e-02
<VARIANCE> 39
 1.210673e+01 1.312338e+01 1.809312e+01 1.310196e+01 1.648917e+01 1.401863e+01 1.549632e+01 1.270544e+01 1.634761e+01 1.504648e+01 1.314046e+01 1.118003e+01 2.487845e-02 3.238662e+00 3.024137e+00 3.843292e+00 4.069211e+00 2.937625e+00 4.204480e+00 3.538782e+00 3.254182e+00 3.094113e+00 2.135167e+00 2.480993e+00 1.629094e+00 3.145689e-03 5.232283e-01 5.081584e-01 6.061271e-01 7.805408e-01 6.474991e-01 9.071398e-01 8.610730e-01 6.233388e-01 7.296251e-01 5.550548e-01 6.680797e-01 5.083209e-01 4.725061e-04
<GCONST> 9.438390e+01
<MIXTURE> 15 5.999577e-02
<MEAN> 39
 -2.098154e+01 -5.202958e+00 -5.997976e+00 -5.129473e+00 -3.039130e+00 -3.108190e+00 -2.116881e+00 -1.562258e+00 -3.171112e+00 -2.735523e+00 -3.381039e+00 -1.560668e+00 2.199433e-01 -2.272084e+00 -1.662360e+00 -1.303592e+00 -1.034001e+00 -9.109702e-02 6.424028e-01 1.346137e+00 1.527312e+00 1.405630e+00 1.067525e+00 1.114432e+00 1.137424e+00 -2.015827e-04 1.320790e+00 5.528377e-02 -3.042336e-03 -3.576850e-01 -4.462889e-01 -5.712737e-01 -6.346598e-01 -2.330387e-01 -1.281072e-02 1.474981e-01 1.561292e-02 -1.386613e-01 3.032598e-02
<VARIANCE> 39
 9.850225e+00 1.054562e+01 1.091591e+01 1.394102e+01 1.575796e+01 1.124616e+01 8.982503e+00 1.208634e+01 1.252438e+01 1.035601e+01 1.028723e+01 1.052903e+01 2.439346e-02 2.064082e+00 1.226166e+00 1.575850e+00 1.709082e+00 1.918275e+00 1.915486e+00 1.857617e+00 1.779440e+00 2.132384e+00 2.593195e+00 2.136878e+00 1.631120e+00 2.023474e-03 3.774570e-01 2.750367e-01 3.447001e-01 3.291250e-01 3.827000e-01 4.672244e-01 2.888791e-01 4.258135e-01 4.146708e-01 3.852972e-01 4.502689e-01 3.430786e-01 3.757049e-04
<GCONST> 7.837225e+01
<MIXTURE> 16 6.535850e-02
<MEAN> 39
 -9.764348e+00 -3.252836e+00 -5.094950e+00 -3.955748e+00 -5.840157e+00 -8.394171e+00 -8.174178e+00 -2.589778e+00 -9.817599e-01 -5.505615e-01 -2.550872e+00 -2.257757e+00 4.927165e-01 3.159012e+00 -2.701500e+00 1.458999e-01 -1.355514e+00 -2.303578e+00 -2.194611e+00 -1.914373e+00 1.500351e+00 8.517783e-01 1.270315e-01 6.311204e-01 -7.061755e-02 1.268569e-01 4.624374e-01 -7.131772e-01 2.987135e-01 -2.769660e-01 -4.300921e-01 1.702615e-02 -2.121601e-01 4.204920e-01 -1.204641e-01 -1.788680e-01 8.967474e-02 -5.605153e-02 1.099790e-02
<VARIANCE> 39
 1.320874e+01 8.902489e+00 1.474681e+01 8.960558e+00 8.680394e+00 1.070107e+01 1.701622e+01 1.300951e+01 1.160317e+01 1.228669e+01 8.073397e+00 8.177745e+00 1.501582e-02 2.789199e+00 2.397709e+00 3.151553e+00 2.984630e+00 2.717596e+00 2.580268e+00 3.968851e+00 3.121071e+00 3.591985e+00 2.721432e+00 2.153654e+00 2.335871e+00 1.786403e-03 2.947450e-01 2.830898e-01 3.137558e-01 3.825766e-01 3.189827e-01 4.529223e-01 4.196974e-01 4.713490e-01 4.016814e-01 4.276116e-01 3.559113e-01 2.713078e-01 2.464492e-04
<GCONST> 8.181825e+01
<TRANSP> 5
 0.000000e+00 1.000000e+00 0.000000e+00 0.000000e+00 0.000000e+00
 0.000000e+00 4.705277e-01 5.294723e-01 0.000000e+00 0.000000e+00
 0.000000e+00 0.000000e+00 4.574066e-01 5.425934e-01 0.000000e+00
 0.000000e+00 0.000000e+00 0.000000e+00 6.015816e-01 3.984184e-01
 0.000000e+00 0.000000e+00 0.000000e+00 0.000000e+00 0.000000e+00
<ENDHMM>
