~o
<STREAMINFO> 1 39
<VECSIZE> 39<NULLD><MFCC_E_D_A><DIAGC>
~h "zh"
<BEGINHMM>
<NUMSTATES> 5
<STATE> 2
<NUMMIXES> 16
<MIXTURE> 1 6.112922e-02
<MEAN> 39
 -1.976337e+01 3.618708e+00 6.740869e+00 -1.331323e+01 -7.223312e+00 -1.009364e+01 -1.092869e+01 -1.441152e+00 -6.940324e+00 -6.916317e+00 -3.084059e-01 1.032538e-01 5.639739e-01 -5.609376e+00 1.906569e+00 7.455648e-01 9.146720e-02 3.469410e+00 3.121413e+00 8.769681e-01 4.479589e-01 6.674523e-01 2.543412e-01 5.370444e-01 -1.130627e-01 -7.327304e-03 2.283284e-01 -1.299588e+00 -3.294837e-01 1.088855e-01 -2.445900e-01 5.978069e-01 6.572513e-01 4.422647e-01 2.909884e-01 4.739483e-01 -1.707637e-01 -2.985944e-02 1.981006e-02
<VARIANCE> 39
 6.521721e+00 1.008152e+01 1.913011e+01 1.230559e+01 2.084901e+01 1.186180e+01 2.958779e+01 2.321154e+01 1.885542e+01 1.531860e+01 7.546085e+00 9.900064e+00 1.792431e-02 1.778945e+00 1.718644e+00 3.020723e+00 1.796583e+00 2.137592e+00 2.776305e+00 1.523983e+00 3.834468e+00 3.593318e+00 1.555604e+00 1.601279e+00 1.781598e+00 6.444416e-04 1.615720e-01 1.136652e-01 2.475101e-01 4.052203e-01 4.455719e-01 1.909816e-01 8.123845e-01 7.532094e-01 2.897052e-01 4.337592e-01 1.728859e-01 1.625098e-01 5.922701e-05
<GCONST> 7.646952e+01
<MIXTURE> 2 5.637068e-02
<MEAN> 39
 -8.146332e+00 -5.570593e+00 9.297997e+00 -7.367095e+00 -1.334337e+01 -1.144275e+01 -8.961111e+00 1.394455e+00 -9.083343e+00 -6.913917e+00 7.646164e-01 -5.903354e-01 6.320140e-01 -3.378932e+00 2.295019e+00 3.250095e-01 6.049741e-01 7.835516e-01 1.367069e+00 1.120347e+00 -1.683197e+00 1.443439e+00 2.973566e-01 -1.165045e+00 8.475274e-01 -5.098375e-02 -1.007919e+00 -3.373079e-01 -9.272540e-02 2.736763e-02 3.640791e-01 2.696678e-01 4.457828e-01 9.794457e-02 5.933259e-01 4.262868e-01 -6.427841e-02 4.629260e-03 6.522756e-03
<VARIANCE> 39
 6.192960e+00 1.024356e+01 1.710065e+01 1.613224e+01 9.033009e+00 2.319566e+01 1.268077e+01 1.267462e+01 2.787673e+01 1.788592e+01 2.403103e+00 9.574725e+00 1.574182e-02 1.339426e+00 1.251691e+00 2.643704e+00 3.838932e+00 4.809594e+00 2.203199e+00 3.554468e+00 1.970395e+00 1.359207e+00 2.713821e+00 2.304584e+00 2.424797e+00 6.589445e-04 6.553915e-02 3.391145e-01 1.300781e-01 2.619425e-01 2.549162e-01 3.639700e-01 3.419901e-01 4.484780e-01 1.820099e-01 2.079776e-01 1.949719e-01 1.362627e-01 8.864238e-05
<GCONST> 7.223896e+01
<MIXTURE> 3 5.647399e-02
<MEAN> 39
 -1.122576e+01 -2.472635e+00 1.560835e+00 -3.257274e+00 -4.241520e+00 -1.093314e+01 -8.594187e+00 -4.554587e+00 -3.206263e+00 -4.354411e+00 -2.321706e+00 -6.568600e-01 4.942693e-01 -2.906734e+00 1.485561e-01 1.959645e+00 5.373334e-01 -5.899560e-01 4.385342e-01 1.478327e+00 5.551716e-01 -2.398997e-01 -9.669974e-02 7.834053e-01 3.115557e-01 -2.267295e-02 8.935944e-02 -2.215014e-01 -3.633056e-01 -2.091394e-01 -1.687140e-01 3.126836e-01 -1.023633e-01 2.643521e-01 2.600045e-01 2.492243e-01 -2.037456e-02 -2.197107e-02 1.370053e-02
<VARIANCE> 39
 2.112083e+01 1.858014e+01 1.946405e+01 5.285580e+01 3.608822e+01 4.228409e+01 3.040797e+01 5.166158e+01 3.834811e+01 5.147133e+01 1.754584e+01 2.343518e+01 2.410574e-02 2.633166e+00 1.467046e+00 1.980933e+00 1.039365e+00 3.665869e+00 4.372397e+00 3.658485e+00 2.208501e+00 1.904682e+00 4.408460e+00 1.228292e+00 1.906585e+00 9.347674e-04 5.888976e-01 3.229422e-01 1.636919e-01 2.445997e-01 9.758759e-01 6.614982e-01 7.252625e-01 5.561994e-01 3.662013e-01 5.807422e-01 4.190277e-01 4.546665e-01 1.828133e-04
<GCONST> 9.406162e+01
<MIXTURE> 4 5.720927e-02
<MEAN> 39
 -3.060525e+00 -1.310115e+01 2.355241e+00 -1.222365e+01 -1.519839e+01 -9.705718e+00 -1.748460e+01 1.175815e+01 -5.103739e+00 1.872889e-01 -1.908639e+00 -2.538537e+00 7.630286e-01 -5.038756e-01 5.998782e-01 2.519938e+00 8.867825e-01 -4.439946e-01 -4.045739e-01 -5.526562e-01 -9.200703e-01 -1.033372e+00 -1.261859e+00 -2.559850e-01 1.919649e+00 -3.355704e-02 -5.722198e-01 3.831189e-01 -1.291754e-01 1.991091e-01 2.572836e-01 3.860101e-01 9.664347e-01 -1.276867e+00 4.706746e-01 -2.589948e-01 -1.299540e-01 -8.713834e-02 -8.477475e-03
<VARIANCE> 39
 1.077785e+01 2.464473e+01 1.558166e+01 4.151499e+01 5.299049e+01 3.773759e+01 5.608905e+01 3.081757e+01 1.718848e+01 1.949942e+01 3.197479e+01 1.410475e+01 6.550351e-03 2.911865e-01 3.781009e-01 7.476362e-01 1.611654e+00 8.771286e-01 3.436752e+00 2.392686e+00 3.561759e+00 3.056631e+00 3.426224e+00 2.090129e+00 1.271081e+00 1.281662e-04 1.521344e-01 1.273073e-01 2.122640e-01 3.870667e-01 4.577752e-01 6.221980e-01 7.200508e-01 4.915601e-01 2.106853e-01 2.749683e-01 2.949905e-01 2.098816e-01 2.696142e-05
<GCONST> 7.638557e+01
<MIXTURE> 5 8.088294e-02
<MEAN> 39
 -1.345331e+01 -4.688648e+00 8.763526e+00 1.033675e+00 -1.148427e+01 -1.222561e+01 -6.917415e+00 -1.954903e+00 -5.936633e+00 -1.014151e+01 -4.442160e+00 2.269218e+00 5.678922e-01 -3.433862e+00 1.890811e+00 2.228161e-01 -7.726141e-01 6.803226e-01 5.409989e-01 2.192394e+00 -7.999082e-01 1.704168e-01 1.214410e+00 -5.441383e-01 5.921550e-01 -2.853641e-02 -4.203374e-02 -3.513606e-01 -2.742280e-01 -3.114045e-01 -1.174736e-01 5.796072e-01 -3.020521e-01 3.050327e-01 3.074758e-01 4.686185e-01 6.455346e-01 -6.402008e-01 7.599995e-03
<VARIANCE> 39
 1.244932e+01 1.087344e+01 9.223119e+00 2.791986e+01 9.200299e+00 1.782301e+01 1.335869e+01 6.610326e+00 9.179625e+00 1.424781e+01 1.249383e+01 5.092870e+00 1.278653e-02 1.141613e+00 1.996687e+00 1.617197e+00 1.225603e+00 1.504922e+00 2.235806e+00 2.469573e+00 1.707272e+00 1.495628e+00 2.438104e+00 2.923048e+00 1.804018e+00 6.320653e-04 2.752814e-01 1.559955e-01 3.398616e-01 1.749171e-01 1.305461e-01 5.014896e-01 3.671609e-01 2.303341e-01 2.603688e-01 2.907276e-01 4.090822e-01 1.444405e-01 3.912511e-05
<GCONST> 6.940889e+01
<MIXTURE> 6 4.037555e-02
<MEAN> 39
 -1.103889e+01 -3.017298e+00 5.403012e+00 -1.450897e+01 -1.355438e+01 -1.345856e+01 -9.793857e+00 -3.292920e+00 -7.817329e+00 -6.791922e+00 -3.722433e+00 -3.576379e-01 6.692970e-01 -5.444637e+00 3.065826e+00 1.714820e+00 1.210762e+00 2.818923e+00 2.750598e+00 -4.610124e-01 -9.379162e-01 2.076292e-01 -7.631031e-01 1.148319e+00 -4.834343e-01 -3.965348e-02 -1.033811e+00 -6.021331e-01 -4.095510e-01 2.137658e-02 8.103117e-01 8.838487e-01 1.045274e+00 7.584773e-01 4.129308e-01 4.826996e-01 4.551680e-02 -3.959933e-02 1.502040e-02
<VARIANCE> 39
 6.491665e+00 1.019082e+01 1.791596e+01 3.378995e+01 1.758879e+01 1.884190e+01 2.019679e+01 2.844694e+01 1.993790e+01 3.241530e+01 1.226859e+01 1.510213e+01 8.892553e-03 8.067821e-01 1.694117e+00 3.065369e+00 2.042239e+00 5.046901e+00 1.719030e+00 5.053702e+00 3.807837e+00 3.644727e+00 2.557194e+00 2.234104e+00 1.841026e+00 5.383609e-04 1.530293e-01 9.491607e-02 2.378629e-01 2.656502e-01 4.053988e-01 5.237521e-01 3.736570e-01 5.407629e-01 1.957541e-01 4.703490e-01 1.391580e-01 2.410486e-01 4.422575e-05
<GCONST> 7.883772e+01
<MIXTURE> 7 5.637313e-02
<MEAN> 39
 -6.404591e+00 -9.498091e+00 8.845554e+00 -3.007362e+00 -1.694262e+01 -9.835817e+00 -1.188062e+01 -1.911933e+00 -4.904055e+00 -1.042256e+01 8.255123e-01 -3.177292e+00 6.903683e-01 -1.896962e+00 1.866814e+00 5.567263e-01 3.121268e-01 1.379486e+00 -4.112438e-02 1.254706e+00 2.330946e-01 -8.960977e-01 5.959892e-01 -1.544759e+00 4.859213e-01 -4.506047e-02 -9.823027e-01 7.296049e-01 -3.963952e-01 -3.440639e-01 5.439463e-01 -3.010698e-02 3.725559e-01 1.600287e-01 1.988481e-01 6.487470e-01 -1.514373e-03 2.448900e-01 -6.046872e-03
<VARIANCE> 39
 5.446983e+00 1.417342e+01 1.761113e+01 1.779691e+01 1.475181e+01 1.385176e+01 1.507206e+01 1.679857e+01 2.480287e+01 7.915845e+00 1.426666e+01 8.572098e+00 9.024709e-03 1.039632e+00 1.938559e+00 6.125327e-01 2.064777e+00 2.348897e+00 2.050121e+00 2.696295e+00 1.573737e+00 1.367176e+00 1.793674e+00 2.377587e+00 1.412818e+00 1.592017e-04 9.869993e-02 1.353053e-01 8.880389e-02 1.406439e-01 1.098146e-01 2.032804e-01 1.030455e-01 2.711402e-01 1.778567e-01 1.150313e-01 1.819734e-01 1.591315e-01 2.605259e-05
<GCONST> 6.125457e+01
<MIXTURE> 8 6.924298e-02
<MEAN> 39
 -3.643424e+00 -8.616616e+00 -2.072375e+00 -7.339230e+00 -1.019874e+01 -1.518957e+01 -1.036227e+01 -2.789151e+00 4.432019e-01 -1.669322e+00 -3.040076e+00 -1.988474e+00 7.523193e-01 -3.198854e+00 2.411559e+00 2.466204e+00 9.744636e-01 5.787857e-01 7.671130e-01 2.537099e-02 -4.761963e-01 -1.194259e+00 -9.553645e-01 -7.602156e-01 8.258434e-01 -6.378987e-02 -1.275820e+00 1.885605e-01 1.994938e-01 -4.009948e-01 2.369776e-01 1.003085e+00 7.063730e-01 3.658257e-02 -1.375111e-01 8.385000e-02 1.261116e-01 -1.827097e-01 -3.634074e-03
<VARIANCE> 39
 1.022181e+01 1.291641e+01 2.048545e+01 2.534143e+01 1.851331e+01 3.863425e+01 2.844659e+01 2.279855e+01 2.253011e+01 4.504877e+01 1.414917e+01 2.333123e+01 1.458663e-02 2.202157e+00 1.414571e+00 1.812261e+00 2.110669e+00 2.167430e+00 3.848782e+00 5.058361e+00 3.949193e+00 1.934353e+00 1.869664e+00 2.502321e+00 2.343684e+00 2.019544e-04 2.496031e-01 1.368236e-01 2.093385e-01 3.793450e-01 3.020707e-01 4.641825e-01 3.300614e-01 3.137600e-01 2.252215e-01 5.873816e-01 1.752254e-01 3.720382e-01 7.843019e-05
<GCONST> 8.214609e+01
<MIXTURE> 9 1.022261e-01
<MEAN> 39
 -1.355772e+01 -3.987168e+00 3.784813e+00 -5.761646e+00 -9.030286e+00 -9.371793e+00 -9.246680e+00 -3.891343e+00 -2.794220e-01 -5.093490e+00 -6.213962e+00 -3.522168e-01 5.635009e-01 -5.012671e+00 1.799571e+00 1.517697e+00 -6.968030e-01 1.076627e+00 2.223205e+00 1.723613e+00 3.256214e-01 1.462387e-01 -2.801733e-01 2.824882e-01 3.003314e-01 -4.193379e-02 -2.001946e-01 -4.727430e-01 -4.323071e-01 -2.255954e-01 -4.342959e-02 3.974546e-01 1.540703e-01 2.309892e-01 6.260516e-02 3.364457e-01 5.445454e-01 -1.275678e-01 1.717325e-02
<VARIANCE> 39
 1.410229e+01 1.428107e+01 1.986357e+01 2.057089e+01 1.795981e+01 2.146878e+01 3.215985e+01 1.697421e+01 1.953612e+01 1.333579e+01 1.150254e+01 1.451444e+01 1.134245e-02 2.324862e+00 2.567651e+00 1.603810e+00 2.492237e+00 1.909470e+00 3.704960e+00 4.077167e+00 3.859717e+00 5.140194e+00 4.738106e+00 2.515670e+00 2.421457e+00 1.332028e-03 3.319449e-01 1.375257e-01 2.556669e-01 4.654231e-01 3.113869e-01 2.776506e-01 7.607291e-01 7.497209e-01 6.237082e-01 3.694851e-01 4.609053e-01 4.617700e-01 1.008975e-04
<GCONST> 8.727547e+01
<MIXTURE> 10 7.054504e-02
<MEAN> 39
 -1.412368e+01 -5.503690e-01 7.442818e+00 -5.414040e+00 -1.328270e+01 -1.045058e+01 -6.371216e+00 -5.113448e+00 -8.303576e+00 -5.311801e+00 -4.311113e+00 -2.065688e+00 5.305500e-01 -3.122928e+00 1.715568e+00 -5.963402e-01 -4.070118e-01 1.975934e+00 1.012896e-01 8.170415e-01 -2.131839e-01 7.947037e-01 1.464204e+00 -8.752104e-01 6.932195e-01 -2.750486e-02 -2.143915e-01 -5.209731e-01 -1.911492e-01 -1.333131e-01 -2.791101e-02 5.310701e-01 -1.871235e-01 4.076827e-01 1.603940e-01 -2.299460e-01 5.350366e-01 3.421954e-02 1.163425e-02
<VARIANCE> 39
 7.040700e+00 1.953475e+01 2.232111e+01 2.258096e+01 1.541980e+01 2.304155e+01 2.872978e+01 1.345714e+01 1.728221e+01 1.282076e+01 1.731974e+01 1.013382e+01 1.650604e-02 1.003461e+00 1.375338e+00 1.221110e+00 5.297782e-01 2.207307e+00 2.579063e+00 2.169742e+00 1.457464e+00 7.502101e-01 1.823260e+00 1.990496e+00 3.536337e-01 4.808408e-04 1.570535e-01 2.383014e-01 8.090381e-02 1.250852e-01 2.832561e-01 5.465729e-01 5.357590e-01 1.976300e-01 2.089178e-01 2.548410e-01 2.966943e-01 1.187588e-01 3.982982e-05
<GCONST> 6.781873e+01
<MIXTURE> 11 4.785167e-02
<MEAN> 39
 -1.626398e+01 8.086835e-01 4.769808e+00 -1.011597e+01 -1.175415e+01 -1.477473e+01 -7.585715e+00 -4.930579e+00 -1.005076e+01 -3.940608e+00 -3.170430e+00 -1.602843e+00 6.170498e-01 -4.324373e+00 2.602381e+00 1.022012e-01 1.171634e+00 2.295993e+00 1.687882e+00 1.051252e+00 -1.195644e+00 6.357611e-01 -1.036053e+00 3.080530e-01 -3.781176e-01 -4.976770e-02 -5.684863e-02 -8.983441e-01 -3.629252e-02 -2.520630e-01 1.305955e-01 6.823125e-01 1.807022e-01 8.573459e-01 1.763212e-01 4.437571e-01 -1.087522e-01 4.494986e-02 9.385440e-03
<VARIANCE> 39
 1.843675e+01 1.614062e+01 2.885056e+01 2.676696e+01 1.877535e+01 3.462620e+01 1.720658e+01 2.579822e+01 1.811515e+01 1.184041e+01 1.595467e+01 1.545919e+01 9.440773e-03 2.408118e+00 1.006964e+00 2.691236e+00 1.166442e+00 2.341611e+00 2.264916e+00 4.400367e+00 4.166094e+00 3.604348e+00 2.287663e+00 1.412993e+00 1.878623e+00 1.547747e-03 2.438453e-01 2.502907e-01 3.297091e-01 3.368926e-01 9.258511e-02 6.789730e-01 2.772245e-01 2.250284e-01 2.131941e-01 3.637974e-01 2.954274e-01 2.223836e-01 9.920908e-05
<GCONST> 8.099739e+01
<MIXTURE> 12 1.148732e-01
<MEAN> 39
 -1.863819e+01 -3.233351e-01 9.286197e+00 -7.609609e+00 -1.155005e+01 -6.036121e+00 -8.199657e+00 -3.654121e+00 -4.076117e+00 -5.580289e+00 -3.193538e+00 -2.466959e-01 5.611900e-01 -4.856997e+00 4.718540e-01 6.665850e-01 2.648573e-01 1.079002e+00 2.795434e+00 1.698897e+00 3.165532e-02 1.286639e+00 7.263163e-01 -5.399164e-02 -1.603268e-01 -1.983140e-02 4.057685e-01 -1.100870e+00 -5.714232e-01 1.442315e-01 -1.308163e-01 -2.038904e-01 1.776007e-01 4.779235e-01 1.475734e-01 2.959746e-01 2.590711e-01 -1.092539e-01 1.896980e-02
<VARIANCE> 39
 1.109543e+01 9.056875e+00 9.526737e+00 1.996386e+01 2.435809e+01 2.298412e+01 1.369907e+01 1.610776e+01 1.743753e+01 1.330552e+01 1.046297e+01 8.382084e+00 7.781818e-03 1.658431e+00 8.207062e-01 1.759012e+00 3.096375e+00 2.199976e+00 1.951291e+00 3.130596e+00 2.330356e+00 2.181253e+00 2.549428e+00 1.900601e+00 1.285276e+00 6.940911e-04 2.937576e-01 1.936955e-01 2.809774e-01 3.189746e-01 4.298673e-01 4.354589e-01 5.270110e-01 5.132300e-01 3.572376e-01 4.892694e-01 2.975557e-01 3.508767e-01 5.362367e-05
<GCONST> 7.700887e+01
<MIXTURE> 13 5.514210e-02
<MEAN> 39
 -3.738002e+00 -1.401619e+01 7.157835e+00 -1.063881e+01 -1.923097e+01 -9.549191e+00 -1.720434e+01 7.237561e+00 -6.668074e+00 -1.439955e+00 -2.960098e+00 7.148459e-01 7.719266e-01 -1.767082e+00 2.284900e+00 1.235847e+00 1.329222e+00 9.260343e-01 -3.674372e-01 1.254424e+00 -3.224968e+00 2.777047e-01 -1.707283e+00 -5.973793e-02 3.592374e-01 -4.897197e-02 -1.165236e+00 8.113738e-01 -5.369839e-01 9.549718e-02 6.969920e-01 4.416402e-01 9.751828e-01 -4.817662e-01 5.658944e-01 -1.419853e-01 -6.525015e-02 -3.541069e-01 -1.044510e-02
<VARIANCE> 39
 1.204281e+01 1.260500e+01 1.892075e+01 4.152510e+01 2.283755e+01 3.782721e+01 5.172452e+01 2.197158e+01 3.299436e+01 1.820333e+01 1.143636e+01 1.723938e+01 7.348329e-03 1.269270e+00 1.802688e+00 7.927328e-01 2.173084e+00 2.440440e+00 2.079349e+00 4.264832e+00 2.244557e+00 1.460719e+00 1.510974e+00 2.161849e+00 1.063921e+00 2.447328e-04 1.749901e-01 9.873031e-02 1.585438e-01 2.850704e-01 3.440540e-01 7.574920e-01 4.806889e-01 2.686631e-01 3.640392e-01 3.577844e-01 1.847639e-01 2.927378e-01 4.075998e-05
<GCONST> 7.688615e+01
<MIXTURE> 14 4.527971e-02
<MEAN> 39
 -4.851364e+00 -7.303138e+00 1.628482e-01 -6.923863e+00 -1.524718e+01 -1.535567e+01 -1.192470e+01 -1.913711e+00 -8.326487e+00 -3.823188e+00 -1.738408e+00 -1.596638e+00 6.895260e-01 -6.278588e-01 2.993015e-01 1.671128e+00 3.000428e-01 -2.270657e-01 4.628456e-02 -2.188424e-01 -5.465333e-01 -6.356485e-01 -1.914800e+00 5.123301e-01 2.336734e-01 -2.273510e-02 -6.150924e-01 2.716405e-01 1.547033e-01 -1.782889e-01 2.154610e-01 5.470378e-01 2.025897e-01 -2.832339e-01 4.171157e-01 1.292830e-01 -3.110196e-01 -2.045462e-01 -5.501871e-03
<VARIANCE> 39
 1.124850e+01 1.136969e+01 1.478286e+01 2.940236e+01 1.546234e+01 1.042746e+01 1.361240e+01 1.332817e+01 8.707806e+01 1.256252e+01 1.458787e+01 1.043462e+01 1.719998e-02 6.623843e-01 4.817321e-01 3.400172e-01 8.030540e-01 1.478930e+00 7.545766e-01 1.113426e+00 1.006319e+00 1.557276e+00 5.536826e-01 1.222501e+00 1.394748e+00 5.920904e-05 2.617032e-01 7.913091e-02 1.816894e-01 1.547133e-01 2.410503e-01 1.263405e-01 1.171801e-01 1.911518e-01 2.601938e-01 2.263624e-01 1.728346e-01 1.045974e-01 1.292537e-05
<GCONST> 5.644028e+01
<MIXTURE> 15 4.020513e-02
<MEAN> 39
 -4.675435e+00 -1.271582e+01 3.425988e+00 -2.938834e-01 -1.380283e+01 -1.153311e+01 -1.551948e+01 -3.089624e+00 -5.134515e-01 -8.624822e+00 -4.889522e+00 3.074755e-01 6.931078e-01 -2.769291e+00 1.823288e+00 2.278429e+00 3.940969e-01 1.810100e+00 -1.613065e+00 3.383292e+00 -1.361043e+00 -1.831479e+00 -4.033923e-01 -1.269637e+00 2.888526e-01 -6.140241e-02 -8.144945e-01 5.644262e-01 -3.731757e-01 -8.435737e-01 6.798845e-02 7.946509e-01 5.309500e-01 7.683232e-02 3.631147e-01 4.848025e-01 4.901499e-01 -3.989151e-01 -3.320706e-03
<VARIANCE> 39
 5.119996e+00 8.823581e+00 8.786994e+00 3.958191e+01 3.122253e+01 1.312758e+01 2.369920e+01 3.516687e+01 4.022040e+01 5.805935e+01 5.912778e+01 1.834649e+01 6.216872e-03 1.107935e+00 1.349687e+00 2.973072e+00 1.644541e+00 1.664289e+00 2.981937e+00 4.053626e+00 4.538154e+00 4.277930e+00 1.988468e+00 3.317134e+00 3.354574e+00 3.546512e-04 1.417715e-01 2.687026e-01 2.756388e-01 1.671897e-01 2.944981e-01 3.034482e-01 6.693083e-01 1.097150e+00 7.127472e-01 1.166864e+00 6.867112e-01 3.186472e-01 7.023057e-05
<GCONST> 8.651841e+01
<MIXTURE> 16 4.581962e-02
<MEAN> 39
 -7.620324e+00 -9.120432e+00 8.456107e+00 -1.301576e+01 -1.820878e+01 -1.303178e+01 -1.003560e+01 -1.902776e+00 -9.330710e+00 -5.502846e+00 -2.738202e+00 -5.607432e-02 7.126046e-01 -3.261278e+00 2.889863e+00 5.557899e-01 1.388082e+00 1.740237e+00 1.570690e+00 2.013552e-01 -2.607871e+00 1.488552e+00 -1.920401e+00 8.094782e-01 -2.527553e-01 -5.708258e-02 -1.362437e+00 3.023936e-01 -4.170683e-01 1.137213e-01 8.653811e-01 9.267595e-01 4.375852e-01 5.718706e-01 2.893847e-01 6.034257e-01 -1.549033e-01 -1.000047e-01 -1.912071e-03
<VARIANCE> 39
 9.767531e+00 1.352349e+01 1.935278e+01 2.148470e+01 1.689745e+01 1.391714e+01 1.655823e+01 1.981561e+01 3.992207e+01 1.784359e+01 5.076828e+00 2.587031e+01 6.815696e-03 1.648704e+00 2.277243e+00 2.170268e+00 1.224448e+00 1.705686e+00 3.410587e+00 3.113423e+00 2.514164e+00 3.807293e+00 1.012799e+00 1.178874e+00 1.569251e+00 3.608212e-04 1.940189e-01 1.333708e-01 1.994269e-01 1.103218e-01 4.874445e-01 2.572861e-01 3.617866e-01 3.092043e-01 4.070138e-01 2.714609e-01 1.862352e-01 3.092066e-01 9.850432e-05
<GCONST> 7.443839e+01
<STATE> 3
<NUMMIXES> 16
<MIXTURE> 1 5.153230e-02
<MEAN> 39
 -2.912899e+01 1.544362e+00 1.032077e+01 -1.098653e+01 -3.613751e+00 1.452099e-02 -7.525544e+00 -2.239841e+00 -3.073860e+00 -9.019688e+00 -1.418533e+00 -2.073493e+00 6.386549e-01 -4.223033e+00 -8.244372e-01 -1.587604e-01 3.911904e-01 1.595412e+00 3.154765e+00 2.363294e+00 1.466425e+00 1.895642e+00 1.324813e+00 1.044587e+00 3.860188e-01 2.776957e-02 1.560595e+00 -8.346714e-01 -7.049326e-01 1.409271e-02 -9.958172e-01 -7.935199e-01 7.690065e-02 1.324591e-01 -1.816108e-01 5.220923e-01 -1.935081e-01 1.759205e-01 6.896737e-03
<VARIANCE> 39
 8.446838e+00 1.008853e+01 1.084931e+01 1.261133e+01 1.744309e+01 2.344496e+01 1.382088e+01 1.929310e+01 2.942357e+01 1.618192e+01 8.700503e+00 6.888928e+00 1.136644e-02 1.518034e+00 1.123678e+00 1.373338e+00 1.104403e+00 2.151843e+00 4.077676e+00 1.813130e+00 2.875238e+00 2.381988e+00 2.957396e+00 1.349215e+00 1.119654e+00 3.002654e-04 1.950673e-01 2.233350e-01 2.245045e-01 5.152754e-01 4.837580e-01 3.608303e-01 5.193609e-01 4.741763e-01 2.392327e-01 4.249198e-01 2.631789e-01 2.608620e-01 1.183540e-04
<GCONST> 7.500614e+01
<MIXTURE> 2 2.604204e-02
<MEAN> 39
 -3.273439e+01 6.723430e+00 -2.869896e+00 -1.287307e+01 4.268080e+00 -6.560326e+00 1.900251e+00 3.978360e-01 -5.649245e+00 1.762764e+00 -1.039437e+00 1.199709e+00 7.587682e-01 -7.372569e-01 3.768560e-01 1.853255e-01 5.295068e-01 5.242866e-01 7.243608e-01 6.575148e-01 3.406762e-01 4.981896e-01 5.672641e-01 4.089552e-01 2.163516e-02 1.379276e-02 4.722756e-01 -2.737477e-01 3.811678e-01 -1.139740e-01 -4.175715e-01 1.988384e-01 -4.241373e-01 -1.284267e-01 -1.637040e-02 -4.304960e-01 9.749484e-02 -2.145910e-01 -6.228173e-03
<VARIANCE> 39
 2.605576e+00 5.673327e+00 9.193632e+00 4.154994e+00 9.499417e+00 9.813107e+00 6.445576e+00 3.471625e+00 3.127694e+00 1.242943e+01 1.226798e+01 1.028640e+01 5.903362e-03 6.668416e-01 8.779442e-01 1.870053e+00 4.468004e-01 9.204199e-01 4.928727e-01 2.054840e+00 3.693049e-01 5.373384e-01 1.919500e+00 1.810535e+00 1.947210e+00 7.104010e-04 1.821849e-01 1.264051e-01 1.039461e-01 1.738060e-01 7.680277e-02 1.030643e-01 3.031513e-01 1.143927e-01 1.217322e-01 2.615949e-01 2.146126e-01 3.832192e-01 6.848143e-05
<GCONST> 4.976309e+01
<MIXTURE> 3 5.356702e-02
<MEAN> 39
 -2.096051e+01 -3.918436e+00 8.897178e+00 1.632706e+00 -1.025506e+01 -9.947993e+00 -4.851981e-01 -4.538943e+00 -4.654030e+00 -3.713372e+00 1.385646e+00 -1.304981e+00 4.981441e-01 -3.672491e+00 -9.853248e-01 -2.987762e-01 -1.819020e-01 6.185807e-01 2.128614e+00 2.381034e+00 1.035626e+00 1.224174e+00 1.268442e+00 3.060998e-01 -9.086342e-02 4.601442e-03 7.923931e-01 -4.956773e-01 -4.809062e-01 -3.260123e-01 5.096849e-02 -1.145225e-01 -4.670739e-01 5.883263e-01 1.771616e-01 -3.354734e-01 -2.856487e-01 -4.991230e-02 1.037740e-02
<VARIANCE> 39
 8.652034e+00 1.629445e+01 1.661653e+01 2.022095e+01 1.503238e+01 1.608237e+01 2.544598e+01 2.270598e+01 1.634924e+01 2.208393e+01 1.023186e+01 9.905193e+00 1.557314e-02 1.409586e+00 9.242173e-01 7.458150e-01 5.759698e-01 2.146414e+00 7.155637e-01 1.421338e+00 1.378628e+00 2.369975e+00 2.012305e+00 1.309317e+00 1.809963e+00 2.250258e-04 2.268772e-01 3.682297e-01 2.751919e-01 2.191925e-01 1.827346e-01 2.442212e-01 3.002815e-01 2.959473e-01 3.236056e-01 2.730896e-01 1.660806e-01 2.366784e-01 4.147630e-05
<GCONST> 6.860905e+01
<MIXTURE> 4 4.263285e-02
<MEAN> 39
 -3.086750e+01 -2.492373e+00 4.939180e+00 -1.209674e+01 -8.564917e+00 2.621855e+00 -6.317600e+00 -1.235309e+00 -9.334505e-01 -6.983360e+00 5.619049e-01 -3.998858e-01 6.354710e-01 1.110542e-01 -6.436465e-01 4.115205e-01 9.009216e-01 -1.245675e+00 -5.095449e-01 6.408473e-01 -1.003484e+00 -8.973170e-03 4.767126e-01 -2.781366e-01 -3.412832e-01 -6.886559e-03 9.272996e-01 -4.327644e-02 -6.269266e-02 4.781632e-01 -1.666829e-01 -7.476409e-01 2.512608e-01 1.267152e-01 5.504525e-02 3.237186e-01 -8.226451e-02 -1.315543e-02 -2.477390e-03
<VARIANCE> 39
 9.737153e+00 9.866605e+00 4.303040e+01 1.224501e+01 7.721010e+00 8.026869e+00 1.009560e+01 8.549196e+00 4.531729e+00 1.370658e+01 1.421747e+01 4.463236e+00 1.180665e-02 1.094345e+00 5.625647e-01 5.927241e-01 6.710812e-01 7.259248e-01 7.157632e-01 1.586678e+00 9.945301e-01 8.625597e-01 9.417492e-01 1.009819e+00 5.559897e-01 3.990093e-04 3.892416e-01 1.221251e-01 2.350095e-01 1.568664e-01 2.872016e-01 2.439001e-01 1.802838e-01 1.361080e-01 2.052268e-01 1.547631e-01 2.796333e-01 8.672808e-02 9.381233e-05
<GCONST> 5.556125e+01
<MIXTURE> 5 1.035188e-01
<MEAN> 39
 -2.786740e+01 -7.084887e+00 7.598432e+00 -3.411535e+00 -9.483418e+00 -1.459268e+00 1.619358e+00 -8.944806e-01 8.544061e-01 -2.062650e+00 -1.597102e+00 -1.131375e+00 5.746841e-01 -1.552813e+00 -1.332553e+00 -1.282715e+00 -3.801166e-01 2.413404e-01 7.115105e-01 1.387985e+00 1.247952e+00 1.094082e+00 5.839399e-01 2.999845e-01 3.440572e-02 1.406439e-02 1.629840e+00 2.052164e-01 -2.643094e-01 -6.974038e-02 -3.394631e-01 -1.070264e+00 -9.229673e-01 -1.799350e-01 -6.005815e-01 -3.223867e-01 2.678195e-02 4.785947e-02 -3.688210e-03
<VARIANCE> 39
 1.305847e+01 1.584992e+01 1.561600e+01 2.351429e+01 1.182833e+01 3.184212e+01 1.909439e+01 1.871055e+01 1.589963e+01 1.738516e+01 1.220543e+01 1.413252e+01 1.190846e-02 1.250648e+00 1.205759e+00 1.130352e+00 1.484273e+00 1.479690e+00 1.710248e+00 1.791715e+00 1.175625e+00 1.728197e+00 1.847311e+00 1.205922e+00 1.166101e+00 2.285566e-04 3.563647e-01 1.626354e-01 2.425935e-01 3.792675e-01 2.806636e-01 3.570890e-01 3.695890e-01 2.615898e-01 3.079834e-01 4.004036e-01 1.741519e-01 2.862553e-01 6.059635e-05
<GCONST> 7.211332e+01
<MIXTURE> 6 7.877278e-02
<MEAN> 39
 -3.094797e+01 -2.317673e+00 4.102732e+00 -1.303596e+01 -5.193197e+00 1.464931e+00 -2.530107e+00 -2.544897e-01 -1.941447e+00 -1.416241e+00 3.686926e-01 -2.318740e-02 6.478264e-01 2.347039e+00 -5.012422e-01 2.500129e-01 1.486229e-01 -2.314027e+00 -1.496693e+00 -7.052128e-01 -1.420161e+00 -7.909174e-01 -7.690473e-01 -8.027177e-01 -4.188164e-01 -2.141247e-02 1.555854e+00 2.102588e-02 2.328886e-01 1.712231e-01 -6.186477e-01 -1.092069e+00 -6.964816e-01 -4.007944e-01 -7.192679e-01 -4.511890e-01 -3.778997e-01 -3.387318e-01 -2.865928e-03
<VARIANCE> 39
 6.504180e+00 1.352131e+01 1.405955e+01 2.831146e+01 1.850419e+01 1.898067e+01 1.607305e+01 1.641483e+01 2.585615e+01 1.608786e+01 2.037054e+01 1.094536e+01 1.073819e-02 1.551202e+00 7.396348e-01 1.496066e+00 7.561722e-01 1.917538e+00 1.483555e+00 1.623866e+00 1.208723e+00 1.136222e+00 1.306718e+00 8.388901e-01 8.097007e-01 7.774731e-04 2.424804e-01 2.218198e-01 2.204466e-01 2.362894e-01 3.138116e-01 4.334485e-01 2.848325e-01 2.521405e-01 3.256903e-01 4.940113e-01 3.594725e-01 2.529695e-01 1.206956e-04
<GCONST> 7.155761e+01
<MIXTURE> 7 7.316361e-02
<MEAN> 39
 -1.824369e+01 -3.184130e+00 6.051823e+00 -1.977160e+00 -1.037770e+01 -8.368376e+00 -5.996203e+00 -9.927161e-01 -2.392387e+00 -5.249145e+00 -3.432860e+00 9.866206e-01 4.993899e-01 -5.814387e-01 -8.107117e-02 4.320660e-01 1.765271e-01 -2.301327e-01 -9.064754e-03 5.638647e-01 3.816372e-01 -2.412236e-01 -1.268889e-02 5.543808e-01 2.152799e-01 4.629299e-03 1.170507e+00 -4.474573e-01 -3.795652e-01 -7.537558e-02 6.197895e-03 -1.983076e-01 -6.489381e-01 -6.499904e-02 -1.156119e-01 7.520442e-02 1.032475e-01 -8.345621e-02 1.036434e-02
<VARIANCE> 39
 1.956038e+01 1.480890e+01 1.795565e+01 2.273305e+01 3.063715e+01 1.973199e+01 1.868468e+01 2.184791e+01 1.615937e+01 2.126453e+01 7.487320e+00 8.108724e+00 5.525179e-03 2.256472e+00 5.010822e-01 1.261125e+00 1.589879e+00 2.539178e+00 2.119742e+00 1.872693e+00 9.606155e-01 1.478452e+00 1.324654e+00 7.774596e-01 5.417355e-01 6.045934e-04 2.438196e-01 1.746497e-01 2.062932e-01 2.975777e-01 5.470344e-01 5.454838e-01 3.358358e-01 5.113994e-01 3.114932e-01 4.662966e-01 1.769746e-01 1.903464e-01 1.089425e-04
<GCONST> 7.264394e+01
<MIXTURE> 8 6.505515e-02
<MEAN> 39
 -2.309001e+01 -1.210126e+00 6.548028e+00 -7.926008e+00 -5.078656e+00 -1.336399e+00 -7.653559e+00 -2.968640e-01 -9.989824e-01 -6.152266e+00 -1.647865e+00 1.310665e+00 4.869724e-01 -2.930643e+00 -1.066126e+00 -1.077294e+00 -3.897473e-01 1.128163e+00 1.949752e+00 1.479593e+00 3.981676e-01 8.198878e-01 1.072180e+00 7.258891e-01 2.390980e-01 9.671731e-03 1.076843e+00 -3.852518e-01 -2.540065e-01 1.095069e-01 -6.123662e-01 -7.494027e-01 -8.408429e-02 -3.898530e-02 -5.161505e-01 2.162391e-01 -6.309187e-02 -3.634194e-01 1.246173e-02
<VARIANCE> 39
 1.205137e+01 2.227142e+01 1.882157e+01 9.970760e+00 1.411597e+01 1.950809e+01 2.200606e+01 1.389055e+01 1.003772e+01 9.543036e+00 7.309130e+00 8.407432e+00 1.629281e-02 1.348308e+00 2.141834e+00 1.678867e+00 8.557256e-01 1.969119e+00 1.684589e+00 2.092932e+00 2.706635e+00 2.088698e+00 1.948100e+00 2.435483e+00 1.252878e+00 4.703379e-04 3.214400e-01 2.402199e-01 3.989002e-01 2.644208e-01 2.652648e-01 4.540584e-01 3.113030e-01 2.652638e-01 2.362258e-01 2.238869e-01 3.133217e-01 1.840737e-01 2.453198e-04
<GCONST> 7.409506e+01
<MIXTURE> 9 7.025406e-02
<MEAN> 39
 -3.103956e+01 1.424013e-01 2.821826e+00 -1.000987e+01 -8.063345e-01 3.326843e-01 -2.744053e+00 8.940834e-01 -5.181917e+00 -1.220101e+00 -2.272805e+00 -3.133112e+00 6.829892e-01 -7.962259e-01 -8.967360e-01 -9.183738e-01 -2.081193e-01 -2.989587e-01 7.207381e-01 1.017376e+00 9.102616e-01 6.626109e-01 3.800153e-01 -2.055811e-01 3.829932e-01 1.023831e-02 1.558456e+00 -3.246607e-02 1.331534e-01 2.787220e-02 -1.187729e+00 -1.330012e+00 -5.840497e-01 -5.728954e-01 -2.587401e-01 -2.228332e-01 -4.396722e-02 2.206508e-01 -7.117973e-03
<VARIANCE> 39
 6.472277e+00 2.458915e+01 2.168990e+01 1.094781e+01 2.780053e+01 1.227277e+01 1.448180e+01 1.926657e+01 2.536602e+01 9.571418e+00 8.852407e+00 9.235819e+00 6.492047e-03 1.940281e+00 8.072308e-01 1.767866e+00 6.059526e-01 1.612234e+00 1.690966e+00 7.789631e-01 1.129354e+00 1.501643e+00 7.514393e-01 7.472310e-01 8.699678e-01 2.836610e-04 4.631350e-01 2.318031e-01 1.550608e-01 1.512500e-01 4.376087e-01 2.620524e-01 2.807246e-01 3.155323e-01 4.403211e-01 1.645314e-01 1.523832e-01 1.313904e-01 6.198081e-05
<GCONST> 6.465579e+01
<MIXTURE> 10 7.759519e-02
<MEAN> 39
 -2.378815e+01 -5.241536e+00 1.056361e+01 -3.776216e+00 -1.194282e+01 -3.196306e+00 -2.880198e+00 -4.437205e+00 -5.229916e-01 -2.185208e+00 -4.542680e+00 -1.419252e-01 5.782012e-01 -4.040565e+00 -6.091803e-01 3.864650e-02 8.164430e-02 9.555067e-01 2.165369e+00 1.762533e+00 2.804955e-01 5.982007e-01 1.215113e+00 3.422869e-01 -8.028429e-01 1.011291e-02 1.421371e+00 -5.545176e-01 -8.072990e-01 -1.625119e-01 2.634993e-02 -9.254015e-01 -5.906005e-01 7.010601e-01 -3.456751e-01 -2.505006e-01 4.608338e-01 -1.949240e-02 1.137764e-02
<VARIANCE> 39
 1.290179e+01 6.527051e+00 1.397348e+01 1.174255e+01 9.877407e+00 1.466574e+01 1.539166e+01 1.510232e+01 2.023957e+01 1.060333e+01 8.275628e+00 1.312561e+01 1.086450e-02 2.814995e+00 2.120934e+00 1.834013e+00 3.201282e+00 1.710447e+00 2.595888e+00 3.698488e+00 1.317787e+00 2.815585e+00 1.412749e+00 1.061044e+00 1.407853e+00 5.632551e-04 3.891851e-01 2.898466e-01 2.919177e-01 4.416008e-01 2.791962e-01 4.685569e-01 3.894733e-01 4.847007e-01 5.363840e-01 3.324886e-01 4.360811e-01 2.772451e-01 1.532060e-04
<GCONST> 7.754902e+01
<MIXTURE> 11 5.669372e-02
<MEAN> 39
 -3.200495e+01 -1.949643e+00 5.098679e+00 -1.078191e+01 -5.158229e+00 2.247320e+00 -7.801954e-01 -8.031505e-01 -4.752998e-01 -2.556921e+00 4.769508e-01 -1.628603e+00 6.249967e-01 -2.013745e-01 -8.605196e-02 -7.567243e-02 7.958493e-02 1.701956e-01 1.594747e-02 2.437128e-01 2.354591e-01 5.988267e-02 6.899976e-02 -2.066030e-01 1.910167e-01 -3.895457e-03 5.588219e-01 5.653977e-02 1.227266e-01 2.545432e-02 -2.207589e-01 -3.302072e-01 -1.280137e-01 -3.028670e-01 -2.239223e-01 -7.673947e-02 5.405264e-03 1.955197e-01 -8.450070e-03
<VARIANCE> 39
 4.650760e+00 3.858700e+00 2.379639e+01 2.861515e+01 6.023510e+00 1.466375e+01 1.486822e+01 1.723831e+01 1.428274e+01 6.616561e+00 9.882618e+00 1.312537e+01 2.158395e-02 4.904514e-01 2.825171e-01 4.511777e-01 5.942534e-01 2.774756e-01 1.260594e+00 1.119235e+00 8.855604e-01 1.567232e+00 1.245092e+00 1.205059e+00 1.624042e+00 9.836680e-04 1.073618e-01 2.945735e-02 7.595025e-02 1.169994e-01 1.487684e-01 3.640856e-01 1.907411e-01 2.480440e-01 1.999621e-01 1.210925e-01 1.876922e-01 2.329281e-01 9.669199e-05
<GCONST> 5.421609e+01
<MIXTURE> 12 9.195646e-02
<MEAN> 39
 -3.195933e+01 -1.745286e+00 5.079612e+00 -1.251121e+01 -1.528486e+00 2.097543e+00 -4.070000e+00 3.196868e+00 4.798304e-01 -3.290433e+00 2.458847e+00 1.835865e+00 6.427036e-01 -7.078357e-01 -9.593516e-01 -6.127453e-01 -1.741594e-01 -3.022159e-01 3.418503e-01 3.536027e-01 6.463715e-02 6.339205e-01 5.747312e-01 5.006926e-01 3.972203e-01 1.146413e-02 1.456617e+00 -7.951757e-02 3.860720e-02 1.191268e-01 -9.361272e-01 -1.060983e+00 -5.291501e-01 -6.334559e-01 -5.305167e-01 -3.635786e-01 -6.165535e-01 -3.091003e-01 -1.178017e-02
<VARIANCE> 39
 7.556154e+00 7.762474e+00 1.899104e+01 1.087403e+01 2.074179e+01 1.030122e+01 6.968184e+00 1.528310e+01 1.573367e+01 2.272694e+01 1.075817e+01 6.446721e+00 1.467425e-02 1.551947e+00 1.045667e+00 1.653723e+00 8.922089e-01 2.563833e+00 2.504085e+00 1.990592e+00 1.421498e+00 1.681892e+00 1.197908e+00 1.627307e+00 1.070045e+00 6.049373e-04 3.311209e-01 2.231214e-01 2.093660e-01 1.712705e-01 2.447472e-01 2.568179e-01 2.769015e-01 3.172930e-01 3.621572e-01 4.192483e-01 2.465251e-01 1.695660e-01 1.219585e-04
<GCONST> 6.942205e+01
<MIXTURE> 13 5.415583e-02
<MEAN> 39
 -2.162035e+01 -1.438633e+00 6.345985e+00 -4.875681e+00 -1.125368e+01 -1.210656e+01 -5.092094e+00 -5.825385e+00 -8.975808e+00 -9.253517e+00 -4.844241e+00 -1.299780e+00 5.674911e-01 7.524747e-01 -3.058401e-01 -5.919296e-01 -3.034011e-01 -9.605099e-02 -6.211659e-01 -5.949394e-01 2.356907e-01 4.329296e-01 1.797230e-02 -1.405648e-01 -1.277279e-01 5.458316e-03 1.450677e+00 -6.282322e-01 -4.615611e-01 -2.716426e-01 -4.992883e-01 -3.596503e-01 -6.372794e-01 3.303475e-01 4.130193e-01 4.899750e-01 9.350082e-02 -1.409267e-01 1.458595e-02
<VARIANCE> 39
 7.872901e+00 9.579233e+00 1.568559e+01 1.854936e+01 3.578587e+01 2.482818e+01 2.394404e+01 1.332442e+01 2.580730e+01 1.081635e+01 1.078831e+01 2.900295e+01 4.296820e-03 3.109096e+00 4.669045e-01 9.241620e-01 1.644525e+00 9.152732e-01 8.522171e-01 2.325920e+00 6.430919e-01 2.058930e+00 1.571781e+00 1.720822e+00 1.501566e+00 3.407259e-04 3.319052e-01 1.774064e-01 2.811460e-01 3.516083e-01 1.984597e-01 1.343189e-01 3.021612e-01 1.731151e-01 3.199969e-01 6.323706e-01 5.214390e-01 3.490769e-01 9.353839e-05
<GCONST> 7.094061e+01
<MIXTURE> 14 4.259272e-02
<MEAN> 39
 -2.768233e+01 8.245344e-01 2.561110e+00 -1.186531e+01 5.077023e-01 -3.388648e+00 -1.722151e+00 -8.863190e-02 -5.954042e+00 -4.735464e-01 -2.400665e+00 -1.494682e+00 5.210296e-01 -3.641779e+00 1.345913e-02 -1.083088e+00 -1.219666e+00 1.833776e+00 2.021530e+00 1.361354e+00 1.421037e+00 7.626419e-01 1.736802e+00 5.873616e-01 -1.778993e-02 1.012284e-02 1.550688e+00 -7.131941e-01 -4.038070e-01 1.452217e-01 -1.042907e+00 -7.567087e-01 -6.196093e-01 -3.753771e-01 3.981804e-01 -4.027317e-01 -6.454276e-02 1.311828e-01 9.261512e-03
<VARIANCE> 39
 2.231154e+01 1.543663e+01 1.190045e+01 1.254191e+01 7.719289e+00 2.422782e+01 8.834273e+00 1.060057e+01 2.103755e+01 1.168803e+01 1.312149e+01 1.078028e+01 2.354623e-02 2.735138e+00 2.758487e+00 2.867840e+00 8.684945e-01 1.985947e+00 2.144040e+00 2.011448e+00 1.182698e+00 1.859935e+00 2.379214e+00 1.873289e+00 1.892493e+00 2.463239e-03 5.219111e-01 3.079438e-01 3.907447e-01 3.666650e-01 3.549695e-01 6.763975e-01 2.197314e-01 5.299948e-01 8.313409e-01 3.108442e-01 3.464046e-01 1.759732e-01 4.588417e-04
<GCONST> 8.181342e+01
<MIXTURE> 15 5.296717e-02
<MEAN> 39
 -2.708555e+01 4.740150e+00 6.011292e+00 -1.204888e+01 -2.690261e+00 -6.628592e+00 -8.616883e+00 -3.478295e+00 -9.059496e+00 -4.214290e+00 -4.382535e+00 -4.343751e+00 6.435791e-01 -3.089986e+00 -2.697089e-01 1.340564e-01 7.630976e-01 2.069832e+00 3.039668e+00 1.296516e+00 8.281857e-01 7.990710e-01 4.136420e-01 2.390040e-01 -1.376743e-01 1.561225e-02 1.090059e+00 -8.932437e-01 -3.320665e-01 -1.593047e-01 -7.939630e-01 -2.217761e-01 3.513087e-01 2.355437e-01 2.870807e-01 1.896219e-01 1.327869e-01 5.344193e-01 4.898509e-03
<VARIANCE> 39
 6.550693e+00 1.318421e+01 2.839568e+01 1.401295e+01 2.516477e+01 2.580793e+01 1.958097e+01 2.613514e+01 3.270388e+01 1.206343e+01 1.058932e+01 1.423261e+01 1.170916e-02 1.629712e+00 8.885764e-01 1.316169e+00 5.632546e-01 2.437824e+00 1.358299e+00 1.081335e+00 2.241998e+00 1.238316e+00 8.031694e-01 1.149415e+00 1.377866e+00 3.306187e-04 2.259552e-01 1.722350e-01 3.540853e-01 1.715721e-01 3.895807e-01 4.450298e-01 3.787517e-01 5.025843e-01 4.609792e-01 2.468618e-01 3.464222e-01 2.777386e-01 9.911744e-05
<GCONST> 7.278319e+01
<MIXTURE> 16 5.949966e-02
<MEAN> 39
 -3.052698e+01 -3.105031e+00 -5.599371e-01 -1.348679e+01 -8.264890e-01 -2.585704e+00 -5.203782e+00 2.507436e+00 -1.473007e+00 -3.062820e-01 -1.390475e+00 -9.795149e-02 6.960678e-01 3.005929e-01 -4.854768e-01 -4.326285e-01 -4.314457e-01 -1.010624e+00 -4.369339e-01 -5.727501e-01 -3.961366e-01 3.426339e-03 -1.768985e-01 4.912094e-02 -1.512263e-01 -1.205546e-02 4.216160e-01 1.350036e-02 -1.727516e-03 1.066691e-01 -1.056075e-01 -1.240331e-02 1.214572e-01 -1.096943e-01 -1.336747e-01 -2.689699e-02 -2.314887e-02 -1.652435e-01 -1.100049e-02
<VARIANCE> 39
 4.749061e+00 2.082051e+01 1.470521e+01 9.978787e+00 1.468684e+01 1.458282e+01 1.828262e+01 1.858228e+01 1.547508e+01 1.665967e+01 1.313577e+01 1.132352e+01 1.814303e-02 1.227811e+00 6.208080e-01 9.737341e-01 4.024957e-01 1.000747e+00 1.134353e+00 1.153001e+00 8.374305e-01 7.147248e-01 1.250470e+00 9.119473e-01 4.706703e-01 4.172684e-04 2.058813e-01 1.335931e-01 1.699498e-01 1.648623e-01 2.116001e-01 2.423920e-01 2.657275e-01 2.796912e-01 1.483572e-01 2.230668e-01 2.456607e-01 1.437079e-01 5.567879e-05
<GCONST> 5.985735e+01
<STATE> 4
<NUMMIXES> 16
<MIXTURE> 1 6.923819e-02
<MEAN> 39
 -2.379670e+01 -1.136199e+01 -9.805663e-01 -3.508622e+00 -6.915658e+00 -6.099629e+00 -4.291015e+00 5.203327e+00 2.013978e+00 -3.158699e+00 -1.987168e+00 2.135269e+00 5.199748e-01 1.195882e+00 -1.293598e-01 -1.693685e+00 -4.187865e-01 1.405534e+00 4.546518e-02 -1.118499e-01 -1.241489e-01 5.365499e-01 5.430605e-01 2.100924e-01 2.462029e-01 -3.925408e-02 1.161237e+00 8.099812e-01 1.392670e-01 -4.684389e-03 2.927610e-01 1.349249e-01 -3.553322e-01 -9.396910e-01 -5.735639e-01 2.202986e-01 -1.262298e-02 -2.857396e-01 -1.186431e-02
<VARIANCE> 39
 1.356076e+01 1.455752e+01 2.233389e+01 2.406718e+01 1.870278e+01 1.341200e+01 2.195053e+01 2.167577e+01 1.475284e+01 1.362291e+01 1.184199e+01 9.070325e+00 2.178173e-02 5.606536e+00 3.212607e+00 3.089101e+00 2.131594e+00 2.025090e+00 3.982525e+00 3.203431e+00 4.050376e+00 1.829544e+00 1.339704e+00 1.110279e+00 8.327617e-01 4.067303e-03 5.134128e-01 5.829425e-01 4.038954e-01 5.416400e-01 2.691119e-01 5.406724e-01 3.588940e-01 2.637690e-01 2.743258e-01 2.804666e-01 3.007640e-01 1.481727e-01 3.992210e-04
<GCONST> 8.531947e+01
<MIXTURE> 2 7.501292e-02
<MEAN> 39
 -1.477429e+01 -6.059743e+00 5.328087e+00 -8.435518e-01 -1.328782e+01 -1.033027e+01 -3.449524e+00 -3.263987e+00 -4.740566e+00 -1.554930e+00 -1.209047e+00 -2.163215e+00 5.573322e-01 4.139592e+00 7.910985e-03 -1.705536e+00 1.219001e-01 3.989244e-01 -2.380306e+00 -2.586131e+00 3.952059e-01 2.975131e-02 -7.527099e-01 -1.259707e-01 3.877052e-01 4.948703e-03 4.253939e-01 -3.214447e-01 -5.983021e-01 -2.072633e-01 5.248486e-01 1.215600e-01 -5.130951e-01 2.448060e-01 5.228992e-01 -2.809120e-01 -1.677176e-01 2.352183e-01 9.146226e-03
<VARIANCE> 39
 2.241476e+01 5.992375e+00 1.969691e+01 1.301373e+01 8.676873e+00 1.644910e+01 1.020099e+01 2.013737e+01 2.426499e+01 1.970085e+01 1.017925e+01 1.089630e+01 8.320679e-03 5.356415e+00 9.838764e-01 2.377841e+00 9.708992e-01 1.661693e+00 3.788212e+00 2.999255e+00 2.362661e+00 1.426298e+00 1.409880e+00 1.925668e+00 1.860621e+00 4.161681e-04 2.529464e-01 8.620036e-02 2.589063e-01 1.279007e-01 2.958831e-01 4.481286e-01 3.633400e-01 1.765190e-01 1.579815e-01 2.029796e-01 1.963076e-01 1.941128e-01 6.064183e-05
<GCONST> 7.056776e+01
<MIXTURE> 3 3.325026e-02
<MEAN> 39
 -2.118787e+01 2.571434e+00 1.028523e+01 -7.012112e+00 -7.655987e+00 -3.998685e+00 -9.302519e+00 -1.947381e+00 -5.335304e+00 -7.826194e+00 -6.005297e-01 -1.502893e+00 5.202050e-01 3.059407e+00 -9.872564e-01 -3.244552e-01 8.209478e-01 -2.554582e+00 -2.321377e+00 4.033503e-01 -2.401941e-01 -6.786140e-01 -6.443390e-02 1.355581e-01 3.030708e-01 6.348232e-04 8.781177e-01 -5.517299e-01 -3.731217e-01 2.974344e-01 -2.430917e-01 -4.185078e-01 1.299796e-01 2.705811e-02 6.310090e-02 -4.023933e-02 -4.601355e-02 -7.700943e-02 1.202294e-03
<VARIANCE> 39
 1.498542e+01 8.850245e+00 2.073395e+01 7.525202e+00 1.931856e+01 2.029453e+01 1.375682e+01 4.119310e+01 1.040044e+01 1.651409e+01 9.207450e+00 1.178904e+01 1.263863e-02 1.420381e+00 7.117659e-01 7.362403e-01 2.456460e+00 2.810771e+00 1.385459e+00 2.356617e+00 2.926771e+00 1.193373e+00 1.848673e+00 6.254409e-01 3.370519e-01 2.883530e-04 2.417294e-01 4.611500e-02 2.388819e-01 1.378098e-01 4.775662e-01 4.432304e-01 2.089053e-01 3.246740e-01 5.077098e-01 4.950248e-01 1.767390e-01 2.216900e-01 9.950701e-06
<GCONST> 6.607324e+01
<MIXTURE> 4 9.078117e-02
<MEAN> 39
 -2.706615e+01 -8.684046e+00 2.779934e+00 -7.015932e+00 -1.137407e+01 -4.027994e+00 -9.604610e-02 5.229441e-01 -7.689255e-02 -1.152670e+00 -6.834621e-01 8.488244e-01 6.115970e-01 1.197005e+00 -2.320231e-01 -5.481701e-01 6.959922e-01 -1.089615e-01 -5.933468e-01 2.065527e-01 3.694141e-01 -4.281453e-01 3.274574e-01 2.047332e-01 -1.200134e-01 -8.736596e-03 1.232715e+00 3.750166e-01 2.170030e-01 5.448672e-01 2.997123e-01 -4.448842e-01 -7.642796e-01 -2.242067e-01 -4.083107e-01 -2.708857e-01 -9.568644e-02 -2.884900e-01 -5.282218e-03
<VARIANCE> 39
 1.021101e+01 1.386007e+01 1.342799e+01 1.225541e+01 1.232454e+01 2.413991e+01 1.365788e+01 1.318108e+01 1.318968e+01 1.420830e+01 1.145633e+01 1.061643e+01 1.314436e-02 1.470863e+00 1.009520e+00 7.470863e-01 1.829816e+00 1.488424e+00 2.768701e+00 1.497257e+00 9.094944e-01 1.089286e+00 1.461645e+00 9.847962e-01 8.621472e-01 4.196504e-04 4.383404e-01 2.253132e-01 1.919304e-01 1.468568e-01 1.769495e-01 5.081760e-01 5.157493e-01 2.037442e-01 4.132386e-01 1.675376e-01 2.420379e-01 1.688861e-01 9.626793e-05
<GCONST> 6.762056e+01
<MIXTURE> 5 7.810842e-02
<MEAN> 39
 -1.331826e+01 -3.630957e+00 5.098392e+00 -2.965277e+00 -1.195618e+01 -1.175165e+01 -8.488249e+00 -8.764141e-01 -5.636640e+00 -7.340744e+00 -2.510947e+00 7.313460e-01 5.841455e-01 3.530869e+00 -1.638290e+00 -1.985669e-01 -2.057035e-01 -1.086196e+00 -1.011356e+00 -1.362286e+00 6.989189e-01 3.989293e-01 -7.128488e-01 -8.579696e-02 2.877207e-02 1.766958e-02 -1.214154e-01 -3.124408e-01 -9.394148e-02 2.604419e-02 1.441444e-01 5.714714e-01 1.199818e-01 1.542613e-01 1.949039e-01 2.051625e-01 -5.917989e-02 -3.037659e-01 4.653721e-04
<VARIANCE> 39
 1.182505e+01 1.219366e+01 7.444730e+00 3.249984e+01 1.859818e+01 2.090597e+01 1.235030e+01 2.054757e+01 1.422599e+01 1.064676e+01 1.259546e+01 8.528236e+00 7.596327e-03 1.427572e+00 9.663032e-01 9.247053e-01 1.985955e+00 1.530821e+00 1.417229e+00 3.106397e+00 1.497409e+00 2.349153e+00 2.173260e+00 2.262087e+00 1.445135e+00 4.731009e-04 2.696699e-01 1.569134e-01 1.946154e-01 1.258433e-01 3.274409e-01 3.395047e-01 3.416800e-01 2.585425e-01 1.239514e-01 1.581981e-01 3.148206e-01 1.773376e-01 2.641237e-05
<GCONST> 6.799909e+01
<MIXTURE> 6 7.728420e-02
<MEAN> 39
 -2.337634e+01 -7.220959e+00 7.483180e+00 -4.297549e+00 -1.282427e+01 -2.695810e+00 7.269660e-01 -1.062160e+00 -1.903716e+00 -7.327091e-01 -1.869852e+00 -4.933351e-01 5.655639e-01 3.442905e+00 -2.963432e-01 -9.474530e-01 1.126395e+00 -8.544169e-01 -2.678854e+00 -5.437159e-01 -1.028998e-01 -1.093860e+00 -3.210685e-01 6.206776e-01 -4.182825e-01 3.151179e-03 1.589053e+00 -6.496804e-02 -5.307235e-01 -5.017681e-02 2.824119e-01 -8.616873e-01 -1.487376e+00 2.328246e-02 2.581099e-02 -9.206181e-01 7.699165e-02 2.314762e-01 5.603781e-03
<VARIANCE> 39
 1.613007e+01 6.850636e+00 1.853834e+01 1.426436e+01 1.130689e+01 2.862067e+01 1.441106e+01 1.803438e+01 1.555584e+01 1.554084e+01 8.121318e+00 6.186578e+00 1.584055e-02 3.893759e+00 8.813052e-01 1.267855e+00 1.163074e+00 1.565194e+00 1.003363e+00 3.062498e+00 9.467867e-01 8.312422e-01 2.065143e+00 1.041324e+00 1.265189e+00 4.312859e-04 3.934333e-01 1.866668e-01 3.447340e-01 2.514184e-01 2.442407e-01 3.025855e-01 8.823165e-01 2.556670e-01 3.819904e-01 4.003993e-01 1.733683e-01 1.747132e-01 1.294376e-04
<GCONST> 7.128608e+01
<MIXTURE> 7 5.290229e-02
<MEAN> 39
 -2.491681e+01 -3.318495e+00 5.173444e+00 -1.345317e+01 -7.003690e+00 -1.164704e+00 -5.369655e+00 -9.946010e-01 -3.078494e+00 -4.973272e+00 -1.401211e+00 -8.570610e-01 5.355843e-01 5.935401e+00 -1.214459e+00 6.277284e-02 1.057590e-01 -3.598890e+00 -3.556812e+00 -1.919094e+00 -1.069563e+00 -1.729033e+00 -9.749529e-01 -1.576649e+00 -7.420290e-01 -6.646455e-03 9.574870e-01 -6.334711e-01 -1.742044e-02 -2.509399e-01 -2.858215e-01 -5.641856e-01 -3.618433e-01 4.713793e-01 -4.302171e-01 3.278126e-01 4.550733e-02 -3.291836e-02 1.789241e-02
<VARIANCE> 39
 1.990447e+01 1.555952e+01 1.677215e+01 2.309402e+01 1.330163e+01 1.941657e+01 1.942428e+01 1.353627e+01 2.169809e+01 1.022801e+01 1.331717e+01 2.024327e+01 1.659036e-02 1.316471e+00 2.010626e+00 2.950129e+00 1.712121e+00 2.276836e+00 1.586018e+00 2.057905e+00 3.148496e+00 1.832964e+00 3.189315e+00 1.524060e+00 1.549883e+00 1.417443e-03 4.666778e-01 2.434043e-01 2.158306e-01 1.988480e-01 4.588627e-01 6.023638e-01 3.217379e-01 4.018557e-01 4.447587e-01 4.260572e-01 5.608731e-01 3.644787e-01 1.524813e-04
<GCONST> 8.251571e+01
<MIXTURE> 8 8.008320e-02
<MEAN> 39
 -2.414156e+01 -4.931828e+00 4.527407e+00 -8.537110e+00 -2.204144e+00 -5.113761e+00 -7.245974e+00 1.716089e+00 -2.864353e+00 -2.414418e+00 -1.220159e+00 -1.472705e+00 5.745465e-01 1.282411e+00 2.293392e-01 -7.523332e-02 6.859354e-01 5.040760e-02 3.320997e-01 1.720121e-01 -4.388021e-01 2.372443e-01 -2.503210e-02 2.273333e-01 1.365720e-01 -5.711442e-02 5.407240e-01 9.339526e-02 -4.637468e-01 1.150276e-01 -1.216681e-01 1.558472e-01 1.509477e-01 -1.129011e-01 2.109002e-01 -3.772304e-03 -1.494445e-01 1.779617e-01 -1.855442e-02
<VARIANCE> 39
 3.975320e+01 1.546180e+01 3.239450e+01 4.342757e+01 1.271571e+01 2.697050e+01 2.412243e+01 2.876676e+01 2.676419e+01 2.100729e+01 1.968797e+01 2.038601e+01 2.036601e-02 1.328005e+00 7.010358e-01 1.680262e+00 3.540008e+00 1.682116e+00 1.552240e+00 1.677745e+00 1.543330e+00 3.289339e+00 1.230327e+00 1.887692e+00 2.034829e+00 3.171337e-03 3.951788e-01 1.458200e-01 1.752742e-01 6.908908e-01 3.007977e-01 4.324008e-01 2.790970e-01 2.248458e-01 5.214282e-01 2.522446e-01 3.238826e-01 3.960654e-01 6.028232e-04
<GCONST> 8.550384e+01
<MIXTURE> 9 6.551806e-02
<MEAN> 39
 -9.960447e+00 -5.807358e+00 -3.665003e-01 -5.800055e+00 -1.292719e+01 -1.410339e+01 -1.011377e+01 -5.414718e+00 -4.702718e+00 -4.365151e+00 -4.451876e+00 -3.439987e+00 5.812914e-01 5.773839e+00 -1.845581e+00 -2.652205e+00 -5.684623e-01 1.551111e-01 -1.679268e+00 -3.001580e+00 -2.800251e-01 9.561269e-03 1.096333e+00 -6.896639e-01 -2.223424e-01 2.493864e-02 -6.917683e-01 -1.316648e-01 -6.496648e-02 -5.037727e-01 5.123181e-01 1.220738e+00 2.884983e-01 1.702216e-01 3.100987e-01 4.821971e-01 1.513348e-01 3.612318e-01 7.302683e-03
<VARIANCE> 39
 2.295840e+01 1.491741e+01 1.861903e+01 3.230355e+01 3.984689e+01 2.099031e+01 1.485369e+01 1.315304e+01 2.749854e+01 2.092408e+01 8.857452e+00 1.042107e+01 1.140336e-02 2.070764e+00 2.111911e+00 2.708006e+00 2.544317e+00 3.352411e+00 7.285174e+00 1.980932e+00 5.231997e+00 7.179750e+00 4.112416e+00 2.007225e+00 2.866084e+00 5.498808e-04 5.267872e-01 3.298859e-01 1.298853e-01 4.213450e-01 8.994959e-01 4.741491e-01 2.924610e-01 7.380975e-01 5.709743e-01 5.983660e-01 4.420362e-01 2.639958e-01 8.714847e-05
<GCONST> 8.928103e+01
<MIXTURE> 10 6.182859e-02
<MEAN> 39
 -7.967933e+00 -8.776567e+00 1.031602e+00 8.417606e-02 -1.132478e+01 -1.609361e+01 -8.745562e+00 1.110085e+00 -3.790900e+00 -6.146142e+00 -4.223609e-01 2.815389e-01 5.977936e-01 5.591051e+00 -1.358171e+00 -2.822254e+00 2.493216e-01 1.700202e+00 -2.490956e+00 -4.986252e+00 1.107437e+00 1.191586e+00 -1.961082e+00 5.274084e-01 4.141816e-01 2.785391e-02 -5.947094e-01 -3.457458e-01 -3.879347e-02 -5.063517e-01 3.877015e-01 8.614508e-01 -2.322732e-01 4.069040e-02 4.956263e-01 8.971325e-02 -5.221885e-02 1.161403e-01 4.859021e-03
<VARIANCE> 39
 1.615852e+01 4.646363e+00 1.290236e+01 9.164680e+00 1.059435e+01 2.760281e+01 1.611274e+01 1.019662e+01 8.100067e+00 1.415136e+01 1.247151e+01 1.516336e+01 1.242366e-02 1.638591e+00 1.221299e+00 2.206908e+00 1.350360e+00 1.882770e+00 2.176569e+00 4.934611e+00 1.554786e+00 1.198614e+00 2.785522e+00 1.234701e+00 9.656671e-01 5.483055e-04 4.919524e-01 1.498735e-01 3.780587e-01 2.281811e-01 1.807948e-01 2.519676e-01 6.390556e-01 1.779230e-01 2.139055e-01 3.809724e-01 2.184590e-01 3.163365e-01 7.403250e-05
<GCONST> 7.123988e+01
<MIXTURE> 11 5.326616e-02
<MEAN> 39
 -2.748222e+01 -9.057261e+00 7.391535e+00 3.900421e-01 -1.044818e+01 -5.006001e+00 2.102919e+00 -3.950316e-01 -2.878033e+00 -2.516296e+00 -2.532391e+00 -3.463398e+00 6.180978e-01 1.521096e+00 -1.990754e-01 -5.500281e-01 7.498276e-01 -1.989482e-02 -1.155767e+00 -9.099226e-01 7.096042e-01 -5.108853e-01 -2.831729e-01 5.454327e-01 2.016745e-01 -1.390951e-02 1.561617e+00 4.039160e-01 -1.371804e-01 -2.322593e-01 -2.024177e-01 -8.983233e-01 -8.252748e-01 -1.153826e-01 -1.719637e-01 -2.670631e-01 2.416208e-01 4.987366e-01 -5.975827e-03
<VARIANCE> 39
 6.120416e+00 8.569981e+00 2.999334e+01 1.361816e+01 1.003323e+01 1.248842e+01 1.823348e+01 1.813202e+01 1.953974e+01 8.308829e+00 1.485670e+01 8.228117e+00 6.770219e-03 1.944129e+00 1.440112e+00 1.826511e+00 9.133512e-01 4.998833e-01 1.398040e+00 1.058013e+00 9.521047e-01 1.811222e+00 1.020615e+00 7.146304e-01 8.847398e-01 2.109124e-04 3.986738e-01 1.386928e-01 6.049311e-01 1.802576e-01 9.599069e-02 4.702177e-01 3.601754e-01 2.846211e-01 1.346540e-01 3.214742e-01 1.879903e-01 1.232543e-01 4.011446e-05
<GCONST> 6.254842e+01
<MIXTURE> 12 6.370685e-02
<MEAN> 39
 -2.284496e+01 -1.210719e+00 -1.126144e+00 -8.861895e+00 -1.105666e+00 -6.418650e+00 -5.629083e+00 -2.227607e+00 -1.534562e+00 -7.190115e-01 -2.456429e+00 -5.320921e-01 5.455109e-01 3.203372e+00 5.065900e-01 -1.903099e+00 -3.890464e-01 4.663925e-01 1.373383e-01 -9.812553e-01 -6.401604e-01 -7.993162e-01 6.546076e-01 -4.899223e-01 -2.602755e-01 -2.873067e-02 1.144546e+00 -3.084148e-01 1.004539e-01 -1.089089e-01 -8.618478e-01 1.363169e-01 -1.674777e-01 -2.346049e-01 -2.699383e-01 -3.048442e-01 -2.257990e-01 -1.389605e-01 5.547285e-03
<VARIANCE> 39
 4.362534e+01 4.057055e+01 1.323771e+01 4.788408e+01 2.109422e+01 3.844151e+01 3.435286e+01 1.222870e+01 6.724206e+01 1.696386e+01 1.727834e+01 1.579119e+01 2.062255e-02 5.292797e+00 2.763921e+00 1.468469e+00 2.966953e+00 3.681403e+00 5.002452e+00 4.182652e+00 2.822742e+00 5.460573e+00 2.639112e+00 4.591506e+00 2.484036e+00 3.230513e-03 6.934935e-01 5.090034e-01 4.307450e-01 7.884707e-01 3.530844e-01 1.497552e+00 1.055391e+00 3.782894e-01 7.779009e-01 4.551736e-01 7.127873e-01 6.413298e-01 5.578582e-04
<GCONST> 1.030278e+02
<MIXTURE> 13 4.264215e-02
<MEAN> 39
 -2.535296e+01 -6.781390e+00 6.418512e+00 -5.306718e+00 -1.542242e+01 -4.314242e+00 4.922876e-01 -2.950405e+00 -2.204917e+00 -3.164147e+00 -1.885009e+00 -1.299722e+00 6.199701e-01 5.473653e+00 -5.364491e-01 -1.849424e+00 1.244838e+00 -8.100333e-01 -3.734114e+00 -2.083539e+00 -9.125926e-01 -1.614300e+00 -5.072888e-01 -7.459864e-01 -7.939086e-01 -2.330555e-02 1.267490e+00 -1.187241e-01 -5.979475e-01 -2.831688e-01 9.576157e-01 -8.697072e-02 -1.297355e+00 6.269111e-02 3.508261e-01 -1.859927e-02 -2.697560e-01 -6.116149e-02 3.088031e-03
<VARIANCE> 39
 1.868726e+01 1.761168e+01 6.415948e+00 2.814367e+01 1.633927e+01 2.840545e+01 1.601061e+01 7.625028e+00 2.810643e+01 1.175796e+01 5.483135e+00 1.027421e+01 1.612826e-02 2.854626e+00 1.821984e+00 2.269845e+00 4.977173e-01 2.691933e+00 4.186257e+00 4.040722e+00 1.054521e+00 2.730502e+00 3.786130e+00 1.152900e+00 1.655426e+00 3.555486e-04 3.132010e-01 3.750854e-01 2.273895e-01 2.785165e-01 3.837293e-01 7.236672e-01 4.664955e-01 4.044473e-01 8.707210e-01 6.292455e-01 1.103050e-01 4.316145e-01 1.335362e-04
<GCONST> 7.958458e+01
<MIXTURE> 14 6.204830e-02
<MEAN> 39
 -1.854573e+01 -9.077649e-01 9.104087e+00 -9.488950e+00 -1.559698e+01 -8.769210e+00 -7.159828e+00 -8.801016e+00 -8.531160e+00 -4.809197e+00 -1.818125e+00 -3.043419e+00 5.803747e-01 5.144636e+00 -1.728838e+00 -1.408234e-01 2.762785e-01 -2.707334e+00 -3.273576e+00 -9.679129e-01 -4.338519e-01 -1.606124e+00 1.742599e-02 2.197433e-01 -4.018859e-01 5.554351e-03 9.673741e-02 -6.002709e-01 -4.936366e-01 7.936333e-02 4.892413e-01 1.755653e-01 -1.070390e-01 9.724068e-01 9.882496e-02 1.144099e-01 2.449275e-01 5.254453e-02 7.891159e-03
<VARIANCE> 39
 3.138277e+01 9.301243e+00 1.114635e+01 1.992471e+01 1.890556e+01 6.502080e+00 1.773255e+01 1.217633e+01 3.509965e+01 1.880926e+01 1.898492e+01 1.290683e+01 2.764091e-02 1.681557e+00 1.232703e+00 2.774992e+00 1.536153e+00 1.266241e+00 3.138170e+00 1.128603e+00 1.613397e+00 1.108524e+00 3.421258e+00 9.609795e-01 6.719826e-01 5.170104e-04 8.095024e-01 1.977253e-01 2.185370e-01 1.486909e-01 3.597408e-01 5.980430e-01 4.978368e-01 1.637084e-01 2.026083e-01 2.940264e-01 2.218544e-01 1.570831e-01 4.975426e-05
<GCONST> 7.344657e+01
<MIXTURE> 15 4.638503e-02
<MEAN> 39
 -8.621179e+00 -6.818406e+00 3.278433e+00 -2.685285e+00 -1.548285e+01 -1.287916e+01 -6.517173e+00 -3.875011e+00 -2.569715e+00 -7.153547e+00 -2.377895e+00 2.662772e+00 5.787044e-01 2.464234e+00 -1.050362e+00 -1.312885e+00 -9.421299e-02 -4.915150e-01 -8.546600e-01 -5.790239e-02 8.572890e-01 3.988299e-01 -1.278913e-02 -5.510609e-01 -1.395084e-01 1.055215e-02 -5.717685e-01 2.639604e-01 -1.944154e-01 -1.280774e-02 7.867038e-01 5.529947e-01 -1.231776e-02 1.311010e-01 -1.818350e-01 1.894886e-01 -1.334643e-01 -4.154090e-01 -7.962676e-03
<VARIANCE> 39
 1.480351e+01 5.419432e+00 1.661430e+01 2.871123e+01 1.519798e+01 7.685795e+00 3.675214e+01 1.691773e+01 3.386026e+01 3.091107e+01 1.853498e+01 8.998251e+00 1.028611e-02 1.425162e+00 1.804591e+00 2.162355e+00 2.174958e+00 2.400971e+00 1.108595e+00 9.027959e-01 2.458898e+00 1.197445e+00 1.248268e+00 3.692643e+00 2.728801e+00 3.047247e-04 4.790481e-01 1.312027e-01 3.744142e-01 3.586426e-01 2.657312e-01 2.185048e-01 6.818774e-01 3.866143e-01 4.893970e-01 3.239864e-01 1.752689e-01 1.624555e-01 3.870247e-05
<GCONST> 7.528682e+01
<MIXTURE> 16 4.794407e-02
<MEAN> 39
 -2.581183e+01 -8.181315e+00 5.255320e+00 1.069639e-01 -8.981341e+00 -7.667921e+00 1.161119e+00 1.233435e-01 -1.003578e-01 -2.679854e+00 -6.219804e-01 -4.998460e-01 5.694780e-01 2.612107e+00 8.721682e-01 -6.200151e-01 -2.729957e-01 -3.436980e-01 -1.379000e+00 -1.799014e+00 -9.843059e-01 -9.720213e-01 -1.936023e-01 -1.074059e-01 -1.770826e-01 -1.517431e-02 1.483733e+00 2.467554e-01 -2.870027e-01 -2.110680e-01 -1.199253e-01 -2.490559e-01 -7.161661e-01 -4.289207e-01 -5.030402e-02 -1.119136e-02 -3.557275e-01 -3.005506e-02 -2.624240e-03
<VARIANCE> 39
 8.122549e+00 2.667455e+01 1.433232e+01 1.613376e+01 1.525556e+01 2.411863e+01 3.395586e+01 1.402369e+01 3.377578e+01 1.814974e+01 6.864517e+00 1.147690e+01 6.883775e-03 1.884633e+00 7.831011e-01 5.410149e-01 1.388762e+00 1.689174e+00 1.573716e+00 1.623219e+00 1.149766e+00 8.209607e-01 1.003141e+00 1.479450e+00 6.295130e-01 3.200531e-04 1.741582e-01 2.100314e-01 1.698353e-01 9.525367e-02 1.451697e-01 4.297126e-01 4.845363e-01 4.337230e-01 4.827288e-01 2.604672e-01 1.477839e-01 1.183715e-01 6.230817e-05
<GCONST> 6.620216e+01
<TRANSP> 5
 0.000000e+00 1.000000e+00 0.000000e+00 0.000000e+00 0.000000e+00
 0.000000e+00 7.267950e-01 2.732050e-01 0.000000e+00 0.000000e+00
 0.000000e+00 0.000000e+00 7.412485e-01 2.587515e-01 0.000000e+00
 0.000000e+00 0.000000e+00 0.000000e+00 7.242289e-01 2.757711e-01
 0.000000e+00 0.000000e+00 0.000000e+00 0.000000e+00 0.000000e+00
<ENDHMM>
